0.000899 0.001205 0.001250 0.001191 0.001176 0.000796
0.001371 0.001680 0.001576 0.001677 0.001776 0.001300
0.001282 0.002225 0.002327 0.002114 0.001691 0.000997
0.002528 0.003648 0.003249 0.002602 0.002067 0.001184
0.000697 0.000911 0.000797 0.000742 0.000691 0.000494
0.000825 0.001166 0.001088 0.001038 0.000891 0.000546
0.001179 0.001766 0.001627 0.001470 0.001274 0.000791
0.001139 0.001766 0.001760 0.001448 0.001035 0.000584
0.000947 0.001289 0.001260 0.001078 0.000839 0.000526
0.000575 0.000732 0.000806 0.000792 0.000648 0.000463
0.001028 0.001511 0.001643 0.001601 0.001461 0.000908
0.001867 0.002799 0.002811 0.002330 0.001713 0.000959
0.000962 0.001507 0.001545 0.001286 0.000927 0.000544
0.000967 0.001545 0.001554 0.001290 0.001022 0.000663
0.001796 0.002371 0.002068 0.002287 0.002126 0.001429
0.001491 0.001751 0.001847 0.002394 0.002747 0.001902
0.000805 0.001302 0.001283 0.000961 0.000823 0.000654
0.001480 0.001462 0.002121 0.001992 0.002139 0.001785
0.000916 0.000934 0.000811 0.000966 0.001461 0.001143
0.001185 0.001492 0.001579 0.001414 0.001378 0.000975
0.000626 0.000955 0.000912 0.000693 0.000475 0.000380
0.000817 0.001193 0.001207 0.001147 0.000918 0.000591
0.001009 0.001154 0.000885 0.001289 0.001465 0.001007
0.000637 0.000721 0.000468 0.000742 0.000956 0.000668
0.000839 0.001305 0.001278 0.000988 0.000659 0.000418
0.001329 0.002090 0.002065 0.001700 0.001167 0.000623
0.001402 0.002171 0.002159 0.001881 0.001582 0.000974
0.000749 0.001027 0.000878 0.001118 0.001314 0.000840
0.001194 0.001838 0.001805 0.001504 0.001118 0.000604
0.001786 0.002623 0.002463 0.002176 0.001731 0.000935
0.000590 0.000778 0.000882 0.000718 0.000522 0.000395
0.000493 0.000549 0.000552 0.000531 0.000441 0.000351
0.001530 0.002090 0.002060 0.001924 0.001642 0.001081
0.000934 0.001338 0.001339 0.001224 0.000944 0.000566
0.001570 0.002436 0.002399 0.001950 0.001345 0.000697
0.000993 0.001544 0.001460 0.001133 0.000802 0.000493
0.000896 0.001267 0.001197 0.001503 0.001899 0.001514
0.000432 0.000516 0.000625 0.000598 0.000449 0.000329
0.000642 0.001015 0.001105 0.001030 0.000835 0.000496
0.001433 0.001928 0.001791 0.001935 0.001773 0.001035
0.001188 0.001818 0.001766 0.001375 0.001107 0.000708
0.001507 0.002323 0.002240 0.001836 0.001282 0.000709
0.000733 0.001102 0.001038 0.000816 0.000604 0.000485
0.000887 0.001328 0.001275 0.001013 0.000841 0.000563
0.000728 0.000850 0.001366 0.001631 0.001518 0.001030
0.002400 0.002599 0.002117 0.003304 0.003744 0.002580
0.001798 0.002044 0.001819 0.002213 0.002548 0.001838
0.001217 0.001663 0.001393 0.001753 0.001860 0.001337
0.001338 0.001862 0.001690 0.001713 0.001570 0.001003
0.001540 0.001843 0.001638 0.002086 0.002193 0.001659
0.001814 0.002594 0.002351 0.002033 0.001701 0.000983
0.000489 0.000609 0.000579 0.000465 0.000423 0.000348
0.001006 0.001541 0.001497 0.001144 0.000783 0.000486
0.001177 0.001790 0.001834 0.001774 0.001429 0.000816
0.001437 0.002207 0.002104 0.001836 0.001369 0.000719
0.000982 0.001466 0.001480 0.001224 0.000913 0.000526
0.001400 0.001622 0.001279 0.001887 0.002019 0.001398
0.000902 0.000984 0.000756 0.001144 0.001476 0.001023
0.001206 0.001745 0.001721 0.001639 0.001327 0.000754
0.002360 0.003445 0.003374 0.003032 0.002564 0.001533
0.002477 0.002977 0.002761 0.003106 0.003082 0.002199
0.002189 0.002431 0.002617 0.003525 0.004081 0.002787
0.001361 0.002110 0.002092 0.001745 0.001218 0.000633
0.001440 0.002132 0.002138 0.001892 0.001406 0.000732
0.001570 0.002230 0.002102 0.002105 0.001801 0.001269
0.000789 0.000983 0.000972 0.000992 0.001023 0.000714
0.001161 0.001688 0.001579 0.001392 0.001154 0.000676
0.001783 0.003203 0.004376 0.004604 0.003746 0.002042
0.001773 0.002797 0.002787 0.002297 0.001803 0.001321
0.001288 0.002042 0.001942 0.001532 0.001104 0.000762
0.001741 0.003019 0.003157 0.002854 0.002299 0.001389
0.003134 0.004432 0.004532 0.003944 0.002921 0.001789
0.000762 0.001125 0.001234 0.001078 0.000806 0.000482
0.000567 0.000751 0.000730 0.000699 0.000494 0.000371
0.000827 0.001123 0.001074 0.000937 0.000696 0.000460
0.001993 0.003087 0.003078 0.002558 0.001875 0.000971
0.001320 0.001976 0.001882 0.001776 0.001617 0.000991
0.001492 0.002194 0.002053 0.002050 0.002087 0.001416
0.001027 0.001620 0.001607 0.001321 0.000882 0.000483
0.001491 0.002040 0.002061 0.001932 0.001555 0.000863
0.001104 0.001743 0.001766 0.001684 0.001620 0.001172
0.003218 0.004457 0.004311 0.004864 0.004876 0.002924
0.001853 0.002667 0.002477 0.002088 0.001588 0.000906
0.001686 0.002605 0.002568 0.002178 0.001810 0.001036
0.001574 0.002175 0.002413 0.002717 0.002425 0.001531
0.002607 0.003772 0.003738 0.003266 0.002535 0.001522
0.001402 0.002013 0.001902 0.001677 0.001351 0.000864
0.000842 0.001035 0.001141 0.001129 0.000985 0.000596
0.000864 0.001207 0.001342 0.001319 0.001062 0.000673
0.002496 0.003669 0.003585 0.003102 0.002532 0.001562
0.001053 0.001671 0.001697 0.001412 0.001147 0.000671
0.002050 0.002959 0.002827 0.002644 0.002210 0.001488
0.002879 0.003806 0.003499 0.002950 0.002377 0.001394
0.001541 0.002028 0.001717 0.001824 0.001839 0.001212
0.001812 0.002707 0.002762 0.002402 0.001800 0.000986
0.002012 0.002795 0.002758 0.002188 0.001845 0.001167
0.001121 0.001640 0.001656 0.001460 0.001140 0.000660
0.002038 0.002797 0.002878 0.002727 0.002732 0.002049
0.001546 0.002131 0.002065 0.002449 0.002441 0.001678
0.002544 0.003459 0.002910 0.002913 0.002445 0.001514
0.001494 0.002171 0.002045 0.001807 0.001524 0.001077
0.001790 0.002795 0.002799 0.002415 0.001929 0.001301
0.000877 0.001316 0.001287 0.001111 0.000839 0.000625
0.001261 0.001947 0.001884 0.001487 0.001109 0.000711
0.001308 0.001955 0.001946 0.001687 0.001297 0.000742
0.001721 0.002705 0.002655 0.002180 0.001544 0.000791
0.001198 0.001938 0.001952 0.001635 0.001238 0.000709
0.001549 0.002382 0.002327 0.001921 0.001500 0.000961
0.002138 0.002993 0.002822 0.002647 0.002178 0.001275
0.003269 0.004328 0.004156 0.003680 0.002862 0.001690
0.002171 0.002889 0.002826 0.002936 0.002552 0.001859
0.001143 0.001351 0.001513 0.001557 0.001530 0.001055
0.001426 0.002151 0.002039 0.001667 0.001235 0.000765
0.001485 0.002306 0.002587 0.002612 0.002176 0.001446
0.002967 0.004683 0.004897 0.003889 0.003238 0.001983
0.001952 0.003013 0.003028 0.002489 0.001766 0.000937
0.001458 0.002373 0.002767 0.002610 0.002058 0.001341
0.002231 0.003007 0.002670 0.002355 0.001797 0.001089
0.002391 0.003631 0.003473 0.002790 0.001935 0.001034
0.003166 0.004466 0.004420 0.003645 0.002592 0.001596
0.002260 0.003005 0.002813 0.002516 0.002197 0.001552
0.002358 0.003418 0.003325 0.003138 0.002713 0.001809
0.001442 0.001903 0.001936 0.001933 0.001623 0.001098
0.002335 0.003335 0.003494 0.002808 0.002477 0.001696
0.002800 0.004264 0.004344 0.003715 0.002620 0.001471
0.003044 0.004404 0.004333 0.003592 0.002515 0.001395
0.003317 0.004369 0.004119 0.003819 0.003057 0.001823
0.001410 0.002152 0.002212 0.001959 0.001575 0.000924
0.001342 0.002008 0.002017 0.001864 0.001455 0.000795
0.002286 0.003156 0.003815 0.004229 0.003973 0.002468
0.001415 0.002230 0.002336 0.002087 0.001680 0.000978
0.002869 0.004040 0.004088 0.003725 0.003853 0.002567
0.002728 0.003940 0.003740 0.003106 0.002574 0.001722
0.002012 0.002899 0.002875 0.002553 0.002150 0.001520
0.001308 0.002085 0.002097 0.001787 0.001245 0.000640
0.000395 0.000418 0.000406 0.000397 0.000326 0.000307
0.001291 0.001821 0.001982 0.001878 0.001466 0.000811
0.000901 0.001269 0.001242 0.001023 0.000743 0.000479
0.002423 0.003727 0.003753 0.003212 0.002668 0.001722
0.002271 0.003182 0.003208 0.002812 0.002306 0.001499
0.001313 0.001701 0.001999 0.002057 0.001754 0.001067
0.000635 0.000880 0.000794 0.000742 0.000711 0.000479
0.002421 0.002952 0.002986 0.003523 0.003867 0.003176
0.003101 0.004559 0.004985 0.004054 0.003172 0.001987
0.001808 0.002879 0.002979 0.002905 0.003257 0.002478
0.001504 0.002186 0.002140 0.001931 0.001583 0.001168
0.001858 0.002860 0.002837 0.002319 0.001680 0.001030
0.002169 0.003336 0.003236 0.002572 0.002051 0.001460
0.001647 0.002598 0.002607 0.002178 0.001582 0.000792
0.002797 0.004297 0.004121 0.003344 0.002285 0.001473
0.001892 0.002882 0.002908 0.002641 0.002172 0.001267
0.003381 0.005025 0.005530 0.004780 0.003103 0.001783
0.001581 0.002474 0.002439 0.002169 0.001654 0.000907
0.003503 0.004799 0.004793 0.004121 0.002933 0.001655
0.000949 0.001146 0.001189 0.001177 0.001194 0.000781
0.002214 0.002342 0.002586 0.002690 0.002902 0.001987
0.001258 0.001678 0.001596 0.001592 0.001542 0.001043
0.002441 0.003558 0.003508 0.002952 0.002249 0.001311
0.001437 0.002302 0.002320 0.001977 0.001486 0.000913
0.001091 0.001694 0.001592 0.001245 0.000913 0.000507
0.001741 0.002411 0.002402 0.002333 0.001987 0.001215
0.003257 0.004264 0.004225 0.004088 0.003165 0.002009
0.001567 0.002435 0.002400 0.002120 0.002052 0.001342
0.002411 0.003467 0.003557 0.003259 0.002599 0.001619
0.001930 0.002954 0.003165 0.002812 0.002222 0.001472
0.003368 0.004424 0.004204 0.003672 0.002862 0.001738
0.003157 0.003828 0.003685 0.004607 0.006484 0.005582
0.004174 0.005873 0.005979 0.005267 0.004896 0.002836
0.003536 0.005021 0.005043 0.003961 0.002866 0.001770
0.001377 0.002235 0.002434 0.002160 0.001972 0.001447
0.002282 0.003510 0.003567 0.002999 0.002262 0.001455
0.002291 0.003359 0.003178 0.002597 0.002001 0.001084
0.002431 0.003529 0.003404 0.002867 0.002165 0.001259
0.002189 0.003363 0.004224 0.004518 0.003569 0.001977
0.001676 0.002634 0.002648 0.002244 0.001645 0.000958
0.002334 0.003600 0.003513 0.003132 0.002454 0.001436
0.001888 0.002990 0.002992 0.002542 0.002021 0.001180
0.003761 0.005445 0.005623 0.004491 0.003145 0.001711
0.002780 0.003857 0.003709 0.003680 0.003201 0.001974
0.005089 0.006732 0.006809 0.005511 0.003980 0.002185
0.002297 0.003330 0.003337 0.002785 0.002035 0.001196
0.005669 0.007107 0.006768 0.005567 0.003616 0.001769
0.001860 0.002718 0.002821 0.002342 0.001772 0.001104
0.002446 0.003797 0.003716 0.003006 0.002236 0.001346
0.001805 0.003121 0.003898 0.003615 0.002547 0.001532
0.003677 0.004705 0.004291 0.003759 0.002919 0.001773
0.002813 0.004853 0.005848 0.005176 0.004133 0.002888
0.006040 0.007757 0.008281 0.007793 0.006804 0.004188
0.003753 0.004405 0.004559 0.004410 0.004559 0.003064
0.004449 0.005672 0.005762 0.005157 0.004536 0.002729
0.002437 0.003950 0.003976 0.003344 0.002615 0.001902
0.003303 0.004666 0.004968 0.004061 0.003151 0.001954
0.004663 0.007131 0.008460 0.007898 0.005501 0.002778
0.003301 0.004034 0.003356 0.003955 0.004022 0.002641
0.005677 0.007821 0.006779 0.005613 0.004807 0.002734
0.001433 0.002115 0.002200 0.001979 0.001520 0.000962
0.004493 0.005787 0.005501 0.004587 0.003138 0.001670
0.005395 0.006861 0.007280 0.006541 0.005113 0.002564
0.002329 0.003585 0.003486 0.002844 0.002066 0.001187
0.003283 0.004531 0.004391 0.003839 0.002906 0.001812
0.005672 0.007496 0.007813 0.006307 0.004122 0.002140
0.000952 0.001192 0.001201 0.001408 0.001222 0.000769
0.002913 0.004233 0.004027 0.003229 0.002361 0.001363
0.002494 0.003691 0.003543 0.002926 0.002264 0.001267
0.002248 0.003013 0.002734 0.002706 0.002263 0.001512
0.000966 0.001408 0.001408 0.001071 0.000801 0.000516
0.002472 0.003725 0.003595 0.002981 0.002384 0.001518
0.004054 0.004385 0.003371 0.003927 0.003971 0.002657
0.002386 0.003012 0.003113 0.002976 0.002546 0.001751
0.003578 0.005498 0.005672 0.004117 0.003456 0.002216
0.003951 0.005089 0.005851 0.005437 0.004141 0.002896
0.003598 0.004382 0.004976 0.006155 0.006661 0.004485
0.004170 0.005428 0.005527 0.004586 0.003538 0.002016
0.002221 0.003336 0.003272 0.002772 0.002028 0.001117
0.003002 0.004334 0.004301 0.003598 0.002521 0.001465
0.001827 0.002543 0.002644 0.002546 0.002333 0.001470
0.003652 0.004648 0.003578 0.003622 0.004026 0.002643
0.002957 0.003448 0.003240 0.003781 0.003975 0.002747
0.003660 0.005097 0.004932 0.004175 0.003651 0.002366
0.003217 0.004297 0.004248 0.004518 0.003963 0.002472
0.006843 0.010019 0.011687 0.010985 0.007835 0.004345
0.004243 0.004922 0.005641 0.007011 0.005831 0.003787
0.003752 0.004471 0.004759 0.004196 0.003517 0.002329
0.004673 0.006351 0.007060 0.005979 0.004666 0.002764
0.003308 0.003770 0.003846 0.004640 0.004844 0.003189
0.007333 0.007580 0.006946 0.007989 0.007920 0.005002
0.007698 0.008929 0.008764 0.007128 0.004470 0.002355
0.001434 0.001875 0.001931 0.002130 0.001842 0.001148
0.003932 0.005249 0.005003 0.004732 0.003943 0.002448
0.001397 0.001925 0.002035 0.001586 0.001208 0.000796
0.004143 0.005533 0.005567 0.005156 0.004586 0.002653
0.006597 0.010106 0.010653 0.009559 0.006704 0.003282
0.004644 0.006174 0.006023 0.005318 0.004387 0.002722
0.001998 0.003253 0.003885 0.003415 0.002871 0.002041
0.003163 0.005013 0.005182 0.003888 0.002490 0.001486
0.003434 0.005114 0.005518 0.004364 0.002987 0.001830
0.002618 0.003603 0.003140 0.002735 0.002362 0.001568
0.005254 0.006830 0.005814 0.005520 0.004562 0.002742
0.004790 0.006038 0.006006 0.004968 0.003741 0.002549
0.004124 0.005864 0.005555 0.004830 0.004827 0.002941
0.003299 0.004651 0.005398 0.005023 0.003744 0.002232
0.006845 0.009511 0.009834 0.008267 0.005484 0.002930
0.003789 0.005116 0.005563 0.005196 0.004259 0.002814
0.004924 0.006162 0.005796 0.004883 0.004127 0.002423
0.005745 0.007993 0.007329 0.006633 0.006423 0.003737
0.005514 0.007171 0.007052 0.006179 0.005562 0.003257
0.002942 0.004398 0.004600 0.003940 0.002812 0.001652
0.004819 0.006121 0.006138 0.005510 0.004027 0.002332
0.003152 0.003660 0.003527 0.004198 0.003892 0.002469
0.004878 0.007439 0.007657 0.006062 0.003903 0.002165
0.005533 0.007054 0.006388 0.005777 0.004360 0.002367
0.002993 0.004091 0.004154 0.003881 0.003237 0.002080
0.002789 0.004135 0.004048 0.003784 0.003034 0.002269
0.006068 0.009386 0.009815 0.008522 0.006506 0.003687
0.005780 0.008417 0.008336 0.007597 0.005511 0.002732
0.002355 0.003450 0.003925 0.003488 0.003000 0.002128
0.006978 0.008035 0.007566 0.007242 0.007629 0.005579
0.005213 0.007497 0.009668 0.009793 0.007983 0.004754
0.005263 0.005071 0.006332 0.009704 0.009400 0.006124
0.004721 0.005353 0.004857 0.006879 0.006768 0.004575
0.002082 0.002860 0.003231 0.004044 0.003833 0.002705
0.005512 0.007460 0.007662 0.005833 0.004374 0.002503
0.003371 0.004708 0.004899 0.004202 0.003494 0.002426
0.004417 0.006504 0.006936 0.006073 0.004510 0.002680
0.002965 0.004571 0.005047 0.004273 0.003020 0.001745
0.002466 0.003724 0.003545 0.002891 0.002275 0.001363
0.001784 0.002531 0.002407 0.002365 0.002222 0.001558
0.003176 0.004278 0.004685 0.004560 0.003559 0.002250
0.003196 0.004404 0.004592 0.004343 0.004340 0.002954
0.003296 0.004660 0.005242 0.004546 0.003485 0.002299
0.007246 0.010374 0.009501 0.008178 0.007304 0.004440
0.002354 0.003210 0.002923 0.002818 0.002826 0.001871
0.005750 0.008121 0.007877 0.006051 0.003878 0.001960
0.000773 0.001191 0.001117 0.000988 0.000857 0.000559
0.007740 0.009698 0.009389 0.007299 0.004979 0.002598
0.005100 0.006624 0.006567 0.005795 0.005448 0.003283
0.005045 0.007432 0.007623 0.006072 0.004696 0.002648
0.005098 0.006812 0.006791 0.005802 0.004101 0.002153
0.005606 0.007007 0.006789 0.005829 0.004199 0.002212
0.007107 0.008865 0.008353 0.007368 0.007209 0.004911
0.006290 0.008910 0.008044 0.006526 0.004788 0.002617
0.007811 0.008835 0.007534 0.007380 0.007283 0.005116
0.008571 0.010599 0.011156 0.013459 0.017034 0.014224
0.007202 0.011051 0.012541 0.013029 0.011147 0.007177
0.005156 0.006424 0.005760 0.004978 0.004053 0.002354
0.011237 0.013187 0.012063 0.011094 0.009036 0.005433
0.010352 0.014498 0.014214 0.011404 0.008286 0.004780
0.003655 0.005048 0.004986 0.004645 0.003611 0.002085
0.008330 0.009947 0.009687 0.007933 0.005200 0.002688
0.008587 0.010755 0.010345 0.008362 0.005111 0.002342
0.007855 0.009845 0.010182 0.008407 0.006199 0.004101
0.008748 0.012118 0.012534 0.011541 0.008651 0.004334
0.002180 0.003200 0.003271 0.003329 0.003199 0.002202
0.005055 0.006255 0.005812 0.005430 0.004901 0.002810
0.004679 0.006184 0.005995 0.006260 0.006520 0.004020
0.008179 0.010783 0.010882 0.008642 0.005391 0.003060
0.005862 0.008048 0.007610 0.006362 0.004720 0.002538
0.005157 0.007318 0.007065 0.005349 0.003937 0.002242
0.007141 0.009420 0.009691 0.008352 0.006819 0.004018
0.009219 0.012338 0.013303 0.012062 0.008598 0.004306
0.007632 0.010430 0.011777 0.009282 0.007143 0.004369
0.005305 0.007960 0.008421 0.008471 0.007385 0.004209
0.003422 0.004003 0.004835 0.007645 0.008097 0.005571
0.011512 0.015502 0.014738 0.010876 0.008817 0.005635
0.005374 0.007889 0.008813 0.007019 0.006447 0.004833
0.006358 0.009829 0.008977 0.007865 0.006994 0.004306
0.005477 0.007605 0.007902 0.007100 0.007328 0.005071
0.005785 0.007397 0.007493 0.006985 0.005774 0.003404
0.007706 0.010369 0.010479 0.011027 0.009478 0.005529
0.008614 0.010372 0.010011 0.009055 0.007802 0.004451
0.003687 0.004682 0.004043 0.003923 0.003411 0.002067
0.006592 0.009263 0.009800 0.008457 0.005861 0.003069
0.006413 0.009084 0.009024 0.006951 0.004339 0.002241
0.002529 0.003872 0.003899 0.003186 0.002504 0.001578
0.007231 0.008951 0.008839 0.008489 0.007853 0.005641
0.002720 0.004951 0.005923 0.005537 0.004480 0.002711
0.007594 0.009163 0.009345 0.008263 0.005625 0.002881
0.004606 0.005609 0.005697 0.006692 0.005488 0.003264
0.003760 0.005203 0.005102 0.004279 0.004032 0.002669
0.007506 0.010579 0.010205 0.008953 0.006834 0.003697
0.004486 0.005948 0.006194 0.006125 0.004764 0.002709
0.008858 0.011653 0.011548 0.008949 0.006364 0.003160
0.005434 0.006634 0.006090 0.005239 0.004435 0.003075
0.006152 0.008248 0.009237 0.008651 0.007510 0.005031
0.008151 0.009505 0.008607 0.007683 0.006119 0.003457
0.005570 0.006941 0.008970 0.009525 0.007740 0.005244
0.003777 0.005362 0.005500 0.004379 0.003063 0.001684
0.008296 0.010446 0.009897 0.007744 0.004780 0.002180
0.006420 0.008294 0.007784 0.005899 0.004026 0.002115
0.011004 0.013765 0.013631 0.011021 0.006682 0.003079
0.006717 0.008140 0.012273 0.016915 0.017511 0.014166
0.007938 0.012102 0.010442 0.013942 0.014654 0.012786
0.006219 0.007963 0.009302 0.009250 0.007219 0.003799
0.010677 0.014160 0.014279 0.012270 0.009262 0.005765
0.005301 0.006963 0.007181 0.006239 0.005095 0.002932
0.009787 0.012288 0.013353 0.011543 0.008774 0.005255
0.007789 0.009369 0.009225 0.007492 0.005249 0.002737
0.009834 0.012789 0.012292 0.010206 0.006795 0.003723
0.012541 0.015286 0.014439 0.011919 0.009889 0.006461
0.010576 0.012662 0.012363 0.011543 0.008830 0.005711
0.006161 0.008445 0.009751 0.009043 0.006768 0.003610
0.009937 0.011770 0.014175 0.013917 0.010952 0.006962
0.010834 0.013768 0.013245 0.011415 0.008531 0.004946
0.002812 0.003753 0.003899 0.004375 0.003531 0.002212
0.009697 0.012037 0.012609 0.010725 0.007101 0.003330
0.009458 0.011558 0.010876 0.008942 0.005756 0.002574
0.006620 0.010394 0.011004 0.008995 0.006176 0.003122
0.006564 0.008334 0.007739 0.006308 0.004530 0.002788
0.005913 0.007856 0.007570 0.007221 0.005901 0.003098
0.009509 0.011614 0.011045 0.009106 0.005557 0.002821
0.005180 0.006245 0.006475 0.005986 0.004178 0.002292
0.006924 0.009811 0.009939 0.008375 0.008089 0.005619
0.010672 0.011890 0.010358 0.009842 0.007519 0.004736
0.006618 0.008597 0.010359 0.011397 0.009308 0.006192
0.007989 0.010470 0.011816 0.010613 0.010164 0.007636
0.010453 0.014259 0.014888 0.012903 0.009828 0.005241
0.007020 0.009600 0.010210 0.008844 0.006845 0.003666
0.011725 0.014775 0.016816 0.016319 0.012591 0.007326
0.010282 0.013668 0.013437 0.010565 0.006471 0.003125
0.006015 0.008786 0.009060 0.008269 0.005732 0.002985
0.010187 0.013574 0.013964 0.011600 0.007524 0.003792
0.001945 0.002856 0.003187 0.003113 0.002539 0.001517
0.007533 0.010814 0.010639 0.008511 0.005990 0.003298
0.005973 0.008384 0.008288 0.006499 0.004889 0.002556
0.005978 0.007828 0.007985 0.006827 0.006080 0.003670
0.012005 0.014097 0.014152 0.012030 0.008845 0.006057
0.011174 0.016073 0.018305 0.016178 0.011286 0.005960
0.005914 0.006725 0.006895 0.006017 0.004397 0.002423
0.007265 0.009440 0.009083 0.007816 0.006118 0.003926
0.007471 0.010999 0.019327 0.021719 0.018295 0.012274
0.004579 0.007645 0.009008 0.008878 0.006652 0.004362
0.010971 0.013845 0.012643 0.010903 0.007770 0.004771
0.003650 0.005210 0.005935 0.005614 0.004145 0.002355
0.009289 0.012419 0.012337 0.010147 0.007357 0.004006
0.009741 0.013251 0.013551 0.011238 0.007100 0.003481
0.009058 0.013010 0.013244 0.011641 0.009324 0.005645
0.009359 0.011808 0.011544 0.010618 0.007021 0.003779
0.006516 0.007527 0.007374 0.007173 0.007146 0.004670
0.007367 0.009134 0.008716 0.007239 0.005277 0.002752
0.009179 0.010999 0.010915 0.009967 0.008706 0.006021
0.005659 0.007078 0.006697 0.006029 0.004878 0.002733
0.009003 0.011178 0.011881 0.010314 0.007023 0.003519
0.009423 0.011372 0.011809 0.012783 0.010770 0.006548
0.014936 0.016583 0.014197 0.014565 0.012210 0.007854
0.007310 0.009912 0.010270 0.009370 0.007901 0.004875
0.011517 0.016009 0.018247 0.019300 0.016613 0.012002
0.011923 0.016376 0.016356 0.012908 0.009011 0.004543
0.007703 0.009464 0.015269 0.018482 0.015712 0.009815
0.012345 0.013551 0.015473 0.016137 0.013433 0.008724
0.008635 0.012334 0.017748 0.016858 0.011826 0.007845
0.010000 0.012299 0.014297 0.013867 0.012235 0.008372
0.015449 0.019991 0.018920 0.014147 0.008181 0.005340
0.013776 0.020291 0.019982 0.014518 0.011604 0.008315
0.004247 0.005524 0.006652 0.007374 0.006554 0.003977
0.013751 0.017526 0.016242 0.011963 0.007615 0.003835
0.011457 0.013385 0.013367 0.011273 0.007775 0.003856
0.014821 0.020243 0.020578 0.017064 0.011464 0.006148
0.010915 0.013332 0.012446 0.009758 0.007521 0.004404
0.010679 0.012226 0.011521 0.009841 0.007486 0.004544
0.012018 0.015510 0.014411 0.013269 0.009893 0.005946
0.013156 0.016209 0.014755 0.012559 0.008875 0.005500
0.010892 0.016936 0.017726 0.015585 0.014607 0.011883
0.015655 0.018496 0.016237 0.014539 0.011291 0.007197
0.009368 0.012419 0.012535 0.013751 0.012402 0.009597
0.008595 0.008692 0.011743 0.016473 0.017060 0.013756
0.011521 0.014410 0.014373 0.011727 0.008908 0.004918
0.010998 0.015169 0.016201 0.015046 0.011458 0.008471
0.012797 0.016612 0.020294 0.021741 0.017063 0.011188
0.021145 0.024569 0.023266 0.017184 0.009588 0.003977
0.008552 0.013042 0.016432 0.015788 0.012711 0.008624
0.012516 0.018230 0.019763 0.019275 0.016120 0.010839
0.003336 0.005036 0.006549 0.006356 0.004576 0.002365
0.014180 0.019392 0.019497 0.016430 0.011665 0.006426
0.013144 0.017428 0.016603 0.012387 0.007980 0.004073
0.007838 0.009621 0.009337 0.009827 0.010632 0.007776
0.018271 0.021393 0.018809 0.017376 0.014538 0.010835
0.010721 0.014132 0.014842 0.013706 0.011975 0.009208
0.011817 0.013299 0.013358 0.012911 0.011382 0.007867
0.013744 0.016496 0.014727 0.011520 0.010114 0.006667
0.014158 0.016409 0.024182 0.027226 0.021428 0.012037
0.006760 0.012763 0.014572 0.012780 0.010169 0.007370
0.011023 0.015283 0.016936 0.016181 0.013821 0.010597
0.011113 0.012748 0.011733 0.009111 0.006445 0.003199
0.012087 0.015067 0.015146 0.013776 0.011458 0.007241
0.012026 0.016223 0.016984 0.013546 0.009105 0.004922
0.016392 0.024453 0.024127 0.019240 0.012931 0.007452
0.011079 0.015282 0.016460 0.015977 0.012033 0.007305
0.009114 0.011234 0.010231 0.008909 0.007260 0.005077
0.011038 0.013874 0.014561 0.012264 0.008990 0.005719
0.015247 0.020001 0.021548 0.019124 0.014560 0.012479
0.008805 0.010925 0.010636 0.009588 0.007800 0.005067
0.013792 0.018383 0.019288 0.016461 0.011825 0.006985
0.008442 0.010472 0.012961 0.018572 0.018729 0.014065
0.013441 0.017970 0.018930 0.020460 0.016764 0.011010
0.009644 0.012030 0.012778 0.012735 0.011010 0.006711
0.015592 0.021372 0.025351 0.025807 0.022305 0.015433
0.017041 0.021302 0.020388 0.015780 0.011582 0.007952
0.013955 0.020202 0.020247 0.018981 0.014951 0.011474
0.016271 0.018701 0.024486 0.025940 0.023913 0.016921
0.012377 0.017544 0.019111 0.017872 0.016211 0.012682
0.010514 0.015458 0.018397 0.021286 0.018803 0.014216
0.018498 0.023393 0.018157 0.015271 0.012316 0.008490
0.017193 0.022291 0.020014 0.011884 0.008261 0.005286
0.007217 0.009234 0.009867 0.011403 0.011424 0.008144
0.014170 0.016089 0.015427 0.012404 0.008721 0.004872
0.011506 0.013657 0.013333 0.011177 0.008703 0.005696
0.012377 0.017541 0.017956 0.014096 0.009996 0.005366
0.016660 0.020577 0.020627 0.016873 0.012622 0.008370
0.013371 0.016921 0.016923 0.013747 0.010782 0.006691
0.010742 0.017028 0.018239 0.017196 0.014568 0.009527
0.021061 0.025409 0.023935 0.018077 0.010320 0.004913
0.014223 0.024071 0.025977 0.023864 0.017290 0.010356
0.020282 0.029651 0.029543 0.025920 0.016562 0.010837
0.012813 0.015779 0.015898 0.015457 0.014978 0.012529
0.011639 0.010988 0.013167 0.020528 0.022108 0.017275
0.013319 0.018321 0.018521 0.014122 0.010535 0.006439
0.007714 0.014310 0.018041 0.018702 0.020402 0.015716
0.012460 0.016907 0.021067 0.018924 0.012301 0.008353
0.015705 0.019115 0.017794 0.012494 0.006060 0.002929
0.012030 0.019792 0.025139 0.025002 0.022328 0.018013
0.008202 0.015907 0.021302 0.020370 0.014770 0.008463
0.006947 0.008122 0.008647 0.008157 0.006592 0.003515
0.019127 0.033148 0.032516 0.025241 0.021980 0.019797
0.014946 0.019232 0.019225 0.015779 0.009790 0.004762
0.011228 0.014839 0.015143 0.014290 0.015330 0.012506
0.011067 0.015351 0.021974 0.026011 0.021390 0.013596
0.011108 0.011364 0.010190 0.013769 0.012356 0.010116
0.013000 0.015717 0.014131 0.016333 0.015888 0.011892
0.014364 0.018054 0.015785 0.015182 0.014463 0.010392
0.031162 0.029431 0.018669 0.017108 0.019079 0.015725
0.013189 0.017854 0.019763 0.019119 0.016590 0.012844
0.016066 0.022497 0.024739 0.023552 0.021262 0.018109
0.014556 0.019856 0.019566 0.015431 0.009670 0.005151
0.016734 0.022156 0.021745 0.017094 0.011829 0.007440
0.013474 0.014166 0.013879 0.012178 0.011502 0.008300
0.010274 0.016743 0.020725 0.019545 0.014075 0.007818
0.015511 0.022001 0.024939 0.021703 0.015303 0.009642
0.013986 0.019292 0.019229 0.016195 0.014787 0.010455
0.019022 0.017850 0.016167 0.014919 0.012406 0.010422
0.017006 0.022888 0.023203 0.016410 0.008812 0.003696
0.011278 0.013691 0.013680 0.013158 0.011828 0.008247
0.014684 0.017558 0.016121 0.013209 0.009431 0.005739
0.008015 0.011613 0.013577 0.018135 0.016387 0.012558
0.018855 0.027150 0.026546 0.021016 0.016772 0.011680
0.011666 0.014317 0.014726 0.013666 0.010990 0.006640
0.021048 0.021820 0.023525 0.021732 0.017520 0.011265
0.015733 0.016027 0.016201 0.017111 0.015688 0.013495
0.014701 0.020852 0.024255 0.021675 0.018757 0.015310
0.024719 0.028668 0.033317 0.032095 0.020275 0.014265
0.016848 0.022621 0.022649 0.013932 0.006506 0.002515
0.008950 0.016958 0.023302 0.025232 0.023030 0.016518
0.019987 0.025314 0.021907 0.018373 0.013006 0.009992
0.013093 0.017819 0.017787 0.014321 0.011950 0.008356
0.008745 0.012388 0.012332 0.013902 0.014380 0.010779
0.012925 0.019338 0.019985 0.015222 0.010385 0.005510
0.013666 0.016934 0.016666 0.014267 0.011824 0.007699
0.010960 0.011920 0.010423 0.009138 0.008232 0.005647
0.019691 0.021658 0.017788 0.009932 0.006788 0.003970
0.010948 0.013611 0.014586 0.014604 0.010140 0.004997
0.014860 0.018362 0.016799 0.014140 0.010887 0.006745
0.020950 0.025745 0.023400 0.015622 0.007913 0.003584
0.016224 0.022969 0.024494 0.017919 0.009552 0.005143
0.010456 0.014833 0.019114 0.022419 0.020845 0.016287
0.015168 0.018117 0.019775 0.021952 0.014776 0.010845
0.013280 0.013040 0.012847 0.014393 0.016277 0.013065
0.013972 0.017780 0.018013 0.015010 0.011555 0.007810
0.007341 0.006979 0.011483 0.013546 0.012241 0.009111
0.011041 0.011372 0.019428 0.018537 0.013335 0.010034
0.013244 0.017285 0.016772 0.012605 0.008469 0.004558
0.020117 0.023186 0.022339 0.017209 0.009912 0.004570
0.013866 0.016465 0.028380 0.031087 0.025668 0.014368
0.010599 0.012483 0.013265 0.011735 0.008269 0.004543
0.013845 0.021390 0.023676 0.020881 0.014338 0.007643
0.017757 0.027158 0.027034 0.020137 0.012267 0.007066
0.011765 0.014508 0.014438 0.015915 0.018825 0.015974
0.017380 0.021501 0.030567 0.036060 0.027102 0.017609
0.014982 0.016773 0.014481 0.018659 0.023096 0.017476
0.008893 0.020052 0.024732 0.022701 0.015783 0.009622
0.012761 0.010134 0.013270 0.015956 0.013402 0.010362
0.012077 0.010592 0.015263 0.022371 0.020837 0.014122
0.011326 0.012457 0.012621 0.016841 0.018540 0.015505
0.023539 0.030694 0.031131 0.022309 0.012373 0.005975
0.013973 0.018516 0.021487 0.020421 0.016460 0.011337
0.021655 0.031368 0.029896 0.021563 0.014281 0.009282
0.019011 0.021877 0.017005 0.016919 0.016397 0.011363
0.017331 0.031965 0.034773 0.031972 0.020589 0.013234
0.024968 0.026771 0.026565 0.019023 0.010678 0.005009
0.024094 0.026558 0.024996 0.020269 0.014197 0.008597
0.007299 0.009580 0.014290 0.017760 0.017399 0.014894
0.026020 0.026065 0.022291 0.013872 0.005043 0.002252
0.014448 0.015839 0.017006 0.015774 0.014592 0.010633
0.020290 0.024620 0.023037 0.018025 0.012704 0.008228
0.009999 0.007366 0.006998 0.010846 0.015376 0.014961
0.025787 0.027847 0.022464 0.014585 0.009087 0.004659
0.018200 0.021491 0.022279 0.015575 0.008296 0.003712
0.007524 0.010030 0.009624 0.009433 0.007413 0.007086
0.005795 0.007486 0.007773 0.008452 0.007498 0.010914
0.021146 0.026099 0.020282 0.011801 0.018622 0.018141
0.028414 0.033457 0.032185 0.027738 0.018921 0.012259
0.034078 0.030691 0.024810 0.014925 0.008602 0.003761
0.008283 0.008725 0.006894 0.011166 0.013219 0.010551
0.010672 0.013866 0.014991 0.014420 0.015026 0.013283
0.014592 0.014925 0.013691 0.010801 0.010022 0.007164
0.008089 0.008527 0.010434 0.010778 0.009387 0.008259
0.013867 0.018502 0.018061 0.014792 0.012044 0.008007
0.017487 0.023427 0.023507 0.022389 0.018035 0.012638
0.012690 0.011430 0.010421 0.009683 0.008156 0.006536
0.022478 0.023225 0.020110 0.022715 0.022791 0.019543
0.013703 0.017805 0.019509 0.014455 0.009272 0.005587
0.101101 0.092348 0.062823 0.030444 0.018346 0.017446
0.016109 0.020354 0.020128 0.017654 0.013979 0.009915
0.015392 0.018610 0.016428 0.013941 0.012763 0.011810
0.008572 0.010666 0.014166 0.016537 0.016607 0.013606
0.013380 0.012234 0.018645 0.021611 0.020635 0.018055
0.012560 0.015440 0.019086 0.019173 0.017190 0.013654
0.016420 0.023157 0.022790 0.017698 0.011389 0.006542
0.010479 0.010546 0.009582 0.018516 0.021021 0.017583
0.020515 0.013877 0.014574 0.016774 0.018338 0.015369
0.044670 0.042239 0.035833 0.022685 0.014441 0.016735
0.017619 0.012310 0.003686 0.004719 0.007881 0.007069
0.026624 0.024397 0.016883 0.010255 0.008377 0.005449
0.012313 0.016087 0.014859 0.012361 0.011613 0.009326
0.018107 0.024690 0.024147 0.018267 0.011418 0.007078
0.011448 0.021412 0.021602 0.018292 0.015481 0.010287
0.016225 0.022394 0.016867 0.020294 0.019542 0.012094
0.021369 0.020017 0.021020 0.018571 0.016246 0.015064
0.008495 0.009666 0.010738 0.014871 0.016741 0.013671
0.016134 0.015579 0.012355 0.013979 0.016468 0.013269
0.008433 0.008127 0.010862 0.012683 0.012770 0.009352
0.058616 0.057549 0.037634 0.032968 0.021638 0.017832
0.027917 0.025869 0.023623 0.032631 0.030673 0.029680
0.148988 0.113200 0.068885 0.034516 0.018267 0.015172
0.030220 0.029166 0.022562 0.013975 0.009600 0.006642
0.011011 0.014260 0.013432 0.010682 0.008631 0.005580
0.041620 0.032598 0.014362 0.010302 0.007112 0.004747
0.015452 0.016120 0.014716 0.015783 0.015470 0.014431
0.014778 0.018499 0.018212 0.014559 0.010679 0.007285
0.034767 0.029380 0.019793 0.009349 0.006978 0.003957
0.007551 0.008894 0.013404 0.014138 0.010191 0.008584
0.013826 0.008954 0.004819 0.003665 0.002660 0.002080
0.023542 0.023465 0.017942 0.009026 0.006895 0.004225
0.014487 0.018574 0.017691 0.013212 0.008330 0.004348
0.006908 0.010658 0.013401 0.008993 0.010069 0.010601
0.010270 0.013260 0.012713 0.009131 0.007415 0.004731
0.078612 0.068433 0.046514 0.031187 0.020182 0.015532
0.013209 0.018582 0.019378 0.015775 0.012376 0.011248
0.006299 0.005368 0.002839 0.005250 0.006359 0.006744
0.006416 0.006219 0.007359 0.010960 0.009842 0.009885
0.013414 0.018717 0.018662 0.014530 0.013112 0.015809
0.010404 0.010006 0.010844 0.008294 0.007007 0.005958
0.012556 0.013388 0.015107 0.020467 0.017887 0.014913
0.029220 0.030967 0.028005 0.022357 0.023085 0.023360
0.022713 0.022608 0.020353 0.018922 0.015582 0.011949
0.005384 0.006479 0.006911 0.008681 0.008862 0.006492
0.033996 0.029623 0.022734 0.016005 0.009219 0.004059
0.023827 0.031850 0.029567 0.027743 0.023905 0.018710
0.015782 0.017520 0.017303 0.015566 0.013176 0.010163
0.038923 0.035329 0.031469 0.018989 0.013668 0.012147
0.015223 0.017313 0.019112 0.017050 0.014210 0.009850
0.014074 0.017271 0.017580 0.015074 0.012556 0.012043
0.056492 0.050545 0.035230 0.016189 0.009635 0.005677
0.038828 0.036276 0.026924 0.017008 0.011671 0.010224
0.024330 0.020926 0.021948 0.022817 0.018084 0.018614
0.010327 0.009808 0.012753 0.014071 0.017098 0.014555
0.017380 0.018606 0.013568 0.006032 0.008234 0.006268
0.015000 0.018277 0.017888 0.019068 0.015666 0.011683
0.009792 0.017592 0.017627 0.013184 0.026774 0.025567
0.013794 0.021220 0.023976 0.029999 0.035330 0.037761
1.144243 0.178795 0.041873 0.019787 0.018725 0.016295
0.014145 0.010821 0.006701 0.006081 0.009821 0.008191
0.020023 0.019210 0.018363 0.016543 0.014389 0.010109
0.019802 0.017694 0.015383 0.015329 0.014684 0.011836
0.014955 0.016340 0.015179 0.013420 0.011882 0.009151
0.018015 0.022398 0.021089 0.017537 0.013804 0.008956
0.011293 0.015739 0.020400 0.029045 0.021754 0.014820
0.022713 0.026222 0.025221 0.015495 0.006084 0.003357
0.031337 0.022799 0.023391 0.020294 0.017475 0.013381
0.013743 0.013450 0.009493 0.013027 0.013520 0.012324
0.011533 0.010022 0.009805 0.010391 0.010265 0.010555
0.013808 0.017801 0.018099 0.016900 0.013864 0.014110
0.048059 0.044436 0.036285 0.032279 0.024918 0.022164
0.491042 0.110789 0.064664 0.029411 0.015631 0.011917
0.029566 0.028276 0.021118 0.015167 0.010985 0.006536
0.022771 0.024710 0.022126 0.017481 0.012407 0.007939
0.035353 0.023414 0.016416 0.014397 0.011777 0.009310
0.014854 0.015457 0.021485 0.021073 0.011491 0.009111
0.016309 0.019361 0.018228 0.014027 0.008157 0.006707
0.028677 0.022056 0.015238 0.014322 0.010408 0.006114
0.022002 0.021949 0.024602 0.027057 0.030063 0.039751
0.006888 0.009502 0.010730 0.013049 0.013605 0.010210
0.014973 0.017827 0.018112 0.016008 0.012072 0.008222
0.013679 0.017048 0.015535 0.010804 0.009081 0.006201
