0.001306
0.001495
0.002250
0.003032
0.000811
0.001177
0.001689
0.001797
0.001250
0.000935
0.001589
0.002579
0.001583
0.001541
0.002287
0.001910
0.001310
0.001630
0.000885
0.001689
0.000990
0.001265
0.001045
0.000679
0.001330
0.001991
0.002233
0.001012
0.001772
0.002339
0.000956
0.000726
0.002053
0.001364
0.002270
0.001477
0.001308
0.000733
0.001220
0.001807
0.001778
0.002210
0.001162
0.001396
0.001557
0.001890
0.001743
0.001534
0.001776
0.001608
0.002202
0.000714
0.001483
0.001888
0.002049
0.001512
0.001441
0.000884
0.001787
0.003036
0.003047
0.002637
0.002014
0.002082
0.002112
0.001099
0.001619
0.003993
0.002583
0.001896
0.002882
0.004079
0.001209
0.000846
0.001187
0.002834
0.002023
0.002038
0.001633
0.002001
0.001804
0.003962
0.002479
0.002509
0.002411
0.003514
0.001830
0.001291
0.001423
0.003222
0.001672
0.002727
0.003355
0.001651
0.002551
0.002575
0.001637
0.002768
0.001998
0.002761
0.002091
0.002679
0.001317
0.001882
0.002030
0.002529
0.001954
0.002247
0.002694
0.003813
0.002561
0.001576
0.001965
0.002763
0.004208
0.002804
0.002897
0.002692
0.003203
0.004005
0.002803
0.003386
0.002013
0.003228
0.003983
0.003962
0.003811
0.002222
0.001993
0.003705
0.002447
0.003706
0.003478
0.002933
0.002044
0.000530
0.001868
0.001276
0.003360
0.003004
0.002176
0.000983
0.002961
0.004289
0.002785
0.002121
0.002736
0.002964
0.002442
0.003772
0.002719
0.004873
0.002553
0.004401
0.001339
0.002644
0.001499
0.003229
0.002222
0.001608
0.002306
0.003867
0.002381
0.003363
0.002949
0.003672
0.003830
0.005124
0.004384
0.002508
0.003286
0.002986
0.003192
0.003960
0.002627
0.003199
0.002807
0.004890
0.003473
0.005900
0.003203
0.006009
0.002972
0.003349
0.003618
0.003849
0.004954
0.006744
0.004207
0.005195
0.003601
0.004415
0.006673
0.003292
0.005808
0.002084
0.005052
0.006339
0.003254
0.003782
0.006532
0.001243
0.003660
0.003234
0.002979
0.001534
0.003179
0.003436
0.003048
0.004608
0.005014
0.004468
0.004797
0.002961
0.003871
0.002554
0.003142
0.002927
0.004569
0.003998
0.008869
0.004405
0.004165
0.005684
0.003739
0.006071
0.007175
0.001858
0.004431
0.002132
0.004897
0.008620
0.005111
0.003542
0.004462
0.004595
0.003152
0.005161
0.005325
0.005056
0.004799
0.007995
0.004570
0.005091
0.006222
0.005649
0.004247
0.005529
0.003478
0.006390
0.005598
0.003775
0.003791
0.008147
0.006857
0.003410
0.006576
0.007361
0.005702
0.004553
0.003283
0.006135
0.004296
0.005931
0.004453
0.003236
0.002403
0.004152
0.004096
0.004599
0.007891
0.002849
0.006664
0.001169
0.007978
0.005443
0.006140
0.005833
0.005733
0.007050
0.006652
0.006808
0.009077
0.009662
0.005221
0.009433
0.010209
0.004272
0.007830
0.008411
0.008154
0.009912
0.003041
0.005118
0.005339
0.008912
0.006557
0.006230
0.008025
0.010781
0.008581
0.007224
0.005006
0.010686
0.006913
0.007509
0.007081
0.006475
0.009045
0.008422
0.003818
0.007904
0.007378
0.003687
0.007437
0.004825
0.007613
0.004880
0.004766
0.008528
0.005232
0.009149
0.005220
0.006695
0.007169
0.007190
0.004936
0.008253
0.006582
0.010841
0.010603
0.008597
0.007675
0.010770
0.006179
0.009978
0.007813
0.009638
0.011246
0.010064
0.007794
0.011256
0.010440
0.003538
0.009744
0.008571
0.008517
0.006615
0.006617
0.008836
0.005723
0.007822
0.008285
0.008113
0.009585
0.011671
0.007923
0.013356
0.010478
0.007412
0.010727
0.002981
0.008579
0.007006
0.006827
0.011222
0.013785
0.006063
0.007536
0.014453
0.007280
0.010270
0.005176
0.009579
0.010804
0.010628
0.009040
0.006420
0.007095
0.008702
0.006011
0.009444
0.009334
0.011242
0.008373
0.014968
0.012597
0.012003
0.028428
0.010943
0.011676
0.014155
0.012215
0.005430
0.011388
0.010308
0.015475
0.009918
0.008976
0.011561
0.012103
0.013417
0.012982
0.010490
0.008493
0.011118
0.012040
0.015033
0.017813
0.011924
0.014601
0.005419
0.015161
0.012782
0.008147
0.013958
0.011043
0.010659
0.011491
0.017024
0.010403
0.011458
0.009413
0.011308
0.012711
0.017832
0.012501
0.008208
0.010966
0.015693
0.008400
0.014351
0.010206
0.013770
0.010041
0.020986
0.016380
0.016162
0.018149
0.012743
0.014003
0.013592
0.014159
0.008574
0.011178
0.010082
0.012933
0.015819
0.012649
0.014425
0.018161
0.019225
0.019849
0.012013
0.010024
0.012215
0.013253
0.013214
0.013487
0.018971
0.014458
0.007257
0.022046
0.014442
0.013171
0.015882
0.038166
0.011192
0.011949
0.017275
0.013451
0.015598
0.014975
0.015198
0.010827
0.015400
0.017257
0.014076
0.012748
0.015990
0.010595
0.012524
0.010527
0.019700
0.010416
0.020971
0.012210
0.017638
0.024156
0.015101
0.015987
0.015666
0.013232
0.010352
0.013830
0.012434
0.007841
0.014176
0.010960
0.012967
0.017298
0.016962
0.013873
0.012907
0.048410
0.012587
0.008862
0.011241
0.012342
0.017849
0.018709
0.010366
0.017177
0.017769
0.011357
0.021580
0.085113
0.017412
0.010148
0.011438
0.018152
0.019854
0.015560
0.019300
0.013791
0.023873
0.020643
0.020601
0.008430
0.018082
0.012235
0.070102
0.007183
0.019363
0.015723
0.114310
0.063812
0.015376
0.024733
0.024169
0.060715
0.033053
0.032923
0.035148
0.012841
0.017717
0.008612
0.015281
0.012264
0.060602
0.148608
0.089088
0.069363
0.026798
0.100495
0.017131
0.008465
0.012493
0.028787
0.004655
0.016171
0.011330
0.017302
0.014294
0.016007
0.021868
0.007925
0.012972
0.055609
0.028904
0.038706
0.037269
0.020432
0.009687
0.019435
0.011483
0.143062
0.019258
0.054897
0.006315
0.015517
0.013866
0.015511
0.009537
0.053582
0.189539
0.053838
0.034363
0.033557
0.093980
0.012908
0.023542
0.033328
0.031413
0.021341
0.020578
0.086211
0.024636
0.014496
0.049832
0.028418
0.024890
0.016379
0.096095
0.010567
0.099596
0.009448
0.018574
0.058863
0.005713
0.014166
0.011786
0.011320
0.017200
0.014884
0.018269
0.016658
0.007617
0.043992
0.011322
0.030295
0.046793
0.019336
0.019515
0.017194
0.013888
0.014686
0.014426
0.013215
0.253921
0.015434
0.012017
