0.001169 0.001757 0.001743 0.001710 0.001792 0.001440
0.001749 0.002309 0.002205 0.002384 0.002193 0.002413
0.001326 0.002452 0.003033 0.002879 0.002629 0.002203
0.002680 0.004265 0.004185 0.003646 0.002934 0.002365
0.000972 0.001412 0.001283 0.001220 0.001049 0.001132
0.001075 0.001670 0.001549 0.001567 0.001410 0.001248
0.001386 0.002245 0.002311 0.002119 0.001827 0.001608
0.001386 0.002324 0.002419 0.002149 0.001727 0.001367
0.000944 0.001745 0.001940 0.001632 0.001457 0.001009
0.000711 0.001038 0.001158 0.001248 0.001144 0.001004
0.001145 0.001867 0.002078 0.002212 0.002025 0.001933
0.001878 0.003199 0.003524 0.003261 0.002620 0.002147
0.001091 0.001890 0.002095 0.001954 0.001552 0.001260
0.001170 0.001947 0.002114 0.001990 0.001569 0.001456
0.001920 0.003025 0.002713 0.003094 0.002994 0.002519
0.001767 0.002253 0.002419 0.002641 0.003314 0.003285
0.001007 0.001717 0.001850 0.001611 0.001253 0.001358
0.001958 0.002355 0.002842 0.002981 0.002940 0.002993
0.001281 0.001444 0.001388 0.001367 0.001805 0.001942
0.001327 0.001865 0.002115 0.002140 0.001929 0.001723
0.000801 0.001259 0.001416 0.001265 0.000950 0.000816
0.001031 0.001549 0.001691 0.001699 0.001519 0.001280
0.001246 0.001705 0.001401 0.001600 0.002005 0.001937
0.000853 0.001205 0.000959 0.000927 0.001356 0.001384
0.001054 0.001741 0.001815 0.001645 0.001257 0.001037
0.001488 0.002546 0.002749 0.002548 0.001980 0.001496
0.001505 0.002521 0.003030 0.002854 0.002453 0.002086
0.001044 0.001509 0.001338 0.001442 0.001738 0.001833
0.001402 0.002296 0.002460 0.002242 0.001823 0.001434
0.001933 0.003136 0.003250 0.003015 0.002546 0.002024
0.000828 0.001216 0.001348 0.001266 0.000964 0.000864
0.000664 0.000929 0.000914 0.000935 0.000847 0.000787
0.001695 0.002627 0.002628 0.002612 0.002305 0.002198
0.001184 0.001859 0.001784 0.001832 0.001564 0.001284
0.001736 0.002949 0.003110 0.002889 0.002243 0.001676
0.001226 0.002021 0.002072 0.001827 0.001417 0.001160
0.000876 0.001682 0.001946 0.001933 0.002443 0.002849
0.000647 0.000871 0.000950 0.001027 0.000893 0.000801
0.000826 0.001267 0.001631 0.001651 0.001442 0.001219
0.001607 0.002547 0.002413 0.002408 0.002503 0.002227
0.001371 0.002308 0.002398 0.002109 0.001675 0.001375
0.001600 0.002689 0.003046 0.002804 0.002175 0.001688
0.000969 0.001555 0.001573 0.001378 0.001121 0.000938
0.001115 0.001852 0.001909 0.001638 0.001371 0.001048
0.000984 0.001406 0.001743 0.002415 0.002362 0.001836
0.002776 0.003365 0.002876 0.003398 0.004589 0.004048
0.001998 0.002715 0.002613 0.002591 0.003299 0.002851
0.001409 0.002284 0.002201 0.002210 0.002449 0.002291
0.001501 0.002312 0.002325 0.002299 0.002132 0.002061
0.001765 0.002386 0.002281 0.002566 0.002877 0.002944
0.002001 0.003264 0.003109 0.002929 0.002615 0.002198
0.000639 0.000918 0.000984 0.000907 0.000739 0.000817
0.001115 0.001840 0.002133 0.001868 0.001397 0.001173
0.001430 0.002246 0.002410 0.002487 0.002220 0.001839
0.001548 0.002585 0.002863 0.002575 0.002197 0.001756
0.001211 0.001918 0.002012 0.001887 0.001495 0.001191
0.001616 0.002291 0.001929 0.002277 0.002690 0.002412
0.001089 0.001496 0.001183 0.001286 0.001889 0.001981
0.001490 0.002324 0.002343 0.002245 0.002024 0.001696
0.002444 0.003986 0.004120 0.004007 0.003591 0.002956
0.002590 0.003773 0.003597 0.004085 0.003899 0.003743
0.002426 0.003002 0.003315 0.003616 0.004709 0.004907
0.001500 0.002549 0.002764 0.002590 0.002035 0.001554
0.001638 0.002652 0.002785 0.002680 0.002240 0.001778
0.001839 0.002971 0.002908 0.002858 0.002674 0.002086
0.001108 0.001386 0.001459 0.001507 0.001433 0.001503
0.001350 0.002157 0.002219 0.002134 0.001820 0.001486
0.001760 0.003358 0.004866 0.005609 0.005465 0.004558
0.001939 0.003312 0.003508 0.003312 0.002663 0.002406
0.001417 0.002393 0.002681 0.002390 0.001817 0.001594
0.001702 0.003230 0.003940 0.003755 0.003401 0.002844
0.003172 0.005291 0.005397 0.005226 0.004242 0.003191
0.000942 0.001510 0.001668 0.001674 0.001423 0.001170
0.000833 0.001218 0.001144 0.001151 0.000978 0.000846
0.000978 0.001512 0.001518 0.001481 0.001227 0.001040
0.002085 0.003529 0.003842 0.003604 0.002872 0.002163
0.001479 0.002503 0.002659 0.002490 0.002200 0.002075
0.001652 0.002696 0.002878 0.002655 0.002825 0.002344
0.001125 0.001906 0.002294 0.002097 0.001604 0.001229
0.001631 0.002567 0.002580 0.002673 0.002365 0.001962
0.001302 0.002190 0.002402 0.002306 0.002504 0.002010
0.003490 0.005071 0.005378 0.005190 0.006126 0.005662
0.002137 0.003494 0.003428 0.002878 0.002508 0.002056
0.001882 0.003114 0.003361 0.003013 0.002629 0.002247
0.001844 0.002820 0.002797 0.003389 0.003315 0.002763
0.002484 0.004081 0.004632 0.004582 0.003932 0.003067
0.001390 0.002555 0.002854 0.002308 0.002175 0.001570
0.000953 0.001453 0.001589 0.001721 0.001590 0.001380
0.000970 0.001559 0.001812 0.001958 0.001850 0.001612
0.002443 0.003990 0.004450 0.004162 0.003711 0.003052
0.001175 0.002049 0.002328 0.002185 0.001741 0.001430
0.001756 0.003452 0.003680 0.003738 0.003517 0.002521
0.002451 0.004574 0.004971 0.004153 0.003354 0.002741
0.001789 0.002862 0.002398 0.002341 0.002391 0.002400
0.001922 0.003135 0.003424 0.003344 0.002727 0.002041
0.001842 0.003359 0.003674 0.003182 0.002515 0.002344
0.001360 0.002282 0.002320 0.002072 0.001798 0.001464
0.001998 0.003320 0.003612 0.003768 0.003936 0.003670
0.001690 0.002601 0.002783 0.002969 0.003329 0.002705
0.002507 0.003908 0.004077 0.003624 0.003470 0.002925
0.001496 0.002684 0.003106 0.002626 0.002216 0.001894
0.001916 0.003230 0.003533 0.003259 0.003020 0.002307
0.001034 0.001643 0.001820 0.001766 0.001418 0.001106
0.001446 0.002454 0.002554 0.002213 0.001727 0.001302
0.001477 0.002464 0.002659 0.002609 0.002162 0.001476
0.001835 0.003105 0.003460 0.003246 0.002564 0.001913
0.001400 0.002423 0.002602 0.002352 0.001889 0.001557
0.001715 0.002869 0.003061 0.002830 0.002215 0.001849
0.002330 0.003650 0.003589 0.003477 0.003075 0.002452
0.003377 0.005186 0.005150 0.004585 0.003900 0.003003
0.002462 0.003739 0.003525 0.003812 0.003601 0.002850
0.001522 0.001909 0.001944 0.002139 0.002088 0.002040
0.001644 0.002702 0.002748 0.002492 0.002020 0.001723
0.001489 0.002576 0.003339 0.003729 0.003604 0.003077
0.003393 0.005609 0.006072 0.005217 0.004243 0.003419
0.002016 0.003464 0.003773 0.003509 0.002710 0.001977
0.001291 0.002798 0.003731 0.003918 0.003543 0.002896
0.002494 0.003870 0.003615 0.003318 0.002777 0.001951
0.002538 0.004057 0.004453 0.004167 0.003208 0.002343
0.003292 0.005197 0.005385 0.005398 0.004309 0.003231
0.002068 0.003623 0.004034 0.003541 0.002929 0.002640
0.002515 0.004057 0.004518 0.004276 0.004096 0.003153
0.001627 0.002460 0.002512 0.002716 0.002548 0.001909
0.002268 0.003780 0.004718 0.004261 0.003600 0.003224
0.002830 0.005077 0.005494 0.004905 0.003814 0.002816
0.003165 0.005344 0.005438 0.004970 0.003769 0.002680
0.003588 0.005343 0.005135 0.004728 0.004105 0.003240
0.001613 0.002695 0.002876 0.002692 0.002303 0.001884
0.001478 0.002390 0.002633 0.002548 0.002162 0.001770
0.002408 0.003648 0.004123 0.005276 0.005249 0.004007
0.001664 0.002936 0.003261 0.003013 0.002588 0.001896
0.002617 0.004714 0.004786 0.005148 0.004970 0.004813
0.002847 0.004468 0.004740 0.004479 0.003835 0.003383
0.002202 0.003569 0.003720 0.003641 0.003229 0.002592
0.001548 0.002612 0.002728 0.002598 0.002091 0.001588
0.000558 0.000761 0.000713 0.000714 0.000651 0.000612
0.001486 0.002358 0.002521 0.002569 0.002296 0.001880
0.001138 0.001782 0.001784 0.001637 0.001328 0.001144
0.002545 0.004008 0.004508 0.004327 0.003727 0.003121
0.002365 0.003667 0.003979 0.003719 0.003305 0.002900
0.001615 0.002542 0.002773 0.003028 0.002627 0.002009
0.000855 0.001389 0.001403 0.001217 0.001225 0.000989
0.002633 0.003750 0.003595 0.004069 0.004493 0.004657
0.003073 0.004882 0.005862 0.005919 0.004689 0.003336
0.002018 0.003200 0.003673 0.003549 0.003772 0.004124
0.001667 0.002724 0.002766 0.002640 0.002202 0.002187
0.001975 0.003369 0.003596 0.003251 0.002562 0.002044
0.002265 0.003825 0.004047 0.003693 0.002802 0.002352
0.001746 0.003018 0.003341 0.003136 0.002479 0.001856
0.002878 0.004923 0.005203 0.004585 0.003442 0.002706
0.002074 0.003395 0.003572 0.003588 0.003194 0.002573
0.003468 0.005910 0.006682 0.005925 0.004570 0.003061
0.001812 0.003124 0.003351 0.003042 0.002423 0.001937
0.003642 0.006098 0.006180 0.005576 0.004243 0.003076
0.001142 0.001710 0.001770 0.001715 0.001666 0.001718
0.002593 0.003538 0.003680 0.003513 0.003537 0.003454
0.001419 0.002153 0.002107 0.002300 0.002209 0.002179
0.002639 0.004165 0.004282 0.004249 0.003567 0.002753
0.001503 0.002597 0.003102 0.002999 0.002496 0.002040
0.001339 0.002195 0.002234 0.001957 0.001571 0.001274
0.002013 0.003151 0.003036 0.002983 0.002845 0.002466
0.003163 0.004732 0.005232 0.005375 0.004859 0.003877
0.001626 0.002794 0.003121 0.002858 0.002778 0.002453
0.002156 0.003838 0.004576 0.004355 0.003768 0.003106
0.001966 0.003297 0.003949 0.004000 0.003401 0.002882
0.003616 0.005463 0.005074 0.004924 0.004396 0.003401
0.003963 0.004669 0.004299 0.005248 0.007276 0.007390
0.004150 0.006509 0.006955 0.006952 0.005994 0.004867
0.003395 0.005620 0.006254 0.005953 0.004241 0.003291
0.001653 0.003068 0.003547 0.003303 0.002955 0.002492
0.002177 0.003728 0.004521 0.004488 0.003787 0.003038
0.002454 0.003985 0.004069 0.003600 0.002981 0.002332
0.002446 0.003976 0.004200 0.003876 0.003192 0.002398
0.001936 0.003562 0.004697 0.005527 0.005342 0.004372
0.001753 0.002949 0.003504 0.003384 0.002802 0.002179
0.002379 0.004009 0.004341 0.004066 0.003474 0.002669
0.001936 0.003368 0.003767 0.003613 0.002939 0.002381
0.003985 0.006381 0.006659 0.005807 0.004518 0.003208
0.002958 0.004444 0.004501 0.004422 0.004181 0.003421
0.004939 0.007414 0.007945 0.008041 0.006550 0.004245
0.002132 0.003694 0.004366 0.004094 0.003201 0.002512
0.005548 0.008571 0.008317 0.007656 0.006030 0.003810
0.001434 0.003376 0.004051 0.003772 0.003139 0.002473
0.002567 0.004334 0.004581 0.004226 0.003429 0.002752
0.001451 0.003466 0.004648 0.004997 0.004431 0.003421
0.003885 0.005669 0.005279 0.004696 0.004072 0.003012
0.002976 0.005494 0.006714 0.006441 0.005129 0.004395
0.006513 0.009172 0.009221 0.009461 0.008051 0.007136
0.004168 0.005729 0.005712 0.005411 0.005566 0.004734
0.003939 0.006367 0.006986 0.006332 0.005681 0.004645
0.002543 0.004465 0.004917 0.004550 0.003625 0.003306
0.003692 0.005765 0.005962 0.005432 0.004282 0.003525
0.003650 0.006658 0.008771 0.009519 0.008231 0.006017
0.003408 0.005269 0.004612 0.004919 0.005297 0.004094
0.005916 0.008709 0.008379 0.006698 0.006023 0.004643
0.001626 0.002630 0.002802 0.002781 0.002349 0.002038
0.003839 0.006287 0.007055 0.006758 0.005151 0.003491
0.005610 0.008452 0.008650 0.007926 0.007050 0.005060
0.002460 0.004167 0.004420 0.003916 0.003086 0.002281
0.003341 0.005386 0.005467 0.004981 0.004257 0.003445
0.005386 0.008272 0.008971 0.009145 0.007303 0.004717
0.001207 0.001777 0.001607 0.001877 0.001808 0.001651
0.003040 0.004780 0.005230 0.004754 0.003779 0.002850
0.002458 0.004015 0.004505 0.004173 0.003366 0.002600
0.001739 0.003897 0.004233 0.003839 0.003733 0.003208
0.001239 0.002000 0.002221 0.001897 0.001401 0.001021
0.002605 0.004312 0.004438 0.004114 0.003606 0.002966
0.003516 0.005574 0.005130 0.004750 0.005066 0.004656
0.002350 0.003667 0.003994 0.004042 0.003666 0.002774
0.002807 0.005297 0.006705 0.006242 0.005047 0.004167
0.003833 0.006179 0.006391 0.006863 0.006188 0.005069
0.003205 0.005258 0.005503 0.006426 0.007406 0.007508
0.004302 0.006826 0.006822 0.006459 0.005098 0.003454
0.002216 0.003725 0.004065 0.003851 0.003236 0.002480
0.002809 0.004713 0.005236 0.004690 0.003691 0.002655
0.001814 0.002971 0.003152 0.003374 0.003198 0.002708
0.002818 0.005400 0.005584 0.004096 0.004802 0.004705
0.003048 0.004250 0.003922 0.004737 0.004724 0.004759
0.003761 0.006307 0.006338 0.005173 0.004606 0.004225
0.003154 0.004805 0.005193 0.005380 0.005516 0.004783
0.004711 0.008769 0.010792 0.012581 0.011697 0.008516
0.004666 0.006398 0.005858 0.007507 0.007608 0.006700
0.003454 0.005145 0.005640 0.005440 0.004669 0.003857
0.003743 0.006245 0.007749 0.008031 0.006536 0.004896
0.003215 0.004672 0.004599 0.005221 0.005941 0.005678
0.004620 0.008444 0.008039 0.008465 0.009650 0.008847
0.007387 0.010415 0.009906 0.009551 0.007766 0.004967
0.001614 0.002476 0.002414 0.002775 0.002715 0.002226
0.003228 0.005551 0.006315 0.005782 0.005600 0.004733
0.001748 0.002744 0.003042 0.002645 0.002050 0.001453
0.003873 0.006208 0.006563 0.006834 0.006454 0.005439
0.006620 0.010930 0.011500 0.010738 0.008628 0.005514
0.004854 0.007443 0.007374 0.007387 0.006210 0.004422
0.002169 0.004146 0.004900 0.004664 0.004168 0.003428
0.002141 0.005110 0.006232 0.005808 0.004558 0.003344
0.003422 0.005820 0.006370 0.006314 0.004994 0.003730
0.002862 0.004611 0.004370 0.003742 0.003237 0.002709
0.004676 0.006931 0.007867 0.007187 0.006553 0.005399
0.004585 0.007238 0.007200 0.007171 0.005793 0.004598
0.004290 0.006903 0.006757 0.005917 0.005874 0.004752
0.003500 0.005547 0.006311 0.006315 0.005066 0.003661
0.007159 0.011002 0.010972 0.009227 0.006937 0.004646
0.003361 0.005695 0.006230 0.006600 0.005758 0.004554
0.004710 0.007200 0.007155 0.006578 0.005332 0.004638
0.004716 0.007926 0.008889 0.007923 0.007615 0.007030
0.004489 0.007216 0.008094 0.007633 0.007186 0.006289
0.002942 0.005033 0.005722 0.005160 0.004101 0.002771
0.004610 0.006760 0.007321 0.006684 0.005310 0.003782
0.002936 0.004558 0.004666 0.004957 0.005291 0.004533
0.005049 0.008273 0.008991 0.007612 0.005402 0.003658
0.005132 0.007595 0.008054 0.007799 0.006975 0.005087
0.002900 0.004426 0.004938 0.005168 0.004573 0.003849
0.002694 0.004410 0.005154 0.005076 0.004596 0.003854
0.006209 0.010421 0.011299 0.009937 0.008024 0.005295
0.003789 0.007981 0.009276 0.009546 0.008508 0.006136
0.002239 0.003821 0.004906 0.004731 0.004008 0.003788
0.007385 0.009651 0.008968 0.008447 0.008388 0.008164
0.005302 0.008392 0.010250 0.010758 0.009480 0.006994
0.004000 0.006415 0.005530 0.008981 0.010746 0.010030
0.005334 0.006693 0.005571 0.008401 0.007981 0.007287
0.002288 0.003293 0.003684 0.005090 0.005161 0.003970
0.004231 0.007253 0.008449 0.008105 0.006245 0.004618
0.003529 0.006026 0.006111 0.005633 0.004860 0.004253
0.004651 0.007747 0.008029 0.007465 0.005855 0.004920
0.002702 0.005201 0.006100 0.005591 0.004375 0.002960
0.002353 0.003995 0.004482 0.004018 0.003100 0.002623
0.002012 0.002970 0.003336 0.003217 0.003355 0.002688
0.003254 0.004793 0.005578 0.005762 0.005381 0.004384
0.003096 0.004906 0.005275 0.005350 0.005023 0.005444
0.003366 0.005509 0.006031 0.006201 0.005273 0.004336
0.007070 0.011384 0.011371 0.009317 0.008510 0.006236
0.002400 0.003777 0.003782 0.003538 0.003653 0.003155
0.005010 0.007593 0.009278 0.008947 0.006723 0.004254
0.000953 0.001502 0.001702 0.001500 0.001360 0.001180
0.008068 0.011572 0.010917 0.009245 0.007535 0.005132
0.005448 0.007510 0.007699 0.006974 0.006519 0.005087
0.005117 0.008160 0.008543 0.007637 0.007003 0.005535
0.005106 0.008143 0.008210 0.007634 0.006373 0.004369
0.005801 0.008069 0.007829 0.007516 0.006500 0.004529
0.007417 0.010512 0.009926 0.008781 0.009084 0.008611
0.004437 0.008341 0.009535 0.009222 0.007855 0.005389
0.008180 0.010106 0.009249 0.008569 0.008511 0.006907
0.009557 0.011831 0.011699 0.013145 0.015600 0.014500
0.006066 0.009049 0.010979 0.013405 0.013623 0.011974
0.005505 0.007914 0.007202 0.006318 0.005499 0.004168
0.006511 0.012874 0.013095 0.012686 0.011708 0.009621
0.005497 0.012391 0.014931 0.014589 0.011710 0.008902
0.004010 0.005954 0.006047 0.006043 0.005566 0.004239
0.008091 0.011939 0.011022 0.010728 0.008473 0.005761
0.007137 0.010725 0.011436 0.012034 0.009513 0.005439
0.007468 0.011023 0.010960 0.011491 0.009361 0.007024
0.006878 0.010182 0.012881 0.013670 0.012574 0.009315
0.002310 0.003557 0.004262 0.004093 0.004360 0.003473
0.005582 0.007990 0.007154 0.006771 0.006584 0.005561
0.003495 0.006490 0.007107 0.006760 0.007597 0.007366
0.008385 0.012818 0.012321 0.009447 0.007415 0.005235
0.005170 0.007552 0.008902 0.008540 0.007510 0.005486
0.005520 0.008736 0.008631 0.006931 0.005600 0.004267
0.007496 0.011461 0.011211 0.009786 0.009241 0.007318
0.009595 0.014515 0.014563 0.012518 0.010769 0.007186
0.007216 0.010633 0.011891 0.012491 0.010677 0.008404
0.004744 0.007138 0.009269 0.009516 0.009403 0.008161
0.003721 0.004901 0.005957 0.008238 0.009608 0.007676
0.011201 0.016292 0.015863 0.012653 0.010011 0.007885
0.004677 0.008345 0.009739 0.009113 0.007883 0.007813
0.006189 0.010384 0.010420 0.008976 0.008054 0.006347
0.005098 0.007821 0.008729 0.009154 0.008557 0.008464
0.006395 0.009223 0.008489 0.008853 0.008090 0.006711
0.007073 0.011226 0.011498 0.011072 0.009996 0.007657
0.008108 0.011807 0.011184 0.010706 0.008652 0.006532
0.002892 0.005286 0.005734 0.005057 0.004783 0.003989
0.006412 0.009687 0.010324 0.010335 0.008742 0.006407
0.006482 0.009812 0.009999 0.008574 0.006441 0.004230
0.002787 0.004661 0.005076 0.004377 0.003445 0.002971
0.008068 0.010197 0.010170 0.009610 0.008876 0.007202
0.002717 0.005516 0.006771 0.006554 0.005709 0.004527
0.006926 0.009648 0.010101 0.009977 0.008117 0.005271
0.004385 0.006244 0.006586 0.007183 0.007614 0.006470
0.003973 0.006405 0.006411 0.005394 0.005212 0.004202
0.007877 0.012248 0.012192 0.010649 0.009803 0.007090
0.004520 0.007208 0.007061 0.007167 0.006725 0.005277
0.007770 0.010885 0.012188 0.012320 0.010157 0.006638
0.006241 0.008338 0.007417 0.006595 0.006071 0.005223
0.005504 0.008686 0.009884 0.009903 0.009453 0.008860
0.008644 0.011207 0.009990 0.009955 0.008913 0.006774
0.005337 0.008388 0.009635 0.010545 0.009354 0.008110
0.004061 0.006630 0.006843 0.005723 0.004510 0.003347
0.008646 0.012215 0.011358 0.009967 0.007729 0.004724
0.005948 0.008064 0.009405 0.008805 0.006546 0.004340
0.011287 0.015804 0.015006 0.011454 0.009243 0.005863
0.007617 0.008889 0.011449 0.017574 0.018115 0.015745
0.008590 0.013265 0.013275 0.014626 0.014614 0.015756
0.006262 0.009287 0.009075 0.010725 0.010153 0.007877
0.007493 0.011304 0.013938 0.015027 0.013509 0.009974
0.004929 0.007928 0.008496 0.007772 0.006759 0.005009
0.010392 0.013326 0.013860 0.013223 0.011807 0.007612
0.007448 0.011079 0.010679 0.009209 0.007313 0.004940
0.008851 0.013506 0.012805 0.012908 0.011198 0.007485
0.009591 0.013736 0.015463 0.014985 0.012731 0.010697
0.010969 0.015360 0.013661 0.013075 0.011688 0.007982
0.005482 0.008223 0.009670 0.011107 0.010301 0.007644
0.009486 0.013229 0.014542 0.014357 0.011306 0.009274
0.008158 0.012299 0.013623 0.014772 0.013774 0.009673
0.002410 0.004182 0.004801 0.005181 0.005305 0.004223
0.008832 0.012498 0.012700 0.014571 0.012814 0.007986
0.008733 0.012549 0.011933 0.011586 0.009379 0.005658
0.005011 0.008931 0.011689 0.011756 0.009378 0.006743
0.006659 0.009802 0.009638 0.008012 0.006875 0.005065
0.005548 0.008003 0.008910 0.008902 0.008359 0.006513
0.008851 0.011988 0.012362 0.012337 0.009801 0.005962
0.005353 0.007562 0.007591 0.006886 0.005508 0.004376
0.008011 0.010292 0.010799 0.009614 0.008721 0.007360
0.010436 0.013013 0.011697 0.010978 0.010923 0.008553
0.006279 0.010010 0.010879 0.012142 0.010716 0.008277
0.008278 0.012397 0.013553 0.012662 0.011603 0.010881
0.010382 0.016268 0.016187 0.013196 0.010918 0.007271
0.006993 0.010946 0.010880 0.010753 0.009003 0.007155
0.010439 0.015565 0.016880 0.016220 0.013621 0.010112
0.005853 0.012394 0.014085 0.013537 0.010529 0.006955
0.005189 0.007925 0.009785 0.009888 0.008578 0.005868
0.009326 0.013377 0.014073 0.014995 0.012944 0.008229
0.002137 0.003451 0.003806 0.003897 0.003657 0.003006
0.007399 0.011297 0.011586 0.010164 0.008172 0.006773
0.005252 0.007741 0.009437 0.009376 0.007860 0.005584
0.005631 0.008551 0.008967 0.009120 0.008068 0.006764
0.012823 0.015752 0.015201 0.013459 0.010306 0.008673
0.010302 0.016904 0.018710 0.016995 0.012524 0.008028
0.006241 0.008252 0.008055 0.008205 0.006971 0.004749
0.007303 0.010958 0.010783 0.010359 0.009270 0.006863
0.005289 0.010239 0.018451 0.021565 0.019514 0.014053
0.003852 0.006909 0.009025 0.009732 0.009408 0.008030
0.010801 0.015272 0.014267 0.013864 0.012187 0.007948
0.003962 0.006137 0.006877 0.006835 0.005573 0.003951
0.009550 0.013502 0.013207 0.011177 0.009602 0.007635
0.009966 0.014535 0.014350 0.011982 0.008773 0.005462
0.008656 0.013213 0.013938 0.012703 0.011039 0.008117
0.009798 0.013970 0.012759 0.011325 0.008985 0.006087
0.006915 0.009147 0.008847 0.008004 0.007802 0.006652
0.007152 0.009647 0.009799 0.009414 0.007939 0.005366
0.009623 0.012485 0.011952 0.011270 0.010660 0.009809
0.004786 0.007465 0.008021 0.007768 0.007330 0.005587
0.007544 0.010844 0.012375 0.012964 0.010890 0.007597
0.009039 0.011915 0.011657 0.013059 0.013515 0.011951
0.007651 0.013658 0.014519 0.014527 0.012521 0.009308
0.007099 0.009544 0.010800 0.011244 0.009683 0.007710
0.010875 0.016056 0.018033 0.019301 0.017487 0.014510
0.011641 0.017154 0.017292 0.014535 0.012538 0.009059
0.006340 0.009702 0.015081 0.018198 0.016525 0.011335
0.190276 0.014995 0.015522 0.016115 0.014338 0.010924
0.008343 0.012191 0.013676 0.017773 0.017826 0.012770
0.011100 0.014486 0.015579 0.014663 0.015174 0.012863
0.016285 0.020171 0.019696 0.016177 0.010155 0.008683
0.010695 0.015183 0.020961 0.018850 0.015313 0.012962
0.003755 0.006352 0.007411 0.008585 0.007746 0.006071
0.013757 0.016901 0.015868 0.015717 0.012280 0.006987
0.009926 0.013501 0.013479 0.014569 0.012508 0.008082
0.008084 0.016153 0.020006 0.020451 0.017471 0.012025
0.011079 0.014484 0.013734 0.011554 0.009968 0.007048
0.009722 0.013154 0.012719 0.013355 0.011123 0.008092
0.012843 0.017770 0.016361 0.014081 0.011291 0.007991
0.014455 0.017494 0.015954 0.013553 0.010371 0.008278
0.011576 0.016552 0.017748 0.016620 0.013594 0.012931
0.011106 0.016031 0.017183 0.016467 0.015593 0.012646
0.008281 0.013324 0.014199 0.014091 0.012942 0.012271
0.008528 0.010129 0.010202 0.014243 0.017501 0.017933
0.009497 0.012919 0.014511 0.015496 0.014465 0.010768
0.007267 0.012339 0.015079 0.015819 0.014905 0.012448
0.009404 0.015947 0.018810 0.019862 0.017963 0.012688
0.012742 0.022119 0.023572 0.022058 0.016699 0.009691
0.007149 0.012528 0.016237 0.016386 0.014157 0.011232
0.006649 0.015146 0.017944 0.019617 0.019032 0.016083
0.003598 0.005204 0.006723 0.007686 0.006906 0.005195
0.013439 0.019263 0.019625 0.017332 0.013633 0.009306
0.014290 0.018350 0.017613 0.013762 0.011200 0.007682
0.008147 0.011370 0.011451 0.010561 0.011281 0.011328
0.020254 0.021994 0.020820 0.016815 0.017148 0.014989
0.010477 0.015943 0.016159 0.014860 0.014024 0.013465
0.009309 0.012489 0.013654 0.013994 0.014284 0.012797
0.012119 0.014216 0.015531 0.015275 0.012647 0.010883
0.020814 0.015268 0.017776 0.024721 0.022752 0.014632
0.006370 0.010069 0.013613 0.014206 0.012864 0.011432
0.006646 0.012731 0.016114 0.017086 0.016080 0.014264
0.009822 0.013182 0.013189 0.012785 0.010355 0.006673
0.010894 0.015442 0.015612 0.014652 0.015167 0.013102
0.012341 0.017331 0.017457 0.014567 0.012080 0.008558
0.016191 0.022710 0.023472 0.020965 0.015217 0.009699
0.011257 0.017024 0.017063 0.015795 0.013016 0.009090
0.007970 0.009848 0.011489 0.010933 0.010351 0.008637
0.009205 0.011857 0.013716 0.014341 0.013016 0.010258
0.018316 0.021526 0.020216 0.020904 0.018195 0.015874
0.007498 0.011390 0.011466 0.011219 0.010869 0.009326
0.009834 0.014925 0.018887 0.019482 0.016993 0.012904
0.009393 0.011693 0.011137 0.015871 0.019209 0.019202
0.011048 0.017560 0.018468 0.019312 0.017901 0.012550
0.008708 0.012270 0.012763 0.013639 0.013289 0.009995
0.016442 0.019590 0.023875 0.024477 0.023142 0.018730
0.017209 0.021372 0.021500 0.018352 0.012700 0.010353
0.013141 0.019473 0.020877 0.020175 0.016969 0.014113
0.017653 0.020429 0.021987 0.023094 0.021492 0.019324
0.011926 0.016859 0.018673 0.018223 0.017267 0.014900
0.006701 0.012605 0.016001 0.018855 0.021564 0.020417
0.021329 0.021181 0.019897 0.016276 0.014981 0.013589
0.008868 0.018628 0.020432 0.018275 0.012445 0.007245
0.006714 0.009971 0.009954 0.012259 0.012356 0.009878
0.015828 0.017510 0.015433 0.015743 0.013537 0.009948
0.010988 0.012208 0.014041 0.013807 0.011995 0.009539
0.012166 0.017604 0.018403 0.015717 0.013745 0.009864
0.016972 0.020594 0.020770 0.018432 0.013438 0.009996
0.014679 0.018483 0.017779 0.014209 0.010845 0.008228
0.010206 0.016909 0.018413 0.017353 0.014994 0.011518
0.012247 0.022215 0.023966 0.022630 0.017557 0.010351
0.012705 0.022003 0.024804 0.024192 0.019867 0.013343
0.010327 0.023645 0.025972 0.025682 0.023085 0.017760
0.009892 0.015460 0.017134 0.015178 0.015344 0.015433
0.011426 0.012906 0.011683 0.017014 0.021343 0.021618
0.012670 0.016903 0.016771 0.017493 0.014935 0.012048
0.007356 0.011190 0.015706 0.016144 0.019017 0.020340
0.006400 0.012704 0.017490 0.019453 0.017097 0.012589
0.008022 0.016686 0.018769 0.017701 0.012922 0.006825
0.011075 0.018826 0.023092 0.024259 0.022523 0.020251
0.007358 0.010439 0.018290 0.020960 0.019852 0.015527
0.006550 0.009631 0.009935 0.009633 0.009518 0.007564
0.017404 0.119261 0.082315 0.027342 0.020194 0.019882
0.007374 0.016095 0.019047 0.019256 0.016018 0.010468
0.012265 0.015766 0.016082 0.016054 0.015063 0.015935
0.006290 0.013133 0.017531 0.023280 0.024112 0.020361
0.232608 0.012306 0.011305 0.012288 0.013982 0.013575
0.009255 0.014898 0.015263 0.015073 0.018006 0.018086
0.015556 0.018979 0.018407 0.013866 0.016382 0.015643
0.022176 0.027452 0.023112 0.016987 0.018785 0.017062
0.009037 0.015150 0.017293 0.019089 0.018379 0.017178
0.008826 0.018464 0.022530 0.023651 0.022261 0.021041
0.014155 0.020072 0.020564 0.017444 0.011624 0.008319
0.009159 0.018668 0.021408 0.020688 0.016510 0.012185
0.009690 0.013385 0.014350 0.014229 0.013073 0.011903
0.010049 0.017181 0.019735 0.019644 0.015773 0.010017
0.007842 0.017482 0.022623 0.023834 0.020666 0.015253
0.010299 0.016155 0.019292 0.018602 0.017469 0.015480
0.013010 0.017917 0.016476 0.015643 0.015042 0.013921
0.009054 0.019499 0.022109 0.020743 0.015646 0.008946
0.008240 0.013714 0.014395 0.014940 0.014708 0.013592
0.013508 0.017774 0.016850 0.014372 0.011378 0.008218
0.007304 0.012995 0.013710 0.016517 0.018556 0.017317
0.018131 0.024302 0.025989 0.023083 0.017907 0.014365
0.010446 0.014778 0.013925 0.015412 0.014933 0.011286
0.027927 0.020015 0.023663 0.022704 0.018710 0.013956
0.016949 0.016985 0.015332 0.017487 0.015728 0.012928
0.014939 0.018914 0.022913 0.023206 0.020009 0.018211
0.027953 0.027012 0.028758 0.031039 0.023254 0.015464
0.016583 0.021031 0.021849 0.017942 0.010208 0.004966
0.005463 0.011220 0.019729 0.022837 0.024122 0.022140
0.011421 0.021733 0.022944 0.019541 0.016378 0.014193
0.006653 0.014358 0.016765 0.016688 0.014703 0.010265
0.008913 0.012784 0.012759 0.013862 0.015101 0.012244
0.008455 0.014467 0.018830 0.019309 0.016005 0.009792
0.014229 0.014536 0.016804 0.016687 0.015755 0.013899
0.007730 0.011419 0.011942 0.011288 0.010550 0.009458
0.021252 0.022486 0.019857 0.013119 0.009700 0.007569
0.006883 0.012374 0.014503 0.014038 0.011118 0.007813
0.007812 0.016220 0.018480 0.016893 0.013856 0.011092
0.011723 0.022378 0.023624 0.021590 0.015793 0.008682
0.016884 0.021167 0.023666 0.020438 0.013065 0.007461
0.005323 0.011293 0.014889 0.020088 0.021956 0.020975
0.010820 0.015909 0.016981 0.024676 0.015577 0.015585
0.291086 0.015303 0.013511 0.014680 0.015802 0.014402
0.013549 0.018570 0.018156 0.016340 0.012908 0.010323
0.008720 0.008258 0.009329 0.012187 0.014215 0.013929
0.008066 0.011251 0.019847 0.018016 0.014831 0.014038
0.010412 0.014207 0.017220 0.017054 0.013200 0.007294
0.022786 0.022615 0.021964 0.018982 0.013620 0.007211
0.013675 0.016783 0.021078 0.027941 0.027672 0.022526
0.010245 0.014535 0.013927 0.012363 0.009616 0.006714
0.013816 0.018790 0.022796 0.021721 0.016120 0.009817
0.008674 0.020663 0.024471 0.024281 0.019659 0.013602
0.007825 0.012654 0.014766 0.015017 0.018083 0.019532
0.010618 0.018631 0.023209 0.029270 0.031768 0.025539
0.551753 0.016219 0.015846 0.015300 0.019039 0.023471
0.009048 0.018794 0.023218 0.023584 0.019063 0.012213
0.009118 0.012009 0.010984 0.014368 0.016407 0.014113
0.015821 0.010649 0.014023 0.021245 0.021900 0.016393
0.126935 0.013681 0.013031 0.016412 0.017638 0.016858
0.014274 0.024192 0.029358 0.028003 0.020400 0.012334
0.014160 0.018536 0.020819 0.020759 0.017819 0.013734
0.011167 0.021331 0.031548 0.027224 0.019964 0.014399
0.020566 0.022176 0.018974 0.017950 0.017982 0.016551
0.016137 0.026985 0.030889 0.030129 0.024086 0.015022
0.020180 0.025208 0.025040 0.023750 0.018580 0.011099
0.016901 0.024376 0.024936 0.023661 0.019622 0.014283
0.006216 0.008901 0.011699 0.016079 0.016884 0.017866
0.020126 0.025217 0.024658 0.020952 0.012694 0.005297
0.009589 0.015942 0.017220 0.017135 0.017076 0.016344
0.421945 0.023667 0.023061 0.019551 0.014764 0.010893
0.011313 0.010863 0.008607 0.010542 0.015721 0.017158
0.029410 0.026364 0.023826 0.017572 0.011573 0.007433
0.018582 0.020757 0.021415 0.018462 0.011851 0.006201
0.694963 0.009704 0.010777 0.010279 0.009806 0.009051
0.375608 0.007130 0.009234 0.008131 0.009213 0.011224
0.022350 0.023196 0.023737 0.015526 0.017167 0.019329
0.038291 0.028305 0.031310 0.027367 0.022821 0.015292
0.054774 0.025704 0.026572 0.020384 0.011658 0.006434
0.371678 0.009591 0.008442 0.011371 0.014591 0.012915
0.213590 0.014272 0.014858 0.015032 0.015200 0.014850
0.227833 0.018338 0.016089 0.014182 0.012648 0.011518
0.202570 0.009274 0.009906 0.011468 0.010955 0.010863
0.009869 0.015971 0.018386 0.017669 0.014493 0.011228
0.009595 0.019173 0.021080 0.020866 0.021423 0.018710
0.009115 0.013265 0.011304 0.011078 0.009518 0.008260
0.025985 0.024741 0.020875 0.020786 0.022312 0.022453
0.010289 0.015850 0.017393 0.018411 0.014723 0.009189
0.091531 0.092767 0.082520 0.066089 0.019011 0.012839
0.919930 0.019762 0.019975 0.018486 0.015183 0.012487
0.529801 0.017113 0.018360 0.016397 0.014550 0.014127
0.434170 0.011040 0.013600 0.016476 0.016583 0.015700
0.130907 0.013180 0.017147 0.021916 0.020857 0.019735
0.587859 0.013854 0.016864 0.018850 0.018591 0.017328
0.016220 0.022047 0.022674 0.020022 0.013906 0.008432
0.009971 0.011930 0.011048 0.012230 0.018651 0.021016
0.033726 0.017325 0.014549 0.015954 0.018002 0.018622
0.048342 0.040806 0.067055 0.016007 0.012598 0.032852
0.020072 0.016639 0.005662 0.005217 0.006940 0.009545
0.033237 0.024255 0.019326 0.012503 0.010378 0.009011
0.008258 0.013661 0.016355 0.014725 0.013764 0.012486
0.009362 0.020472 0.023217 0.022139 0.017269 0.012406
0.009488 0.015273 0.018535 0.018423 0.015397 0.011998
0.008553 0.018310 0.019231 0.018226 0.021046 0.019561
0.039464 0.023938 0.019715 0.019564 0.017588 0.017642
0.007482 0.009953 0.011384 0.015186 0.016668 0.016994
0.021695 0.019685 0.014311 0.012627 0.015795 0.017669
0.346218 0.008012 0.009865 0.012334 0.013876 0.013735
0.044583 0.033824 0.037726 0.036312 0.029848 0.020012
0.030751 0.148530 0.050168 0.118751 0.028961 0.032357
0.075121 0.123052 0.047021 0.092709 0.029669 0.018051
0.039801 0.025211 0.025070 0.017719 0.010897 0.010256
0.010641 0.014437 0.014277 0.012266 0.009971 0.007910
0.032328 0.033687 0.026389 0.013285 0.011437 0.008417
0.009426 0.015931 0.015544 0.014600 0.016668 0.017316
0.874548 0.018552 0.018724 0.016050 0.011951 0.009572
0.028523 0.030005 0.024665 0.018065 0.009845 0.006116
0.346466 0.008438 0.010271 0.015049 0.012507 0.011541
0.011516 0.013542 0.009276 0.005057 0.004037 0.003527
0.025330 0.024706 0.020708 0.013365 0.008276 0.007429
0.014450 0.019420 0.019044 0.015048 0.010111 0.006403
0.110970 0.009264 0.013666 0.013699 0.010528 0.012918
0.009492 0.011988 0.013831 0.012875 0.009424 0.008339
0.095923 0.074224 0.056334 0.039723 0.029303 0.026003
1.169366 0.015789 0.018879 0.019109 0.015754 0.013701
0.327012 0.005854 0.004948 0.004455 0.008065 0.008394
0.230454 0.006994 0.007526 0.009819 0.011926 0.011846
0.213144 0.015927 0.018836 0.017525 0.014598 0.015445
0.572449 0.010842 0.011924 0.011232 0.008296 0.008944
0.024398 0.014637 0.013020 0.020000 0.019939 0.016735
0.021214 0.029150 0.028716 0.025227 0.021937 0.024186
0.222085 0.022176 0.020844 0.019520 0.018942 0.016236
0.190569 0.007479 0.006995 0.009421 0.010653 0.008823
0.026370 0.029359 0.025989 0.021410 0.015386 0.009535
0.015076 0.026686 0.027361 0.027004 0.024988 0.022428
0.323059 0.229658 0.017107 0.016357 0.013297 0.012464
0.031213 0.032863 0.031390 0.025493 0.017366 0.014226
0.015453 0.016360 0.019006 0.018012 0.016723 0.014453
0.321249 0.015365 0.017388 0.017527 0.015247 0.014355
0.053826 0.049152 0.038170 0.023501 0.012496 0.008315
0.171917 0.033327 0.031200 0.023530 0.015547 0.012412
0.101752 0.022220 0.020930 0.023060 0.019551 0.019833
0.600542 0.011037 0.011971 0.013153 0.015189 0.017669
0.010254 0.018210 0.018427 0.012204 0.008878 0.008336
0.592569 0.016370 0.017969 0.018685 0.018240 0.016257
0.008028 0.013048 0.019212 0.015207 0.019469 0.025852
0.010804 0.020277 0.021926 0.026009 0.031008 0.030395
0.232491 0.061706 0.046167 0.026738 0.017367 0.012071
0.017941 0.014301 0.009286 0.006766 0.008394 0.011965
0.028562 0.018556 0.018921 0.018217 0.016581 0.014511
0.012117 0.018544 0.015668 0.016098 0.015755 0.015937
0.017205 0.017643 0.016146 0.014530 0.013292 0.010283
0.009085 0.019301 0.021462 0.020754 0.018052 0.014546
0.013213 0.014061 0.019948 0.025889 0.022878 0.016794
0.017795 0.024022 0.025349 0.022595 0.013967 0.006741
0.037894 0.024842 0.023138 0.021413 0.017471 0.015578
0.008264 0.014425 0.012146 0.012518 0.015029 0.015187
0.266786 0.010995 0.011467 0.010692 0.011072 0.012545
0.030019 0.028073 0.019158 0.018141 0.016579 0.015113
0.067843 0.028213 0.033622 0.030556 0.026644 0.022905
0.348816 0.354670 0.146861 0.047334 0.024989 0.017604
0.034488 0.027201 0.025377 0.019997 0.014719 0.011175
0.044590 0.024672 0.022734 0.018723 0.017590 0.012695
0.028767 0.027305 0.019647 0.015555 0.013053 0.011510
0.017853 0.013626 0.019822 0.021997 0.017104 0.011365
0.017192 0.020179 0.019085 0.015786 0.010599 0.009206
0.021941 0.023619 0.019361 0.015609 0.012625 0.008617
0.071265 0.021864 0.022846 0.024680 0.025080 0.023504
1.504436 0.010209 0.010489 0.012591 0.014689 0.014209
0.015969 0.019154 0.019153 0.017625 0.013217 0.011542
0.007208 0.013980 0.016084 0.015524 0.012073 0.009895
