1.393885 1.311411 1.097118 1.395616 1.204288 1.604308
1.438591 2.169425 1.338140 1.972052 1.217775 1.999413
0.854744 1.012163 0.865740 0.882287 0.912526 1.398394
0.977922 1.154133 1.179125 0.992982 0.905767 1.467334
1.379734 1.252124 1.066405 1.276189 0.973841 1.100139
0.850698 0.786064 0.763321 0.871330 0.787822 1.030746
1.055744 1.097558 1.376297 1.025840 0.889351 1.331260
0.733132 0.832292 0.694120 0.776274 0.538707 1.268401
0.374182 0.533629 0.474526 0.633686 0.517772 0.752461
0.745051 0.971563 0.695161 0.615103 0.442807 0.974829
0.837291 1.125244 1.076329 0.746534 0.789581 1.300945
0.691531 0.742534 0.925218 0.808899 0.839270 1.094408
0.832255 0.976160 0.693718 0.881559 0.706281 1.034931
0.545652 1.105202 0.952103 0.904007 0.671545 1.250929
1.454148 1.763265 1.603843 1.240850 1.210511 1.898416
1.249782 1.919783 2.025699 1.254168 1.546360 2.540189
1.733370 1.762943 1.149883 1.355099 0.850926 1.628161
2.476208 2.495782 1.776676 2.503109 1.489216 3.773264
1.511639 2.255513 1.481850 2.021302 1.188168 2.819831
1.824682 1.768055 1.453635 1.836976 1.297114 2.279884
0.397324 0.380398 0.292583 0.468915 0.399582 0.536958
0.686926 0.745035 0.652004 0.792915 0.648990 1.004517
0.844368 1.318941 1.503693 1.147842 0.887454 1.620624
0.777936 1.064511 0.987007 0.741177 0.561808 1.275003
0.485705 0.702713 0.688200 0.474875 0.396359 0.778057
0.620257 0.938059 0.769284 0.694520 0.573283 0.994351
0.658754 1.161769 1.002921 0.957995 0.777733 1.523457
0.973432 1.366065 1.372499 0.907427 0.588125 1.560022
0.526084 0.520064 0.515990 0.527136 0.543733 0.804130
0.376256 0.623776 0.692219 0.699582 0.766451 1.130357
0.542385 0.550935 0.516521 0.644876 0.607426 0.744272
0.500125 0.556951 0.509700 0.467895 0.536349 0.528013
1.036514 1.370342 1.226482 1.434651 1.155437 1.942173
0.478461 0.626628 0.802356 0.690382 0.524245 0.979894
1.531865 1.821410 1.086971 1.289105 1.020468 1.932248
1.105174 1.152072 0.830458 0.934530 0.953868 1.062690
1.897456 2.290306 1.569533 1.631201 1.558548 2.148918
1.015378 0.654279 0.876127 0.665936 0.802915 0.862997
0.457227 0.521807 0.522358 0.369008 0.461030 0.752772
0.563857 0.976723 1.083570 0.961694 0.749087 1.341973
0.533961 0.710954 0.825737 0.567519 0.633692 1.277367
0.618557 0.570617 0.685503 0.607214 0.661884 0.985329
1.028927 1.120800 0.730714 0.893472 0.958018 1.141274
1.323761 1.381613 0.982144 1.493968 0.973336 1.433368
1.252498 1.465410 1.072753 1.481168 1.024601 1.970290
2.193344 2.625175 2.909413 2.431083 1.852390 3.677862
1.402043 1.799804 1.906288 1.346364 1.556542 2.718774
2.042021 2.276327 1.571080 1.957662 1.403801 2.543338
1.073329 1.735490 1.465849 1.312677 0.835007 1.626730
1.097087 1.433019 1.616439 1.237103 1.066915 1.970527
0.788304 0.742179 1.076648 0.833692 0.792287 1.205201
0.721364 0.772924 0.732367 0.477866 0.459456 0.769016
0.537860 0.534010 0.389194 0.622855 0.568773 0.756426
0.915885 1.026345 0.888643 1.082585 0.875247 1.355635
0.407774 0.558836 0.630168 0.615215 0.634394 0.860003
0.543461 0.631588 0.602553 0.690105 0.601850 0.878640
1.070719 1.558748 1.929886 1.555822 1.053705 2.024414
0.995823 1.426217 1.378326 0.978718 0.749023 1.747395
0.957992 1.045584 0.918056 0.991143 0.777306 1.129558
0.770537 1.163436 1.275552 1.021539 1.021220 1.758478
1.936072 2.251300 2.000779 1.626576 1.974337 2.686900
1.791126 2.551393 2.867399 2.224832 2.468778 3.316856
0.737275 0.832273 0.796922 0.719179 0.730728 1.104107
0.652528 0.862161 0.814105 0.726680 0.641764 1.049678
1.029909 1.624123 1.194943 1.461494 1.081779 2.246143
0.903178 1.241128 0.823062 0.878869 0.801127 1.239630
0.854073 1.228269 1.007065 0.949009 0.588084 1.445102
1.289772 1.291275 1.290546 1.322053 1.438262 1.973233
1.995692 2.526011 1.735131 1.661562 1.411617 2.814107
1.548563 1.570105 1.127442 1.375434 1.278700 1.505389
1.193395 1.406831 1.014996 1.179758 1.142231 2.001894
1.292818 1.637164 1.468462 1.236398 1.364463 2.130112
0.806973 0.621907 0.745480 0.611005 0.844529 0.856626
0.434315 0.589838 0.514013 0.612011 0.502939 0.664458
0.513905 0.584924 0.568206 0.484794 0.438218 0.724767
0.456862 0.597680 0.631060 0.660097 0.779384 0.893704
1.194120 1.220191 1.191354 1.024284 0.998902 1.402340
0.886303 1.543126 1.594147 1.140199 1.109742 2.089823
0.729524 0.729303 0.792401 0.734620 0.646362 0.823282
0.702865 0.711633 0.758136 0.732080 0.834223 1.128715
1.120742 1.783765 1.451204 1.684264 1.040988 2.550768
1.869790 2.168741 1.798724 1.761564 2.658313 2.752764
0.983387 1.271004 0.895172 0.951892 0.710409 1.307720
0.742821 0.965918 0.943434 0.903344 0.789159 1.221570
1.266826 1.662285 1.375613 1.321834 1.247397 2.042178
0.908130 1.065043 1.162614 1.093929 1.203344 1.599054
0.519694 0.865403 0.723968 0.861479 0.696198 1.174937
0.957944 1.317548 0.919652 0.869454 0.534530 1.234401
0.856009 1.081124 0.775354 1.062658 0.853391 1.204307
0.936084 1.212837 1.266404 1.008598 0.977260 1.940866
0.856890 0.720579 0.744961 0.704056 0.685222 1.094929
2.034120 1.957968 1.402942 1.014658 1.472070 1.826527
0.829645 0.984716 1.051995 1.073627 1.181195 1.667953
1.104771 1.369822 1.613989 1.458079 1.255320 1.870380
1.085512 1.241988 1.239787 1.272078 1.060999 1.345716
0.998686 1.301108 0.994728 1.363847 1.209254 1.734441
1.204201 1.218631 1.609060 1.055007 1.117389 1.409721
1.507383 1.625242 1.961795 1.712189 1.541508 2.428536
1.145490 1.457158 1.527554 1.096860 0.998192 2.443634
0.945085 1.216047 1.233979 1.276089 1.092472 1.863139
1.796072 1.566339 1.166863 1.402936 1.356426 2.521384
1.087680 1.455354 1.346850 1.494136 1.239821 1.750210
1.370332 1.466877 0.995869 1.230882 1.271399 1.550734
1.892600 1.895835 1.228267 2.007640 1.360409 1.976356
0.437008 0.610733 0.671812 0.602039 0.708611 0.964176
0.379162 0.565086 0.534610 0.656420 0.714988 0.823550
1.129193 1.277326 0.842104 1.144347 0.932077 1.401029
0.623924 1.366511 1.217600 1.190099 0.878912 1.633559
0.984125 0.959997 0.862193 0.987054 0.953930 1.492719
0.648052 0.972474 1.044266 1.095838 1.113774 1.903973
1.325294 2.165237 1.694287 1.743850 1.587835 3.103886
1.197988 1.611733 1.168262 1.210072 0.993214 1.641519
0.897085 1.018500 1.006524 0.989078 0.688471 1.331474
0.899289 0.953181 1.011047 0.940672 1.041305 1.560696
1.195069 1.191299 1.048389 1.325738 1.348097 2.187720
0.529806 0.782958 0.768905 0.772825 0.820914 0.995510
0.628464 0.780630 0.973779 0.989289 0.986196 1.339907
0.725833 0.822900 0.985565 1.020816 0.938341 1.261874
0.643214 0.902106 0.866468 0.796186 0.911465 1.104075
0.504185 0.764964 0.898677 0.912770 1.010998 1.316465
2.420370 2.028308 1.789123 1.837804 1.755053 3.369292
1.383764 1.887824 1.662041 1.960903 1.752616 2.315285
1.820764 1.682136 1.131227 1.367927 1.137355 1.644461
1.071595 1.287031 1.410478 1.427783 1.421481 1.934259
1.251707 1.256374 1.245087 1.101965 1.074699 1.752414
0.803848 1.142300 1.143716 1.046952 1.010348 1.342081
0.618201 1.200451 1.370891 1.137347 1.135564 1.887269
0.536638 0.816421 0.920154 0.784669 0.787362 1.379637
0.817287 1.081896 1.222342 0.818270 0.663935 1.378305
1.303273 1.907064 1.712888 1.331587 1.442737 2.919893
1.681054 1.689651 2.069171 1.389708 1.473027 1.831473
1.969833 1.937483 2.548384 2.076565 1.852505 2.947844
1.428106 1.123440 1.099973 1.538235 1.012665 1.944901
1.036361 1.318668 1.233596 1.216082 1.029145 2.321321
0.494307 0.471206 0.529227 0.512867 0.604857 0.798661
0.264710 0.423532 0.427096 0.343092 0.240430 0.551358
1.125624 0.882319 1.069394 0.824143 1.131785 1.263208
0.633789 0.658723 0.654223 0.754532 0.721227 0.857808
1.856962 1.429612 1.372600 1.532774 1.454150 2.484719
1.846356 1.288790 1.451295 1.525761 1.264278 1.894398
1.401651 1.299372 1.470884 1.068397 1.373470 1.424852
1.240125 1.076349 1.216414 1.009519 1.169260 1.149359
3.054487 3.552338 2.492784 2.722624 2.303256 4.871441
1.713712 1.841901 2.053507 1.412804 1.508429 2.729546
2.439839 3.376383 2.472188 2.590101 2.055109 4.003729
2.115057 2.096909 1.520224 1.976903 1.688835 2.100268
1.509911 1.660279 1.084166 1.426510 1.202470 1.869879
0.893942 1.718196 1.607804 1.568241 1.157146 2.223691
0.892505 1.161198 1.095546 0.805645 0.685168 1.268301
1.004574 1.469486 1.482231 1.287683 1.091580 1.845501
0.764411 1.250736 1.422233 1.209572 0.970728 1.784173
0.757362 0.809432 0.963928 0.966901 1.224303 1.789995
0.623041 0.824456 0.906700 0.778473 0.762476 1.226815
0.701258 0.727135 0.852228 1.082807 1.119180 1.542465
1.934561 2.045141 1.215980 2.167127 1.317634 1.915725
2.032540 2.897348 2.189148 2.409316 2.040758 2.958503
2.554331 2.345899 1.969744 2.523814 1.948384 2.048711
1.542484 1.441302 1.196358 1.491752 1.391332 1.673385
0.375887 0.498325 0.606508 0.655481 0.797514 1.016217
0.314930 0.443744 0.487740 0.548310 0.498539 0.659861
1.291236 1.425716 1.143353 1.403539 1.160342 1.568658
1.089424 1.495534 1.769978 1.432046 1.351189 1.989873
0.961827 1.171588 1.506376 0.962895 1.212999 1.962850
1.077638 0.997628 1.197537 1.095202 1.172845 1.835006
0.832380 1.038661 0.870426 1.015679 0.989377 1.430256
0.919568 1.388790 1.577065 1.237721 1.301076 2.259286
3.647302 4.581070 3.366841 3.921744 2.230500 6.034061
2.368819 2.577308 2.589914 2.344633 1.792306 3.658553
2.166033 1.797054 1.793567 1.755446 1.715060 2.230807
1.731824 1.914038 1.428133 1.829458 1.341629 2.373255
0.610351 0.671154 0.936127 1.003537 1.126416 1.416930
0.448634 0.720507 0.788891 0.902799 0.869705 1.146769
1.305044 1.442777 1.388778 1.374085 1.006719 1.958953
1.147253 1.433291 1.488779 1.375159 1.177541 1.800520
1.293983 1.408575 1.128838 1.198017 0.886931 1.320944
1.210728 1.359092 1.319901 1.201719 1.389676 1.849842
1.335507 1.406113 1.459314 1.267509 1.198595 1.852706
1.568735 1.313152 1.157563 1.107014 1.381040 1.730869
1.489312 1.420343 1.212393 1.419342 1.276657 2.410986
0.929795 1.350933 1.383760 1.390582 1.436285 1.995690
0.873644 0.891423 1.027277 0.891420 0.884300 1.241424
0.924950 1.234981 1.325413 1.162200 1.136579 1.515920
0.630679 0.814012 0.730526 0.842504 0.888037 1.080790
1.107925 1.210421 0.839654 1.035279 1.115196 1.346086
0.905695 0.929069 1.194066 1.128467 1.111687 1.448146
0.958937 1.338496 1.498198 1.248748 1.151399 1.733645
2.365237 2.717179 1.563597 2.060156 1.917926 3.812803
2.330311 3.327110 2.826684 2.078231 2.045682 4.247772
1.985233 2.397639 2.135289 1.899886 1.900650 3.526089
1.832440 2.204651 2.122922 1.707154 1.617647 2.970215
1.376676 1.353142 1.680238 1.482744 1.535015 2.414684
1.637456 1.365493 1.280292 1.226835 1.380539 2.049435
1.519327 2.075781 1.914245 1.836986 2.664928 2.591023
2.184991 2.622337 2.370917 2.478493 2.136081 3.026147
2.045430 1.994580 2.305988 1.659485 1.831080 2.704724
1.708264 1.925866 1.881548 1.198236 1.203920 1.772791
0.822945 1.147096 1.346718 1.033822 1.184305 1.605477
1.211636 1.469413 1.530858 1.310979 1.525205 1.957970
1.161458 1.357363 1.006000 1.196446 1.196190 1.443693
1.752378 1.546423 1.804741 1.574411 1.461643 1.763935
0.982478 1.081028 1.189870 1.147531 1.313600 1.536394
1.086249 1.172346 1.168274 0.988025 0.977434 1.452314
0.681550 0.997677 1.025445 1.040826 1.005608 1.551432
0.762469 1.036465 0.989562 1.112105 0.982289 1.478078
0.923946 1.116755 1.288710 1.225065 1.166821 1.682150
0.926862 1.056380 0.664875 0.848822 0.653887 0.979930
1.320063 1.650879 1.365502 1.689798 1.185914 1.978552
2.313226 2.369759 2.464977 2.513557 1.813124 3.559151
2.533156 2.388775 1.376211 1.870556 1.557205 2.366339
1.631603 1.488969 1.792990 1.635647 1.876658 2.190759
2.573573 3.546785 3.024567 2.406780 2.230723 4.468873
2.405256 2.890574 2.920683 2.991290 2.296041 3.587952
0.972109 1.370517 1.189882 1.409640 1.215703 1.899488
0.612334 0.851754 0.879667 0.956946 0.958150 1.230360
0.918719 1.400917 1.202517 1.480096 1.259421 1.812673
1.421742 2.137292 1.770737 1.707548 1.100124 2.013918
2.685743 3.616702 4.274892 2.986452 2.729496 4.686105
2.577775 2.524609 2.851861 2.459100 2.491309 3.453560
2.748550 1.953114 1.659036 2.054466 1.995667 2.959830
2.634289 2.173513 2.126945 2.091243 1.816928 3.150992
2.780680 2.491407 1.979615 2.376408 2.133846 3.074643
3.910715 4.009831 3.480045 4.426109 2.508134 6.000589
3.113966 3.184501 1.844553 2.576856 2.299822 3.066345
2.160790 2.111981 2.066564 1.816952 2.151696 2.894865
2.867755 3.213921 3.058855 2.891245 2.575910 4.171041
3.265722 3.496565 3.071313 3.351518 2.151164 4.058566
1.322441 1.238090 1.332836 1.388531 1.435946 1.932309
1.442102 1.517813 1.467716 1.377657 1.316973 2.022665
1.417350 1.651302 1.455151 1.492476 1.724325 2.546838
1.313639 1.555890 0.962235 1.241026 0.833007 1.390506
1.375760 1.851020 1.838282 1.356594 1.403282 2.528368
1.459400 1.589196 1.319436 1.305434 1.661178 2.436421
2.891149 3.052058 2.317472 2.440417 2.425496 3.505833
2.542224 2.649409 1.943670 2.281550 1.918770 2.867603
0.913976 0.895032 1.088815 1.091386 1.050247 1.275202
1.552996 1.716569 1.232532 1.210451 1.353705 1.818449
1.515430 1.173533 1.596586 1.570915 1.510830 2.225538
1.512858 1.722005 2.021339 1.778814 1.535111 2.215730
3.110973 3.178813 2.310143 2.980042 2.318218 3.648138
1.831847 2.892078 2.638790 2.677300 1.799090 3.596356
1.258461 1.682346 1.749556 1.430742 1.601837 2.120245
0.878599 1.148976 1.162907 1.363678 1.590652 2.288796
2.195187 2.400323 1.962601 2.219641 1.726284 3.447424
2.184051 2.314488 1.917679 1.821556 1.521445 2.752911
2.271226 2.895494 2.734632 2.017715 2.061558 3.647702
1.560807 2.144448 2.146187 1.378824 1.865688 2.929932
1.611375 1.827834 1.404868 1.821899 1.529836 1.624163
2.480459 1.938751 2.536201 1.750196 2.006457 2.193225
1.927420 2.034609 2.187400 1.761515 1.842968 3.048420
2.201578 1.981689 1.441980 1.392168 1.846486 2.899248
2.170172 2.762436 1.966519 2.286377 2.375829 2.225550
1.582712 1.913581 1.898538 1.520837 1.395980 2.833886
2.459733 2.861708 1.913170 3.089534 1.896784 3.354755
2.689765 3.071143 2.837265 2.181269 1.859867 5.152796
1.774216 1.894734 1.649382 1.789161 1.573724 3.244756
2.732354 2.402113 1.930832 1.746531 1.790865 2.404585
3.507084 4.181914 3.616874 3.187683 3.381933 4.872097
2.730827 2.442616 2.533303 2.028096 2.324185 4.239543
3.232453 3.751539 3.294744 2.677149 3.238449 3.505344
4.133500 4.358155 3.547841 4.228770 2.839148 4.510308
3.640816 3.711857 2.642244 3.473844 2.708510 4.792630
1.704323 2.097151 1.640112 1.712873 1.831658 3.016406
1.858896 1.635098 2.347981 1.833671 2.019433 2.777725
2.085534 1.958748 1.609134 1.537102 1.810653 2.461100
0.890922 1.024551 1.039360 0.954903 1.196551 1.648713
0.893394 1.116039 1.346317 1.135232 1.022030 1.615083
1.190698 1.442025 1.319138 1.217421 0.980215 2.378687
1.037531 1.604499 1.393396 1.171298 1.368969 2.005844
2.642012 3.233617 2.421289 2.427473 2.355389 3.425886
2.161755 1.988325 1.814601 1.491408 1.325111 2.240833
3.041317 2.830254 2.481895 2.081940 2.299493 3.602313
2.214902 2.656736 2.609668 1.931766 1.732501 2.640276
1.039286 0.927421 1.000014 1.114577 1.179506 1.583213
0.555506 0.765323 0.817909 0.519133 0.490257 1.067403
2.097461 2.584670 1.834529 1.904471 2.030085 2.962177
2.365585 2.702517 2.082188 2.663706 1.978610 3.184122
1.317320 1.881238 1.433838 1.488226 1.844353 2.445283
0.916531 1.215479 1.183470 1.356342 1.309883 1.813199
2.127940 2.300910 2.019145 2.496477 1.853272 3.458768
2.424630 3.158315 3.023362 2.492233 2.560675 3.869242
2.432538 2.873938 2.563865 3.012595 2.014434 3.240864
2.964574 3.309846 3.895663 2.670235 2.856628 4.209878
3.666334 4.600470 5.037371 4.029665 3.644784 5.777855
3.252053 3.529033 3.379516 3.412144 2.494356 3.818481
1.440478 1.406474 1.513463 1.880256 1.614417 2.549689
2.512229 2.641017 2.647213 2.364447 2.758141 2.918739
1.549518 1.822203 1.646344 1.887896 2.076194 2.462410
1.433448 1.848037 1.940720 1.586794 1.521444 2.679893
0.996794 1.628939 1.687562 1.632408 1.404052 1.854550
0.930957 1.439769 1.545052 1.282190 1.490823 2.110603
3.755334 3.138328 2.787920 2.757101 2.476193 3.304411
2.326597 2.523574 2.527515 2.755291 2.137362 4.061885
1.424212 1.878949 1.726617 1.653661 1.423842 2.593611
1.658893 2.194223 1.557226 1.631339 1.656179 3.019332
2.333978 2.768756 2.964126 2.279398 2.548809 3.988782
2.958548 2.610875 1.691130 1.931157 2.328441 4.411638
1.263259 1.966160 1.591102 1.367052 1.556387 2.113397
1.934242 1.899620 2.293408 1.876969 1.845153 2.659583
1.820956 2.260789 2.204585 1.579221 2.116752 2.704387
1.200602 1.788672 1.564118 1.417343 1.713560 2.329640
3.398184 3.247118 2.077596 2.697217 2.115616 3.215556
2.345400 2.461623 2.153405 1.926826 2.143695 3.328634
2.432026 3.367202 3.529291 2.628603 2.935297 4.634937
2.420346 3.084592 2.999876 2.138661 2.189809 3.684893
4.652938 4.832711 3.109851 3.616121 4.071958 5.279752
2.354160 3.308466 3.375247 2.850268 2.123506 4.150771
3.204146 4.053585 3.209952 2.733744 3.448350 4.124737
3.028492 3.088231 2.446781 1.707977 1.931030 2.827966
2.453963 2.875550 2.431991 1.999976 2.525951 3.392977
2.761136 2.714630 2.817435 2.106277 2.257376 3.370389
1.218474 1.551781 1.808473 1.433173 1.275612 2.210221
1.454604 1.661086 1.922405 1.951796 1.779380 2.008310
0.844424 1.118684 1.183874 1.307788 1.337346 1.644693
1.118802 1.163660 1.181874 1.693523 1.104193 1.620301
3.365915 4.184198 2.822157 3.029499 3.133046 5.497009
3.130741 3.332577 2.539321 2.846444 2.911960 3.442519
2.800432 3.288110 2.759289 2.680556 3.233835 2.913038
2.245473 2.449705 2.317968 2.282503 1.939391 4.073261
1.799256 2.174555 2.003222 1.552136 1.540399 3.194207
2.791572 3.032629 2.994871 2.734415 2.248573 4.179630
3.193657 2.734603 2.175675 2.812969 1.745838 3.017398
2.089631 2.387020 2.070873 1.894595 1.768215 3.058500
3.205419 4.289198 2.688853 3.088835 2.884813 4.053739
3.017710 2.808769 2.984284 2.383261 2.400329 4.089347
2.151608 2.447477 2.587182 2.368819 2.228209 3.708484
2.375335 3.235979 2.711213 2.944562 2.139464 3.731738
0.886251 1.087300 1.073931 1.108287 1.153941 1.453359
0.858812 1.309929 1.207667 1.135471 1.276143 1.521868
0.995344 1.414395 1.435646 1.371303 1.239722 1.965428
1.323709 1.672500 1.599136 1.414853 1.698842 2.205986
4.075308 5.127659 4.004713 3.740436 3.654598 6.071261
4.597923 4.658914 4.683708 4.899586 3.783040 6.499823
2.745530 2.735735 2.872250 3.045776 2.123122 3.758462
2.142358 2.361955 2.085354 2.380152 2.071401 3.206835
2.474704 2.643132 1.896625 2.278083 2.094832 3.595164
3.804178 3.660002 3.275072 3.382071 2.412905 4.356903
3.078483 3.675487 2.851309 3.300728 2.394282 4.275192
3.181560 3.225254 3.036746 3.062040 3.140969 5.204126
2.899074 3.487538 2.879255 2.535500 2.721276 4.062656
2.785123 3.258332 3.329990 2.378422 2.390920 4.713928
3.211184 3.126138 3.038165 3.227888 2.535022 4.466328
2.553803 3.035168 3.017518 3.666490 2.260304 3.868036
2.270314 2.259334 2.014141 2.087331 2.418482 2.633194
2.589286 2.628761 2.306796 2.164417 1.891071 3.318824
1.428288 1.556770 1.476441 1.261108 1.750228 2.031750
1.035737 1.127364 1.278173 1.251549 1.455024 1.713333
1.951676 2.140793 1.981285 1.949827 1.867210 2.444357
1.728657 2.035814 1.958449 2.042983 1.881362 3.193748
1.790645 1.648086 1.809243 1.815703 1.693678 2.416241
2.267322 2.565697 2.196975 2.159188 2.072992 3.092195
2.425414 1.976085 2.552049 2.204290 2.316326 2.774478
2.732359 3.053115 2.663078 2.902693 2.447538 4.897425
2.771817 2.853633 2.681965 2.851721 2.626703 3.295796
2.928692 3.436189 3.091400 3.264519 2.547718 4.750537
2.735129 2.807630 2.996162 2.572857 2.924139 4.184923
1.243197 3.055819 1.958074 1.548702 1.908436 2.821180
2.423714 3.280768 3.204303 2.329319 2.575667 3.630982
2.760174 2.789960 2.271974 2.126249 2.466876 3.225200
1.864100 1.343421 1.538632 1.505663 1.561990 2.121330
2.514649 2.908201 2.059744 1.695724 1.940026 3.265156
1.898721 2.087142 2.187929 2.000942 2.382050 2.159996
0.995105 1.175713 1.408136 1.069867 1.061239 1.883341
1.669788 2.336901 1.826921 1.598844 1.913971 3.001637
1.095467 1.181810 1.400313 1.396351 1.465846 1.852648
3.929144 5.192893 2.972351 3.688378 3.259373 4.595055
3.688527 4.636436 3.559521 3.441110 3.477846 4.820868
2.253969 2.605329 5.996720 1.859635 1.858487 3.038804
1.672945 2.263273 2.343471 1.553439 1.563359 2.887492
2.586371 2.986744 2.689935 3.009675 2.747270 4.492764
4.411220 4.268056 3.601845 3.688528 3.332907 4.826318
3.408143 4.026590 3.209474 2.813475 3.594643 4.806817
3.926756 3.333538 8.961419 2.646207 2.667580 5.205321
1.209886 1.565560 1.643691 1.599256 1.624924 2.275865
1.677102 1.757877 2.404166 1.923996 1.906736 2.517084
2.353723 2.755002 3.478955 2.097184 2.297990 3.151565
3.248867 2.485981 2.751594 2.914991 2.015235 3.875380
2.252590 2.249357 2.379326 2.046252 2.253564 3.379384
2.854872 3.656588 2.763552 3.664390 2.390561 4.497620
2.721487 2.905509 2.498100 3.028885 2.270208 4.193952
2.754578 3.593696 4.112330 2.995035 2.496676 3.832324
1.913906 1.972841 2.203323 1.990352 2.114714 3.051670
1.537565 1.939773 1.910024 1.702820 1.537926 3.000394
3.736460 3.919633 4.247708 3.679520 2.940674 5.281575
2.470258 3.231385 2.922735 3.034205 2.588052 4.187492
3.533644 3.630914 2.766590 3.418762 2.504537 4.276310
5.714863 4.530983 4.763662 4.114426 2.844303 5.079057
4.486293 4.669389 4.265026 4.419980 3.157401 5.249611
4.741764 5.747807 4.186875 4.180777 4.225780 7.076232
20.571742 5.525013 6.603105 4.744709 3.384397 5.711851
4.049292 4.102383 4.204939 3.648601 3.697854 4.534379
4.295303 4.079988 4.388554 4.656487 3.551018 5.484386
3.677312 4.018562 4.757383 4.510345 3.191298 4.847532
3.691718 4.157792 3.937025 2.550015 3.126623 3.452166
4.333128 4.568822 3.713262 3.330992 2.764052 4.877053
1.285354 1.546964 1.579959 1.566972 1.515065 2.131424
1.607531 2.889634 2.621010 1.810223 1.828166 2.730017
2.827962 3.261456 2.941992 2.589927 2.673973 4.053337
2.757040 2.688284 2.766723 2.551849 2.158341 3.483549
2.526702 2.331988 3.000279 2.745495 2.479979 3.874201
2.943355 3.675275 3.332285 3.244651 2.562008 4.365305
4.413244 3.433175 3.099435 3.729221 3.744502 4.023786
3.965462 4.396549 3.993866 3.487923 2.507799 6.532904
3.536184 3.292239 3.209783 3.523115 2.686596 3.754655
2.922321 3.327757 3.379341 3.241266 3.258157 5.525990
4.822421 4.699461 4.588834 3.294183 4.427621 5.529476
1.778212 2.179893 2.456203 1.989760 1.791811 2.755743
3.413524 4.365727 4.021797 3.305775 3.155953 4.956305
3.896295 3.656647 3.051168 3.569741 3.082608 4.059095
3.074502 1.990876 1.995114 2.369052 1.983054 3.272123
3.340083 3.753718 2.683572 2.619159 2.345512 4.595102
3.203007 3.161942 2.934813 4.613969 3.107217 3.638204
1.523113 1.839957 1.633878 1.462710 1.381155 2.369315
2.668389 3.110468 2.807454 2.224397 2.199623 3.311235
1.871124 2.060914 1.603217 2.056111 1.847916 2.367478
4.803518 6.517189 3.626452 4.273695 4.646320 5.238772
4.317535 4.985054 5.037695 4.776756 3.374471 5.351583
3.197506 4.009642 3.423119 2.031809 2.728192 4.429044
2.225001 2.982664 2.896373 1.989737 2.363056 3.665125
4.449597 4.304944 3.977969 4.531287 3.106583 5.504463
7.574040 9.205872 7.538549 5.267360 4.235277 6.763922
4.120918 4.497976 4.377449 3.996596 3.661220 5.914106
5.675684 5.307650 3.808097 4.069239 3.258266 6.306549
1.648045 2.033482 2.321046 1.822846 1.816562 2.590349
2.726764 2.797583 2.953755 3.479826 2.546856 3.530190
3.394661 3.079139 3.953360 2.794461 3.045709 3.729921
4.250590 3.687014 3.266713 3.895407 2.760476 4.763206
4.012312 3.034708 3.077971 2.840403 2.683526 4.641640
2.698882 4.377043 2.859684 3.822019 2.457624 4.880013
4.230904 4.199358 3.010370 4.209192 3.195568 5.022195
10.049141 7.870868 4.536038 3.190370 2.757981 6.442855
2.932195 3.436112 3.029430 2.864768 2.770586 4.004144
2.363026 2.380268 2.149258 2.209638 2.014218 3.228868
6.077535 5.145632 5.328718 4.344133 4.028059 6.312096
3.390285 4.242939 3.328108 3.987298 3.963698 4.085531
5.012584 5.234684 3.106764 3.631700 2.817262 5.064127
8.359066 6.408751 5.109582 4.362300 4.168841 4.716096
6.251440 5.530871 5.165945 5.530267 5.007194 6.545863
6.776655 7.145393 5.138401 5.195828 4.241360 7.798936
5.944965 6.156888 4.640365 5.088122 3.808750 6.533768
5.318978 5.160852 5.291262 5.042882 4.250267 5.419202
5.406702 5.122430 4.934213 5.406472 4.672777 6.260905
9.615577 5.132202 4.909592 5.018273 3.118002 5.473341
4.974174 3.495349 3.204817 3.146961 3.817674 4.291271
4.867934 4.772524 4.311442 4.210572 3.021250 5.736745
2.637688 2.968703 1.567001 1.587415 1.832214 2.209594
1.996266 2.648045 2.436512 1.934218 2.354968 3.777808
3.534883 4.009805 2.931672 3.620768 3.077818 4.690215
3.720797 3.816949 3.543234 3.518017 2.753651 4.357822
2.989006 2.916509 3.416544 3.150397 2.633202 4.392799
4.136116 4.492049 4.196338 4.069109 3.415924 4.865762
3.936614 3.049502 3.731109 2.222483 4.031591 3.614154
5.549217 4.763477 4.832308 3.425073 3.203081 4.198288
4.560978 3.996006 3.506492 3.823267 3.021948 4.195937
4.564806 5.890437 3.829674 4.331814 3.897923 7.378159
5.197035 5.428681 5.111433 3.831139 3.900409 5.349264
2.162745 2.616787 2.480995 2.745732 2.366432 3.882750
3.480069 5.033551 4.618484 3.833888 3.199390 5.943462
4.997854 4.723752 3.029289 8.449753 3.246476 5.486586
3.971851 2.370943 2.449817 3.197300 2.626470 4.402437
4.491168 4.743897 3.217331 3.833035 4.077014 5.864135
4.823762 4.671088 4.001420 3.109297 3.131220 4.148670
2.068334 2.436830 1.969406 1.829925 1.873530 2.457146
9.626741 18.480828 8.142384 8.195173 6.366628 5.326499
1.932267 2.306186 1.654108 2.136910 1.914458 2.792462
5.415031 6.928300 4.662897 4.849265 5.617747 5.834898
5.165364 5.719891 4.122511 4.314097 3.641839 5.889937
15.359535 9.349254 5.989048 4.656153 4.500921 5.656570
3.266553 3.868896 3.966524 2.563774 2.563462 4.787488
6.646847 6.256409 4.769695 4.926150 4.358153 7.036596
6.049692 6.286246 5.431971 5.682634 4.717583 7.126235
6.835724 6.407961 6.032101 5.362876 4.067904 7.514264
6.840583 5.786969 4.645800 4.985205 3.682325 6.019971
2.447486 2.704735 3.106098 2.401747 2.670088 2.833374
2.813467 2.098248 1.969192 2.723800 2.102276 2.458138
4.925177 3.382124 3.546247 3.006231 4.244298 3.911089
5.149282 5.090097 40.086498 4.659752 3.566459 5.353097
3.381849 3.172562 2.550021 2.495133 2.912181 2.827442
3.262250 4.021892 3.510865 3.252553 2.886041 4.966307
5.804116 5.619212 4.655651 5.017709 4.678544 6.380513
4.152244 3.148052 2.740968 1.921755 2.043979 2.010707
3.404239 3.951185 4.376934 3.231235 2.849996 4.153068
2.910840 2.272873 2.137317 2.215585 2.117133 4.051557
6.742936 6.561339 6.247991 5.693007 4.481856 7.149823
3.835088 4.695561 3.214733 4.767274 3.620811 4.699445
5.488902 6.026457 4.029233 3.753384 3.712106 4.990813
9.411679 8.776464 4.800286 4.932623 3.401707 5.228930
8.066353 6.186236 5.397064 6.517012 6.692326 60.616612
7.555424 6.545685 5.532470 6.119525 5.546704 10.078776
5.979362 5.089859 4.990213 5.554662 4.186083 7.969982
4.645320 3.552810 13.539002 2.482787 1.769395 2.869703
7.097976 7.010078 5.561277 6.074100 5.187085 8.784968
5.235517 6.147983 5.014228 5.039365 3.521413 6.821438
5.378917 4.098272 3.440224 3.562667 4.201274 4.636097
6.184376 4.344498 4.587724 5.318963 4.414966 6.346273
2.142712 2.208090 1.766565 1.639613 1.965369 2.996202
2.476728 3.358639 3.034825 2.039268 2.663995 4.358879
53.269617 3.948735 3.353066 4.207360 3.295261 4.672887
3.431685 3.479904 3.826758 3.362188 2.642194 4.020116
3.049238 2.494297 3.372307 2.864028 2.534035 3.560407
4.549261 4.128657 3.284133 4.760883 3.999248 4.451577
4.514468 3.671371 5.228548 2.702807 4.868866 4.745373
7.919474 5.218686 5.784218 4.099989 3.674806 4.124114
5.466816 5.011267 3.969263 4.198963 3.067229 4.284837
6.491883 5.973421 5.872376 39.938069 4.502690 5.027447
12.330408 5.546730 7.262821 5.081570 2.943446 6.639735
2.624421 2.303585 2.432425 2.085560 2.186643 4.767725
5.663320 5.163276 5.112713 3.931501 2.904832 5.983899
6.744712 6.026390 37.854530 4.695443 3.564684 6.424670
5.081140 2.905546 2.909632 3.790137 3.114344 5.292467
9.047963 8.323018 3.863925 3.502131 3.577955 5.691570
5.038775 5.229636 5.057030 4.159328 2.973679 4.901751
2.557293 3.129501 2.388287 2.262159 2.276889 3.238420
7.716985 5.308552 2.446157 3.123974 2.428785 3.525067
2.390437 2.721791 1.936861 2.080050 2.257676 3.085704
5.080975 7.042669 6.187485 5.284629 6.125402 6.498396
6.014089 5.960356 5.017808 4.156877 4.370783 6.180100
14.286194 9.420002 6.651172 5.584630 4.887842 5.393524
3.503597 3.764627 4.921941 2.898381 2.805857 3.636010
12.638139 6.550478 5.473942 5.786131 5.144616 6.999660
7.555537 9.761898 5.278360 7.203353 5.301150 5.935767
9.267976 11.288243 8.387858 6.395594 5.193878 7.752764
6.867152 4.200588 4.696744 5.218130 4.884173 4.053181
3.143932 4.148449 3.694556 3.384122 3.401539 4.125666
3.369329 16.800109 2.345885 3.336960 2.312463 2.915442
6.435313 4.291028 3.999300 4.147431 5.003477 4.626250
6.250931 5.756667 5.840957 5.398856 4.222303 5.167063
4.426563 3.598202 3.386541 2.431618 2.143692 3.098925
2.654830 2.573810 2.864148 2.308286 2.303480 3.856952
7.448792 6.152154 4.752689 5.170460 3.890594 8.724782
5.159331 4.307001 3.822306 2.397563 1.680327 2.514186
4.714378 4.520811 5.297654 3.816448 3.363927 4.255817
12.578743 3.630408 2.991376 2.671826 2.835680 4.489237
11.959733 9.256071 8.368417 7.948688 8.899090 9.545262
5.087312 4.375066 5.082608 3.021893 2.855121 2.589844
3.711962 3.399383 3.106209 3.154448 3.241690 3.233468
13.077222 11.430860 6.416922 6.330513 7.658301 7.150479
15.413622 8.434387 10.041983 8.585529 8.755842 11.051575
10.187352 8.965146 9.245611 9.013415 7.281449 10.147891
8.425795 7.553263 11.093596 10.270420 10.566718 6.826742
8.366654 5.325737 32.351969 3.433673 2.846719 4.877514
13.341639 6.705276 6.863966 5.906494 4.307840 6.209186
16.039760 9.455315 5.411935 5.409324 4.243349 5.216455
11.966019 6.678395 5.032391 5.092934 5.072205 5.104158
8.787154 7.839315 6.494275 5.678902 5.974885 7.260921
2.984894 2.795321 3.579111 1.796382 2.578147 3.219589
2.648359 2.993744 2.710244 2.914427 2.852028 3.383816
7.673458 5.509287 4.275357 6.320976 4.255486 7.637615
5.267070 5.173764 3.948794 4.513855 4.092970 4.921988
4.230908 3.766919 2.655168 3.067899 2.655644 3.691754
7.499080 4.900042 4.191855 4.889090 3.663376 5.909893
17.961695 6.044331 5.163714 5.160253 5.886933 6.860478
7.981826 7.166630 5.632998 4.300421 4.974763 6.880760
24.794906 10.519270 7.863852 7.405903 4.688065 7.650978
14.070300 10.093452 6.700786 4.947448 5.439766 8.399455
8.918754 8.175202 5.339273 4.791677 4.274327 4.758943
3.167195 3.769399 2.995282 2.489652 2.780865 3.719903
7.377581 5.597086 6.436099 4.925724 4.207645 8.303093
14.066969 6.341095 5.592033 4.906204 3.598679 5.074048
9.558114 12.830755 50.226711 5.237441 11.132375 99.286003
13.025459 8.729724 8.402741 5.096321 5.488355 6.054073
9.112318 2.443631 2.178884 2.854933 2.177983 3.114837
4.127670 4.662941 3.325631 3.651966 4.169572 5.051325
3.527608 3.901419 2.851472 2.894225 3.581670 4.794374
2.988710 4.744136 2.960780 2.923663 2.649067 4.159101
9.923872 8.867420 7.669604 6.660536 6.749065 7.833363
13.013552 9.309809 8.272169 4.727765 8.627944 7.252815
7.600914 7.427490 6.195880 3.456760 6.361157 7.725273
13.587925 11.013535 6.838192 3.694560 3.969507 5.056071
15.351281 8.413740 8.551153 7.615261 7.240596 8.388505
11.206861 9.226049 9.139651 13.458817 8.579285 7.306415
13.842990 17.472613 17.805561 104.759512 119.818195 43.728310
12.657846 11.244503 16.077651 5.652838 5.289263 3.364398
10.384866 7.159599 4.721839 2.608002 2.514685 3.226055
3.495148 3.629723 3.566244 2.888899 21.517271 15.713995
7.316552 25.112711 4.701353 4.299808 4.795297 4.943305
11.106086 8.288966 8.767221 7.463763 6.142390 8.416813
27.241236 8.816108 7.949945 6.836697 4.887652 6.862884
3.567820 4.544095 4.031578 2.940552 3.296099 3.863493
9.242130 10.492190 6.705995 7.161376 5.888964 9.006019
5.994831 4.315914 3.330903 2.396098 1.654069 4.017647
4.144269 3.603260 3.483996 3.082526 2.857597 3.887461
2.828324 3.164275 3.329595 2.610087 2.130272 3.492173
16.205669 11.943818 7.848576 9.332066 8.514497 11.368996
14.209581 7.838890 7.005792 3.213682 2.587047 3.983054
10.440361 12.498779 15.348167 8.065543 44.979270 9.085902
16.682330 9.041276 5.719257 6.343003 7.193894 7.301968
25.476330 15.592001 9.771106 6.441851 10.456738 11.459382
12.618677 11.692482 8.297729 6.334805 7.983014 7.178415
11.004727 11.871886 8.248940 7.944320 8.045467 7.201005
7.261334 7.246486 5.758894 6.443015 5.354312 6.421405
24.757575 12.539096 8.894164 6.399755 5.663880 8.284603
7.067519 6.809983 5.077203 5.798815 7.716084 7.521891
17.713500 9.872803 6.727476 6.382880 5.919933 6.980735
11.148890 8.884720 7.327770 6.348384 5.434889 8.267322
2.497685 1.667398 1.563486 1.826411 1.378881 1.928921
4.132775 4.216036 4.476397 2.771833 3.112155 4.881368
13.407658 13.561514 13.035601 7.273038 6.422835 8.751933
6.376378 6.004308 5.466210 5.289460 5.093795 7.371051
7.762390 5.792672 3.652800 4.223070 2.709240 4.995480
7.397872 9.680742 4.682146 6.105100 5.931454 7.907493
9.975500 18.630290 6.030509 3.553464 3.929870 4.682992
14.249535 7.338500 7.386594 6.056885 6.857638 5.412803
10.798221 9.019395 11.572137 13.099170 8.797323 8.572150
14.998040 11.982621 6.829418 6.234526 5.780050 6.006025
3.869348 4.647174 4.756900 3.610653 2.617870 5.852714
7.922336 8.119961 4.588494 3.887149 3.593571 5.203668
7.967170 5.517215 6.780133 6.955758 5.385115 7.113949
8.326746 5.230886 5.293002 5.163401 3.937656 5.681520
37.777467 8.207554 6.043091 6.265370 6.969986 10.733210
11.272298 11.119339 10.308366 7.631636 7.181115 7.971307
18.184842 6.712472 3.511693 2.900731 2.535345 2.732526
5.838517 5.575679 4.739892 5.343502 3.642114 6.755768
3.989750 3.322645 3.676939 3.647122 3.642929 6.843999
3.478529 2.957290 2.321107 2.964729 3.208479 3.109740
16.452808 10.529537 9.450020 9.036911 8.673444 9.943248
6.974195 4.310956 3.872786 3.802112 2.623397 5.469901
11.131446 7.833338 6.999555 4.662703 3.233506 5.779727
4.154054 5.508769 6.270047 4.348244 3.555114 5.912692
17.786281 10.830180 9.417582 7.875537 7.013328 10.279507
16.610082 10.278659 7.344115 17.255389 20.110373 27.019665
13.198462 14.627354 24.482487 12.544321 10.591553 41.193733
14.305709 46.845455 10.199118 6.627938 4.677555 5.280707
11.102520 15.042654 3.897218 2.533843 3.316775 2.675563
12.284163 6.291257 3.717723 3.057343 3.726062 4.297351
8.407361 6.094456 5.542988 5.749244 7.016127 8.567049
13.889302 9.433269 7.268884 37.291331 6.049090 9.433574
6.256449 5.659329 3.939959 3.684082 4.064713 4.952756
4.511527 5.080173 5.626043 3.140094 3.953517 4.018089
13.133669 13.862288 8.192210 7.530302 7.061060 9.679065
19.251738 11.929409 7.556744 7.994645 5.740834 6.515072
5.470973 5.136415 5.268651 3.945041 4.563408 6.142982
4.079967 3.963522 3.414545 3.617185 3.019291 4.635542
