0.000333 0.0006 0.000667 0.0006 0.000467 0.000333
0.0003 0.000133 0.0001 0.0001 6.7e-05 0.0002
0.0003 0.000233 0.000267 0.000233 0.0002 0.000233
0.000433 0.000733 0.000833 0.000733 0.000567 0.000433
0.000233 0.0001 3.3e-05 3.3e-05 3.3e-05 0.000167
0.000267 0.000167 0.000167 0.000167 0.000133 0.000167
0.0003 0.0001 6.7e-05 6.7e-05 6.7e-05 0.000167
0.0003 0.000233 0.000233 0.0002 0.000167 0.000167
0.000233 0.000133 0.000167 0.000133 0.0001 0.000133
0.0002 0.000233 0.000267 0.000233 0.0002 0.000167
0.000267 0.000267 0.000267 0.000233 0.0002 0.0002
0.000333 0.000467 0.000533 0.000467 0.000367 0.0003
0.0003 0.000467 0.000533 0.000467 0.000367 0.000267
0.000267 0.000267 0.0003 0.000267 0.0002 0.000167
0.000333 0.000333 0.000367 0.000333 0.000267 0.0002
0.0003 0.0004 0.000467 0.000433 0.000333 0.0003
0.000267 0.0001 6.7e-05 6.7e-05 3.3e-05 0.000133
0.000367 0.000333 0.000333 0.0003 0.000267 0.000167
0.000267 0.000233 0.000233 0.000233 0.000167 0.000133
0.000267 0.0003 0.000333 0.0003 0.000233 0.000167
0.000233 0.000267 0.0003 0.000267 0.0002 0.000167
0.000233 0.0002 0.000233 0.0002 0.000167 0.000167
0.000267 0.0001 0.0001 0.0001 6.7e-05 0.000133
0.000233 0.000133 0.000133 0.0001 0.0001 0.000133
0.000267 0.0001 0.0001 6.7e-05 6.7e-05 0.000167
0.0004 0.000767 0.000867 0.000767 0.0006 0.000433
0.0003 6.7e-05 6.7e-05 0.0001 0.0001 0.000233
0.000233 0.0001 3.3e-05 3.3e-05 3.3e-05 0.000167
0.000433 0.000767 0.000867 0.000767 0.0006 0.0004
0.000333 0.000433 0.000467 0.000433 0.000333 0.000267
0.000233 0.0001 0.0001 0.0001 6.7e-05 0.000133
0.0002 0.0001 0.0001 0.0001 6.7e-05 0.000167
0.0003 0.0002 0.0002 0.0002 0.000133 0.0002
0.000267 0.000167 0.000167 0.000167 0.000133 0.000167
0.000367 0.0006 0.000667 0.0006 0.000467 0.000333
0.000267 0.0002 0.000233 0.0002 0.000167 0.0002
0.0002 0.0003 0.000333 0.0003 0.000267 0.000367
0.0002 0.000133 0.000133 0.000133 0.0001 0.000167
0.000233 6.7e-05 3.3e-05 6.7e-05 6.7e-05 0.0002
0.0003 0.000133 3.3e-05 3.3e-05 3.3e-05 0.0002
0.0003 0.000133 3.3e-05 3.3e-05 0.0 0.000133
0.0003 0.0001 3.3e-05 6.7e-05 6.7e-05 0.000233
0.000233 0.0003 0.0003 0.000267 0.0002 0.000167
0.0003 0.000467 0.0005 0.000433 0.000333 0.000233
0.000233 0.000267 0.0003 0.000267 0.000233 0.000167
0.000367 0.0002 0.000233 0.0002 0.000167 0.000233
0.000333 0.0001 0.0001 0.0001 6.7e-05 0.000133
0.0003 0.000267 0.0003 0.000267 0.0002 0.000167
0.0003 0.000433 0.0005 0.000467 0.000367 0.0003
0.0003 0.0003 0.000333 0.0003 0.000233 0.000267
0.000367 0.000567 0.000633 0.000567 0.000433 0.000333
0.0002 0.0002 0.0002 0.000167 0.000133 0.000167
0.000267 0.000367 0.0004 0.000333 0.000267 0.0002
0.0003 0.0001 6.7e-05 6.7e-05 6.7e-05 0.0002
0.000333 0.000567 0.000633 0.000567 0.000433 0.000333
0.000267 0.000133 0.000133 0.0001 6.7e-05 0.000133
0.0003 0.000267 0.0003 0.000267 0.0002 0.000167
0.000233 0.000167 0.000167 0.000133 0.000133 0.000167
0.0003 0.000333 0.000367 0.000333 0.000267 0.000233
0.000367 0.0002 0.0002 0.000167 0.000133 0.000233
0.000367 0.000433 0.000467 0.000433 0.000333 0.000267
0.000367 0.000533 0.0006 0.000567 0.000433 0.000433
0.000433 0.000733 0.0008 0.000733 0.000533 0.000367
0.0003 0.000333 0.000367 0.000333 0.000267 0.000233
0.000333 0.0002 0.000133 0.000133 0.0001 0.0001
0.000267 0.0002 0.0002 0.000167 0.000133 0.000167
0.000267 0.0001 3.3e-05 6.7e-05 3.3e-05 0.000167
0.000233 0.0001 0.000367 0.000667 0.0008 0.000867
0.000333 0.000433 0.000467 0.000433 0.000333 0.000267
0.000333 0.000567 0.0006 0.000567 0.000433 0.0003
0.000333 0.0003 0.0003 0.0003 0.000233 0.000267
0.000467 0.0006 0.0006 0.000533 0.000433 0.0003
0.000233 0.000267 0.0003 0.000267 0.0002 0.0002
0.000233 0.0001 0.0001 6.7e-05 6.7e-05 0.000167
0.000233 0.0001 3.3e-05 3.3e-05 3.3e-05 0.000167
0.000333 0.000133 6.7e-05 6.7e-05 6.7e-05 0.0002
0.000333 0.000367 0.000367 0.000333 0.000267 0.0002
0.0003 0.000233 0.000233 0.000233 0.000167 0.000167
0.0003 0.000433 0.0005 0.000433 0.000333 0.000267
0.0003 0.000367 0.0004 0.000367 0.0003 0.000267
0.000467 0.000833 0.000933 0.000867 0.000667 0.000467
0.000467 0.000733 0.0008 0.0008 0.000767 0.001
0.000367 0.000367 0.0004 0.000367 0.000267 0.000267
0.000367 0.0004 0.0004 0.000367 0.000267 0.000233
0.000333 0.000167 0.000167 0.000167 0.000133 0.0002
0.000333 0.000267 0.000333 0.000333 0.000267 0.0003
0.000267 6.7e-05 6.7e-05 6.7e-05 3.3e-05 0.000133
0.000233 0.000167 0.000167 0.000167 0.000133 0.000167
0.000233 0.000167 0.000167 0.000167 0.000133 0.000233
0.000333 0.0002 0.000233 0.000233 0.0002 0.000233
0.000267 0.0002 0.0002 0.000167 0.000133 0.000167
0.0003 0.000267 0.0003 0.000267 0.0002 0.000167
0.000567 0.001167 0.001367 0.001233 0.000967 0.0007
0.000367 0.000467 0.0005 0.000467 0.000367 0.000267
0.000333 0.000267 0.0003 0.000267 0.0002 0.0002
0.0003 0.000133 0.000133 0.000133 0.0001 0.0002
0.0003 0.0003 0.0003 0.000267 0.0002 0.000167
0.000333 0.000433 0.000467 0.000433 0.000367 0.000367
0.0003 0.000367 0.0004 0.0004 0.0003 0.000233
0.000333 0.0004 0.000433 0.0004 0.000333 0.000267
0.000333 0.000633 0.0007 0.000633 0.0005 0.000367
0.000667 0.001233 0.0014 0.001267 0.001 0.000667
0.000233 0.000167 0.000167 0.000167 0.000133 0.000133
0.000333 0.000433 0.000467 0.000433 0.000333 0.000233
0.0003 0.000433 0.000467 0.000433 0.000333 0.000233
0.0004 0.000667 0.000767 0.0007 0.000533 0.0004
0.000333 0.000433 0.000467 0.0004 0.000333 0.000233
0.0004 0.0007 0.0008 0.0007 0.000533 0.0004
0.000567 0.001133 0.0013 0.0012 0.000933 0.000667
0.000433 0.000367 0.000333 0.000333 0.000233 0.0002
0.0004 0.0002 0.0001 0.0001 6.7e-05 0.0001
0.0003 0.000133 6.7e-05 3.3e-05 3.3e-05 0.000167
0.000333 0.000167 0.000133 0.000133 0.0001 0.000233
0.0003 0.000367 0.0004 0.000367 0.0003 0.000367
0.000633 0.0009 0.0009 0.000733 0.000567 0.0004
0.000333 0.000533 0.0006 0.000533 0.000433 0.000333
0.000233 6.7e-05 0.000167 0.000267 0.000267 0.0004
0.0004 0.0003 0.0003 0.0003 0.000233 0.0002
0.000333 0.000333 0.0004 0.000367 0.0003 0.000267
0.000467 0.000567 0.0006 0.0006 0.000467 0.0004
0.000367 0.000667 0.000767 0.0007 0.000533 0.0004
0.000633 0.001167 0.0013 0.0012 0.000933 0.000633
0.0003 0.000133 6.7e-05 6.7e-05 6.7e-05 0.0001
0.0003 3.3e-05 0.0002 0.0003 0.0002 0.000333
0.000467 0.0007 0.000733 0.0007 0.000533 0.0004
0.000467 0.0005 0.000167 0.0002 0.000133 0.000167
0.000533 0.000467 0.000267 6.7e-05 3.3e-05 0.000167
0.000333 0.0002 0.000167 0.000167 0.000133 0.000167
0.0003 0.0005 0.000567 0.000533 0.0004 0.0003
0.000367 0.000367 0.000433 0.000433 0.0003 0.0002
0.000367 0.000533 0.000567 0.000533 0.0004 0.0003
0.000333 0.000367 0.000367 0.000433 0.0004 0.000633
0.000367 0.000333 0.000367 0.000367 0.0003 0.000333
0.000367 0.000167 0.0001 0.0001 0.0001 6.7e-05
0.000367 0.000533 0.0006 0.000533 0.0004 0.0003
0.0002 0.000133 0.000133 0.0001 0.0001 0.000133
0.0003 0.000133 0.000133 0.0001 0.0001 0.0002
0.000267 0.0003 0.0003 0.000267 0.0002 0.000167
0.0005 0.000833 0.000933 0.000867 0.000667 0.0005
0.000567 0.001067 0.001167 0.001067 0.000833 0.0006
0.0003 0.000333 0.000333 0.000333 0.000233 0.0002
0.000233 0.000233 0.000233 0.0002 0.000167 0.000133
0.000367 0.000433 0.000467 0.000467 0.000367 0.0003
0.000467 0.0008 0.000933 0.000967 0.000733 0.000533
0.0003 0.0004 0.000433 0.0004 0.000333 0.000333
0.0004 0.000633 0.0007 0.000633 0.0005 0.000367
0.0004 0.000633 0.0007 0.000633 0.000467 0.000333
0.000467 0.0009 0.001033 0.000933 0.000733 0.000533
0.000467 0.000833 0.000933 0.000833 0.000633 0.000467
0.000733 0.001367 0.001533 0.0014 0.001067 0.000767
0.000333 0.000133 0.000133 0.000133 0.0001 0.000233
0.0006 0.000867 0.000633 0.000167 6.7e-05 6.7e-05
0.000333 0.000433 0.0005 0.000433 0.000333 0.000267
0.0006 0.000667 0.000333 0.000367 0.000267 0.0002
0.000267 0.000333 0.000367 0.000333 0.000267 0.000233
0.0004 0.000367 0.000367 0.000333 0.000267 0.0002
0.000267 0.0002 0.000233 0.0002 0.000167 0.000267
0.000433 0.000733 0.000833 0.000767 0.0006 0.000467
0.0003 0.000233 0.000267 0.000233 0.0002 0.000267
0.0003 0.000133 0.0001 0.0001 0.0001 0.0002
0.000367 0.000233 0.0002 0.0002 0.000167 0.0002
0.000333 0.0001 0.000233 0.000467 0.000467 0.000467
0.0003 0.0001 3.3e-05 3.3e-05 3.3e-05 0.000167
0.0003 3.3e-05 0.0001 0.000167 0.000133 0.000267
0.000467 0.0009 0.001067 0.000967 0.000767 0.000567
0.0005 0.000433 0.000367 0.0004 0.0003 0.000333
0.0005 0.000633 0.0007 0.0008 0.0009 0.0005
0.0006 0.0007 0.000767 0.0008 0.000733 0.000667
0.000567 0.001 0.001133 0.001133 0.000867 0.0006
0.000367 0.0003 0.000233 0.0002 0.0002 6.7e-05
0.000367 0.0007 0.0008 0.000733 0.0006 0.000467
0.000367 0.0004 0.000433 0.0004 0.0003 0.000267
0.000367 0.0004 0.000433 0.000367 0.0003 0.000233
0.0003 0.0005 0.0006 0.000667 0.0007 0.000767
0.000367 0.000533 0.0006 0.000533 0.0004 0.000333
0.000467 0.0008 0.000867 0.0008 0.000633 0.000433
0.000533 0.001033 0.001167 0.001067 0.000833 0.0006
0.000733 0.000867 0.000733 0.000633 0.0005 0.000367
0.0006 0.0012 0.001367 0.001267 0.001 0.000733
0.001333 0.002433 0.002767 0.0026 0.0021 0.001433
0.0003 0.0001 0.0001 0.000167 0.000133 0.000267
0.001167 0.001067 0.000167 0.000667 0.000767 0.000467
0.000267 0.000267 0.0003 0.0003 0.000233 0.000333
0.0004 0.000333 0.000333 0.0003 0.000233 0.000233
0.000233 0.000233 0.000333 0.000467 0.0005 0.000533
0.0006 0.000567 0.0005 0.000433 0.000333 0.000233
0.0005 0.000733 0.000667 0.000467 0.000367 0.000267
0.001467 0.001433 0.001167 0.000867 0.000667 0.001
0.000633 0.000667 0.0007 0.000633 0.000467 0.000367
0.0008 0.0014 0.001567 0.001433 0.001167 0.000867
0.000367 0.000433 0.000467 0.000433 0.000367 0.0003
0.000667 0.000833 0.000767 0.000533 0.000333 0.000233
0.000333 0.000633 0.001433 0.002167 0.002133 0.0018
0.000667 0.001233 0.001367 0.0013 0.001033 0.000733
0.001333 0.001467 0.000867 0.0003 0.0002 0.0003
0.000333 0.0002 0.000167 0.000167 0.000167 0.000233
0.000533 0.0003 0.000367 0.000867 0.0007 0.000467
0.0012 0.001167 0.000567 0.0002 0.000633 0.000633
0.000367 0.000433 0.0005 0.000433 0.000333 0.000267
0.000467 0.000467 0.000367 0.0004 0.0003 0.0003
0.0013 0.001933 0.0021 0.002033 0.0017 0.001167
0.000267 0.000433 0.0005 0.000433 0.000367 0.000267
0.0004 0.0002 0.000133 0.000333 0.000233 0.000267
0.000367 0.000133 3.3e-05 0.000133 0.0001 0.000233
0.000267 0.0004 0.000467 0.000433 0.000367 0.000367
0.0003 0.000233 0.000133 0.0001 6.7e-05 0.0001
0.000367 0.000267 0.0003 0.000267 0.000233 0.000267
0.0003 0.0002 0.000467 0.000267 0.0003 0.0005
0.000333 0.000167 0.0001 0.0001 0.0001 0.0001
0.0002 0.0003 0.000767 0.001 0.0007 0.0006
0.0006 0.001 0.001067 0.0011 0.000967 0.000833
0.000367 0.0007 0.000967 0.0012 0.0015 0.001933
0.000733 0.000767 0.000133 0.000467 0.000467 0.0003
0.000333 0.000233 0.000233 0.000233 0.0002 0.000233
0.0004 0.0004 0.000367 0.000333 0.000233 0.0002
0.0003 0.0003 0.000333 0.0003 0.000233 0.000233
0.000233 0.000267 0.0006 0.000433 0.000233 0.000467
0.000367 0.000233 0.000233 0.000233 0.000167 0.000367
0.000667 0.0008 0.000433 0.0003 0.000233 0.000233
0.000667 0.001233 0.0014 0.0013 0.001067 0.000867
0.000433 0.000567 0.001633 0.002833 0.003367 0.002933
0.000733 0.000667 0.000467 0.000367 0.000467 0.000967
0.0004 0.000333 0.000267 0.000133 0.0001 0.0001
0.0004 0.0001 0.000433 0.000933 0.000967 0.000733
0.0004 0.000667 0.0008 0.000733 0.000633 0.000767
0.0005 0.000633 0.0011 0.001 0.0015 0.002167
0.0019 0.002267 0.0022 0.002133 0.001767 0.001167
0.0004 0.000733 0.0008 0.000767 0.0006 0.000467
0.000333 0.000667 0.000867 0.0009 0.0008 0.0008
0.000367 0.000333 0.000333 0.0003 0.000233 0.000133
0.000567 0.000667 0.000733 0.0009 0.000967 0.001
0.0018 0.002467 0.002033 0.001133 0.0006 0.0004
0.000833 0.000933 0.000833 0.0008 0.0007 0.0005
0.0004 0.000567 0.0006 0.000567 0.000433 0.0003
0.000333 0.000633 0.000867 0.000967 0.000733 0.0006
0.0005 0.0007 0.000733 0.000833 0.000667 0.000533
0.000467 0.0004 0.000367 0.000333 0.000267 0.0002
0.000567 0.000233 0.0009 0.001267 0.001133 0.001067
0.000867 0.001333 0.001467 0.001433 0.001167 0.000833
0.000867 0.001167 0.001133 0.000967 0.000767 0.000533
0.000733 0.001367 0.001533 0.0014 0.0011 0.0008
0.002033 0.002567 0.0017 0.000767 0.0006 0.000433
0.000467 0.0007 0.000733 0.000733 0.000633 0.0005
0.0008 0.000567 0.000433 0.000533 0.000533 0.0005
0.000533 0.000933 0.001567 0.001633 0.0016 0.001733
0.000567 0.000167 0.0008 0.001267 0.0013 0.001367
0.000533 0.000933 0.001 0.0009 0.0007 0.0005
0.000833 0.0008 0.0004 0.0002 0.0002 0.000133
0.000367 0.000667 0.000767 0.000733 0.000633 0.0006
0.0012 0.001667 0.001267 0.0008 0.000567 0.0004
0.000967 0.001067 0.001133 0.0012 0.001167 0.000933
0.000533 0.000967 0.0011 0.001033 0.0008 0.0006
0.000367 0.000533 0.0006 0.0006 0.0005 0.000433
0.001767 0.002733 0.002533 0.001667 0.000767 0.000333
0.000333 0.000333 0.001267 0.001967 0.002067 0.001733
0.0003 0.0001 0.000133 0.000267 0.000167 0.000333
0.0017 0.001333 0.0008 0.000633 0.0005 0.000767
0.0014 0.0023 0.002833 0.0027 0.001867 0.000933
0.000233 0.000667 0.001367 0.002 0.002833 0.003367
0.0009 0.000533 0.0004 0.000733 0.0002 0.000933
0.000367 0.000467 0.000533 0.000533 0.000433 0.0003
0.0006 0.0005 0.000567 0.0007 0.000767 0.000567
0.000633 0.001 0.001 0.0009 0.000733 0.000567
0.001033 0.001467 0.0012 0.000733 0.000433 0.000333
0.000533 0.000967 0.0011 0.000967 0.000767 0.000533
0.000533 0.001067 0.001233 0.001133 0.000867 0.000633
0.000333 0.000267 0.0003 0.000267 0.000233 0.000167
0.000367 0.000233 0.000333 0.000567 0.0006 0.000633
0.000333 0.000233 0.0002 0.000367 0.0005 0.000767
0.000467 0.0004 0.000333 0.000733 0.000667 0.000633
0.002 0.002667 0.0023 0.001633 0.000933 0.0003
0.000367 0.0004 0.000433 0.0004 0.000333 0.000267
0.001067 0.001567 0.001733 0.001733 0.001433 0.000967
0.000333 0.0006 0.000633 0.000567 0.000433 0.0003
0.002167 0.002267 0.001067 0.0008 0.0009 0.0006
0.0011 0.0012 0.000833 0.0006 0.000533 0.0003
0.001033 0.001333 0.0012 0.001167 0.001133 0.001033
0.001067 0.001567 0.0016 0.0015 0.001233 0.000867
0.001167 0.000967 0.000267 0.0005 0.000767 0.000567
0.001833 0.0017 0.000767 0.000633 0.0011 0.001567
0.0006 0.0002 0.000733 0.0015 0.0016 0.001233
0.0021 0.002033 0.001433 0.000967 0.0008 0.000367
0.0027 0.003033 0.003167 0.003733 0.003 0.001233
0.001167 0.0009 0.0002 0.001767 0.0029 0.003567
0.0011 0.001067 0.000433 0.000133 0.0003 0.000267
0.0003 0.0013 0.002633 0.003533 0.0036 0.003333
0.0002 0.001467 0.003 0.003933 0.003733 0.003067
0.000633 0.000567 0.0004 0.0004 0.000533 0.0005
0.002233 0.002433 0.000733 0.001233 0.0016 0.000933
0.001633 0.0014 0.000567 0.002467 0.002467 0.0013
0.001967 0.002667 0.0027 0.002767 0.002467 0.001767
0.001733 0.0021 0.002 0.002733 0.0034 0.0028
0.000333 0.000233 0.000267 0.000233 0.0002 0.000167
0.001167 0.001467 0.001467 0.001333 0.0011 0.000933
0.0003 0.000833 0.0014 0.001467 0.0015 0.001833
0.002467 0.003133 0.0025 0.002167 0.0018 0.0012
0.0009 0.000833 0.000967 0.001267 0.001333 0.001133
0.0013 0.001633 0.001133 0.0008 0.000633 0.000467
0.002 0.002433 0.0014 0.0006 0.001133 0.0012
0.003233 0.004067 0.0024 0.000333 0.0015 0.001067
0.001733 0.0018 0.000867 0.001267 0.0024 0.001967
0.000733 0.000333 0.001 0.001967 0.002167 0.0023
0.000533 0.000767 0.001267 0.0021 0.002 0.001
0.0039 0.004667 0.0036 0.0025 0.001467 0.000667
0.000933 0.001533 0.001667 0.001633 0.001567 0.001567
0.0017 0.0023 0.002167 0.001867 0.001533 0.000967
0.000867 0.000567 0.000333 0.001 0.0014 0.0018
0.0014 0.001167 0.0002 0.001 0.0014 0.001467
0.002133 0.002867 0.002467 0.001467 0.000967 0.0009
0.002167 0.002433 0.0012 0.000867 0.001167 0.000567
0.0003 0.0003 0.000433 0.000433 0.000333 0.0004
0.001533 0.0015 0.000367 0.0007 0.001233 0.0012
0.001533 0.0016 0.001267 0.0011 0.000933 0.000633
0.000433 0.000567 0.0006 0.000533 0.000433 0.000333
0.002033 0.002 0.001367 0.001067 0.000867 0.000633
0.000733 0.001433 0.001667 0.001533 0.0012 0.0008
0.001633 0.0017 0.001433 0.001433 0.0014 0.0009
0.000667 0.001 0.0012 0.001167 0.0012 0.001333
0.000733 0.0012 0.001267 0.001133 0.0009 0.000633
0.0023 0.002967 0.001967 0.0009 0.000933 0.001
0.0012 0.002267 0.002533 0.0024 0.001967 0.001433
0.002133 0.0026 0.002467 0.0025 0.0024 0.001633
0.0013 0.0012 0.000433 0.000167 0.0005 0.000533
0.000933 0.000567 0.0002 0.001067 0.0016 0.001867
0.002167 0.001767 0.0005 0.000933 0.001467 0.0013
0.001033 0.0011 0.001 0.0005 0.0004 0.001133
0.0009 0.0015 0.001567 0.001333 0.001033 0.0007
0.002467 0.0025 0.0011 0.001133 0.001167 0.000633
0.001033 0.000833 0.001067 0.0015 0.0013 0.000833
     
0.002067 0.002567 0.0045 0.006233 0.0053 0.0035
     
0.0014 0.0019 0.002 0.0021 0.002233 0.002067
     
0.001 0.001067 0.0009 0.000767 0.0007 0.000567
0.002533 0.002133 0.0006 0.001867 0.002633 0.001767
0.001967 0.002533 0.002433 0.0023 0.001933 0.001267
0.0029 0.003433 0.002133 0.002 0.002733 0.001633
0.002767 0.002033 0.000333 0.001167 0.001833 0.001933
0.004067 0.005033 0.0036 0.000667 0.001067 0.0006
0.0011 0.0017 0.0019 0.002067 0.002333 0.002
     
0.0019 0.001933 0.002167 0.004 0.004667 0.003533
0.000533 0.001 0.001133 0.001067 0.000867 0.0007
0.002033 0.0015 0.0012 0.003833 0.004333 0.002767
0.0025 0.0025 0.000633 0.001567 0.002067 0.001033
0.001167 0.002167 0.002633 0.002933 0.0026 0.002067
0.001567 0.001433 0.0008 0.000767 0.000767 0.0006
0.001033 0.000833 0.000633 0.0008 0.001167 0.001267
0.001933 0.0009 0.001467 0.002967 0.002733 0.001567
0.001067 0.001033 0.000467 0.000233 0.0002 0.0002
0.002033 0.002067 0.001533 0.000933 0.0007 0.000367
0.002967 0.0024 0.000467 0.0014 0.002167 0.001967
0.001433 0.0017 0.001633 0.001 0.000167 0.0008
0.002267 0.0029 0.002167 0.0008 0.000933 0.002
0.004 0.005467 0.0041 0.0011 0.0004 0.0002
0.001733 0.001833 0.0007 0.000767 0.001267 0.001233
0.002733 0.0027 0.001767 0.001633 0.002267 0.002033
0.000467 0.001833 0.003367 0.004133 0.003567 0.002667
0.0009 0.000767 0.000767 0.001333 0.0016 0.001233
     
0.000567 0.0011 0.001267 0.001167 0.000933 0.000667
0.001933 0.002533 0.002567 0.002367 0.002 0.0015
0.001133 0.001867 0.002133 0.002167 0.001867 0.001367
0.001167 0.001133 0.001033 0.001267 0.001333 0.001367
0.0047 0.005667 0.003933 0.0009 0.000667 0.0004
     
0.001233 0.0008 3.3e-05 0.0007 0.000967 0.000733
0.0017 0.0016 0.0011 0.0015 0.001833 0.001567
     
0.0006 0.001433 0.002033 0.002133 0.0022 0.0023
     
0.000867 0.001567 0.001767 0.0016 0.001233 0.000867
0.002733 0.003067 0.0022 0.0017 0.0016 0.001333
0.003033 0.003333 0.0016 0.001167 0.0013 0.000767
0.002767 0.003433 0.002467 0.0015 0.001133 0.001
0.002967 0.003333 0.001767 0.000267 0.001033 0.0007
0.001567 0.0015 0.0009 0.0006 0.000533 0.000267
0.001667 0.0014 0.0007 0.000833 0.001067 0.0008
0.0026 0.002633 0.001067 0.000867 0.001967 0.002233
0.000767 0.0005 0.000567 0.0009 0.001133 0.001033
0.0019 0.001733 0.000833 0.001133 0.0018 0.0016
0.002467 0.002367 0.0012 0.001867 0.003133 0.003433
     
0.0016 0.001433 0.000967 0.000633 0.000533 0.000833
     
     
     
0.186833 0.001833 0.0047 0.005333 0.004467 0.003333
     
     
     
     
0.0006 0.000833 0.000967 0.000833 0.000633 0.000667
     
     
     
0.0033 0.003333 0.001667 0.001033 0.0015 0.000967
0.0021 0.000967 0.0016 0.003133 0.002967 0.002067
     
0.0055 0.005233 0.0035 0.0017 0.0007 0.000367
0.003967 0.005267 0.005 0.004433 0.003933 0.003067
0.003 0.001567 0.001 0.003267 0.004533 0.004433
0.002467 0.003067 0.002567 0.0018 0.000833 0.0002
     
     
0.001733 0.001567 0.0004 0.0014 0.0031 0.0041
     
     
0.0019 0.0026 0.001433 0.000733 0.000567 0.0006
     
0.000633 0.001167 0.0014 0.001533 0.001433 0.001267
0.005567 0.007267 0.005833 0.003233 0.001967 0.0017
     
0.0021 0.0024 0.001433 0.001233 0.001533 0.002233
     
     
0.002 0.001267 0.000167 0.002067 0.003867 0.004433
     
     
0.001 0.002067 0.003167 0.003667 0.003867 0.003933
     
0.001667 0.000633 0.002633 0.003733 0.003267 0.0021
     
0.004533 0.0051 0.0032 0.000867 0.000833 0.000667
     
0.0044 0.005767 0.004633 0.001933 0.000667 0.000533
0.001467 0.000267 0.001467 0.0024 0.002533 0.0023
0.002533 0.001833 0.000533 0.001833 0.003133 0.003267
     
0.001567 0.001233 0.000333 0.0015 0.002267 0.0023
     
     
     
0.002567 0.003067 0.002267 0.001633 0.001467 0.0013
     
     
     
     
     
     
     
     
0.001633 0.002433 0.0027 0.002533 0.002033 0.001467
     
     
     
     
0.0057 0.005767 0.003733 0.0009 0.000433 0.000633
     
     
     
     
0.003233 0.0038 0.0034 0.0025 0.001333 0.000967
     
     
     
     
     
     
     
0.001533 0.002033 0.002133 0.002033 0.001933 0.001767
     
     
     
     
0.163767 0.002333 0.002067 0.001967 0.0034 0.004733
     
     
     
0.000533 0.003767 0.006033 0.006867 0.007033 0.007267
     
     
     
     
     
     
     
0.005 0.008267 0.008133 0.007 0.006267 0.005767
     
0.001667 0.001067 0.000833 0.003267 0.004633 0.004833
     
     
     
     
     
     
     
     
     
     
     
     
0.0031 0.0043 0.004267 0.0036 0.002767 0.001933
     
     
     
     
     
     
     
     
     
     
0.278067 0.000433 0.002 0.001467 0.000433 0.0028
     
     
     
     
     
     
0.0031 0.003233 0.0016 0.0012 0.0016 0.000933
     
     
     
     
0.483033 0.0058 0.007 0.006467 0.007667 0.0141
     
     
     
0.1167 0.002833 0.005467 0.007467 0.007267 0.005667
     
     
     
     
     
     
     
     
     
     
0.413733 0.000833 0.001 6.7e-05 0.000533 3.3e-05
     
     
     
0.689967 0.0014 0.001833 0.0017 0.001967 0.0023
0.371367 0.001033 0.001067 0.001367 0.0019 0.001933
     
     
     
0.366233 0.0003 0.000733 0.0022 0.0027 0.002
     
0.2047 0.0089 0.0064 0.0057 0.005067 0.004633
0.179767 0.002667 0.002367 0.002533 0.0015 0.000267
     
     
     
     
     
     
0.7457 0.0029 0.004933 0.005767 0.005433 0.004533
0.5254 0.001033 0.000967 0.0008 0.001067 0.000733
0.433167 0.001433 0.003833 0.004467 0.004567 0.003667
0.129833 0.005867 0.0062 0.006567 0.0058 0.005433
0.577 0.000867 0.003367 0.004467 0.0039 0.002467
     
     
     
     
     
     
     
     
     
     
     
     
     
0.3317 0.0004 0.000967 0.0027 0.003967 0.004767
     
     
     
     
     
     
     
0.871867 0.003467 0.004367 0.003533 0.0029 0.0019
     
0.344133 0.002533 0.003233 0.004 0.003733 0.0035
     
     
     
0.0284 0.0016 0.001967 0.002467 0.001567 0.002367
     
     
1.160567 0.004467 0.0063 0.007633 0.007333 0.0064
0.308 0.0003 0.000333 0.001033 0.0011 0.001033
0.147433 0.001867 0.0024 0.003067 0.003867 0.004267
     
0.448433 0.0003 0.001867 0.0021 0.001667 0.001867
     
     
     
0.174433 0.001167 0.0004 0.0011 0.001233 0.0006
     
     
     
     
     
0.3163 0.0021 0.003467 0.005133 0.006 0.005633
     
     
     
0.5991 0.002667 0.003667 0.004633 0.0056 0.0074
     
0.5189 0.001733 0.001933 0.001567 0.0004 0.000867
     
     
     
     
     
     
     
     
     
     
     
     
0.173833 0.0021 0.002167 0.000967 0.0002 0.000667
     
     
     
     
     
     
     
     
     
     
1.501 0.001433 0.0023 0.004067 0.005367 0.0059
     
     
