0.038395
0.058414
0.037329
0.061051
0.029204
0.030645
0.037669
0.035059
0.031360
0.024045
0.038681
0.054078
0.030436
0.033010
0.059841
0.064684
0.035525
0.065136
0.050721
0.047885
0.020709
0.029606
0.040775
0.033384
0.026528
0.036139
0.046812
0.036927
0.035663
0.048278
0.025204
0.021163
0.047185
0.033347
0.041690
0.031328
0.058813
0.021461
0.024941
0.047553
0.034144
0.041671
0.027965
0.035799
0.041664
0.084388
0.063135
0.057697
0.042827
0.054317
0.049334
0.018347
0.030426
0.039150
0.040630
0.032693
0.052315
0.045589
0.040815
0.062297
0.076563
0.086652
0.040106
0.042069
0.046508
0.038982
0.035327
0.056406
0.060326
0.037949
0.050855
0.067748
0.030585
0.023042
0.030209
0.049571
0.045445
0.056621
0.029513
0.047502
0.048850
0.084946
0.050554
0.046865
0.060480
0.064317
0.042677
0.033605
0.031126
0.062759
0.035003
0.060065
0.071858
0.053128
0.050148
0.061954
0.035043
0.065425
0.056295
0.064171
0.047481
0.050971
0.037032
0.048256
0.037802
0.044513
0.040021
0.043373
0.057195
0.072265
0.061780
0.052542
0.041326
0.048571
0.069788
0.052436
0.038426
0.060186
0.059697
0.070949
0.066966
0.067235
0.048329
0.067297
0.066569
0.063606
0.075299
0.043694
0.041235
0.073136
0.049807
0.082947
0.067629
0.054300
0.037830
0.014672
0.045685
0.030344
0.062947
0.060326
0.051359
0.031053
0.098165
0.067441
0.084079
0.049232
0.052249
0.055856
0.042387
0.059529
0.057773
0.069062
0.042695
0.068274
0.042802
0.077390
0.046356
0.064157
0.042732
0.035520
0.051668
0.077062
0.052476
0.067889
0.051928
0.075014
0.130299
0.081103
0.075982
0.051748
0.060432
0.058299
0.059928
0.065291
0.045299
0.054903
0.052283
0.073566
0.069736
0.078126
0.062862
0.076889
0.053895
0.058246
0.046623
0.078791
0.095381
0.107287
0.088448
0.077580
0.060189
0.073917
0.073885
0.094541
0.091443
0.043614
0.077494
0.087816
0.054634
0.075727
0.078452
0.044266
0.070664
0.058769
0.068739
0.034566
0.061670
0.089197
0.071196
0.081008
0.097825
0.090485
0.077781
0.055875
0.075554
0.059924
0.093574
0.081001
0.081541
0.079399
0.089540
0.118859
0.096746
0.096517
0.099941
0.117279
0.094057
0.058015
0.088362
0.047848
0.081683
0.085119
0.113788
0.070148
0.068543
0.070550
0.065700
0.096887
0.092289
0.083166
0.078080
0.087472
0.085651
0.091612
0.108056
0.091248
0.068421
0.088380
0.081123
0.075663
0.086574
0.078623
0.097797
0.082527
0.078531
0.069082
0.124925
0.086461
0.121311
0.105299
0.093041
0.096656
0.075084
0.079368
0.068715
0.061582
0.056151
0.081010
0.111217
0.075334
0.089422
0.061959
0.077760
0.028502
0.096520
0.100940
0.080087
0.083118
0.101551
0.109455
0.089482
0.119891
0.128798
0.111744
0.087424
0.098275
0.089530
0.081032
0.096301
0.083647
0.093842
0.101786
0.067771
0.098496
0.096804
0.084856
0.083591
0.078853
0.096812
0.088469
0.109027
0.095831
0.106807
0.111425
0.118236
0.095542
0.142326
0.093847
0.100229
0.096313
0.080711
0.089268
0.083212
0.073100
0.135731
0.096526
0.098128
0.100218
0.091995
0.120313
0.077107
0.095538
0.121928
0.116908
0.104247
0.102453
0.071580
0.087010
0.094892
0.100334
0.140237
0.144224
0.084902
0.104118
0.098312
0.113984
0.095297
0.101991
0.133340
0.134390
0.100381
0.122823
0.096139
0.088413
0.096544
0.088792
0.102558
0.099359
0.095540
0.100609
0.091378
0.126247
0.104090
0.113040
0.108891
0.098331
0.085070
0.125135
0.095394
0.090822
0.093912
0.055340
0.095973
0.087161
0.089958
0.123086
0.110661
0.100750
0.102018
0.147841
0.109619
0.095531
0.088889
0.110379
0.101908
0.107730
0.102761
0.111844
0.117010
0.118215
0.099060
0.110580
0.108580
0.112044
0.107610
0.140430
0.115227
0.112762
0.157628
0.115598
0.127956
0.124884
0.111859
0.104126
0.107311
0.104510
0.112866
0.111174
0.109170
0.116538
0.115676
0.131352
0.096612
0.127268
0.140494
0.113032
0.127126
0.124819
0.103997
0.122228
0.093334
0.084086
0.133851
0.104530
0.108463
0.117555
0.131484
0.117596
0.118643
0.145984
0.120984
0.114351
0.103168
0.129658
0.117577
0.113359
0.121129
0.123701
0.136079
0.129274
0.134058
0.114888
0.140211
0.125294
0.111780
0.164945
0.126992
0.134216
0.155132
0.132553
0.129585
0.131101
0.103635
0.122681
0.112579
0.119297
0.125106
0.116030
0.121055
0.141092
0.130392
0.135386
0.103909
0.127310
0.141292
0.113618
0.133577
0.147134
0.108089
0.142205
0.126228
0.097882
0.118438
0.100368
0.130028
0.142328
0.156551
0.137893
0.138428
0.156675
0.151314
0.140347
0.118651
0.094601
0.135121
0.121472
0.135654
0.133648
0.137892
0.137634
0.142130
0.115300
0.161271
0.133259
0.115186
0.189082
0.124116
0.135879
0.142309
0.121214
0.153074
0.138288
0.125502
0.138130
0.104096
0.125983
0.137121
0.109246
0.121523
0.144413
0.147675
0.148841
0.134878
0.119851
0.154065
0.102728
0.133648
0.158237
0.133238
0.153252
0.143340
0.101531
0.126187
0.104634
0.142175
0.149000
0.150780
0.130327
0.163366
0.168027
0.168507
0.144588
0.135548
0.102221
0.148999
0.120033
0.152610
0.125783
0.144183
0.150391
0.140761
0.114501
0.198071
0.142582
0.142081
0.226027
0.172926
0.154260
0.144075
0.167672
0.142154
0.166613
0.148164
0.161960
0.121067
0.103717
0.144425
0.164715
0.131400
0.154198
0.129068
0.147923
0.184919
0.165730
0.153528
0.103078
0.142549
0.153096
0.165418
0.156453
0.127261
0.150491
0.138366
0.130182
0.144914
0.160400
0.181294
0.157405
0.174095
0.170653
0.173929
0.173308
0.133409
0.128326
0.152122
0.176804
0.169929
0.138039
0.168338
0.157931
0.127853
0.118170
0.182174
0.163697
0.143368
0.234635
0.195051
0.216413
0.141905
0.168023
0.152077
0.144162
0.169829
0.194201
0.101756
0.124724
0.163168
0.145374
0.158175
0.168328
0.168961
0.127827
0.165178
0.177973
0.125699
0.158558
0.137471
0.151276
0.169357
0.162256
0.134145
0.143900
0.137626
0.126912
0.199919
0.164788
0.147332
0.146095
0.171818
0.154689
0.158473
0.161404
0.140365
0.143417
0.152989
0.171447
0.141981
0.138912
0.184552
0.170913
0.133312
0.139718
