0.001115 0.001349 0.001409 0.001395 0.001472 0.001186
0.001731 0.001848 0.001779 0.001912 0.001981 0.001773
0.001656 0.002454 0.002475 0.002287 0.001893 0.001450
0.003030 0.003791 0.003372 0.002788 0.002226 0.001657
0.000872 0.001061 0.000921 0.000906 0.000827 0.000706
0.001028 0.001284 0.001209 0.001210 0.001066 0.000796
0.001429 0.001883 0.001728 0.001635 0.001454 0.001167
0.001455 0.001949 0.001897 0.001586 0.001136 0.000806
0.001212 0.001594 0.001364 0.001297 0.001072 0.000763
0.000704 0.000858 0.000934 0.000965 0.000784 0.000605
0.001300 0.001624 0.001758 0.001752 0.001573 0.001324
0.002336 0.002944 0.002904 0.002383 0.001859 0.001399
0.001202 0.001629 0.001663 0.001463 0.001107 0.000815
0.001208 0.001670 0.001658 0.001434 0.001208 0.000978
0.002160 0.002493 0.002412 0.002674 0.002378 0.001930
0.001739 0.001863 0.001991 0.002655 0.002865 0.002477
0.000992 0.001442 0.001416 0.001126 0.000998 0.000965
0.001914 0.001886 0.002606 0.002376 0.002770 0.002567
0.001125 0.001118 0.000924 0.001181 0.001763 0.001645
0.001491 0.001608 0.001753 0.001680 0.001656 0.001434
0.000783 0.001085 0.001018 0.000831 0.000631 0.000435
0.001025 0.001354 0.001321 0.001306 0.001049 0.000778
0.001278 0.001312 0.001035 0.001566 0.001650 0.001388
0.000757 0.000824 0.000599 0.000954 0.001175 0.000951
0.001024 0.001423 0.001374 0.001120 0.000779 0.000621
0.001632 0.002228 0.002154 0.001807 0.001261 0.000938
0.001817 0.002483 0.002431 0.002129 0.001777 0.001437
0.000925 0.001146 0.000997 0.001309 0.001446 0.001269
0.001461 0.001972 0.001901 0.001638 0.001257 0.000904
0.002173 0.002753 0.002562 0.002291 0.001839 0.001344
0.000712 0.000923 0.001055 0.000871 0.000688 0.000482
0.000540 0.000664 0.000690 0.000686 0.000570 0.000408
0.001832 0.002200 0.002191 0.002067 0.001814 0.001536
0.001169 0.001458 0.001466 0.001377 0.001099 0.000808
0.001907 0.002560 0.002478 0.002045 0.001434 0.001027
0.001243 0.001667 0.001559 0.001265 0.000910 0.000737
0.001148 0.001570 0.001412 0.001852 0.002354 0.002179
0.000486 0.000638 0.000745 0.000742 0.000579 0.000419
0.000791 0.001219 0.001312 0.001248 0.000967 0.000712
0.001712 0.002035 0.001911 0.002110 0.001888 0.001493
0.001447 0.001936 0.001855 0.001527 0.001337 0.001073
0.001891 0.002517 0.002409 0.001984 0.001396 0.001079
0.000910 0.001229 0.001158 0.000972 0.000772 0.000669
0.001109 0.001521 0.001440 0.001177 0.001084 0.000830
0.000899 0.000976 0.001744 0.002071 0.001890 0.001477
0.002787 0.002890 0.002543 0.003626 0.004089 0.003558
0.002182 0.002219 0.002157 0.002610 0.002872 0.002432
0.001458 0.001882 0.001680 0.002027 0.002048 0.001871
0.001689 0.002000 0.001811 0.001893 0.001709 0.001425
0.001804 0.002056 0.001938 0.002370 0.002489 0.002189
0.002248 0.002744 0.002514 0.002265 0.001886 0.001439
0.000551 0.000729 0.000680 0.000619 0.000570 0.000456
0.001271 0.001714 0.001595 0.001288 0.000932 0.000703
0.001467 0.001928 0.002014 0.001945 0.001557 0.001173
0.001814 0.002366 0.002193 0.001953 0.001486 0.001094
0.001199 0.001584 0.001624 0.001371 0.001092 0.000798
0.001757 0.001861 0.001414 0.002190 0.002238 0.001834
0.001119 0.001081 0.000870 0.001360 0.001669 0.001407
0.001535 0.001867 0.001851 0.001779 0.001455 0.001131
0.002828 0.003578 0.003510 0.003198 0.002694 0.002030
0.002892 0.003157 0.003314 0.003592 0.003210 0.002906
0.002588 0.002629 0.002832 0.003978 0.004374 0.003927
0.001688 0.002252 0.002184 0.001852 0.001306 0.000943
0.001749 0.002260 0.002234 0.002002 0.001511 0.001110
0.001998 0.002495 0.002216 0.002411 0.002111 0.001714
0.000960 0.001099 0.001121 0.001196 0.001183 0.001004
0.001428 0.001794 0.001736 0.001624 0.001312 0.001046
0.002372 0.004071 0.004962 0.005005 0.004438 0.003351
0.002173 0.002928 0.002872 0.002421 0.001970 0.001777
0.001648 0.002186 0.002048 0.001650 0.001220 0.001121
0.002208 0.003309 0.003344 0.003004 0.002553 0.001934
0.003776 0.005000 0.004902 0.004413 0.003369 0.002337
0.000933 0.001258 0.001345 0.001222 0.000939 0.000674
0.000724 0.000861 0.000844 0.000834 0.000620 0.000450
0.001017 0.001236 0.001199 0.001112 0.000862 0.000617
0.002433 0.003261 0.003174 0.002608 0.001923 0.001363
0.001603 0.002130 0.002149 0.001972 0.001724 0.001418
0.001807 0.002352 0.002269 0.002317 0.002365 0.001932
0.001303 0.001825 0.001769 0.001459 0.000996 0.000711
0.001830 0.002144 0.002175 0.002087 0.001668 0.001275
0.001354 0.001869 0.001922 0.002092 0.002036 0.001650
0.003774 0.004942 0.004709 0.005525 0.005454 0.004465
0.002395 0.003017 0.002706 0.002207 0.001759 0.001326
0.002060 0.002766 0.002757 0.002301 0.001938 0.001503
0.001946 0.002284 0.002735 0.002917 0.002527 0.002040
0.003228 0.004124 0.004059 0.003618 0.002863 0.002076
0.001879 0.002400 0.002096 0.001924 0.001675 0.001266
0.001024 0.001233 0.001342 0.001369 0.001115 0.000904
0.001074 0.001411 0.001520 0.001585 0.001327 0.001015
0.003037 0.003924 0.003750 0.003306 0.002791 0.002094
0.001327 0.001812 0.001848 0.001552 0.001336 0.001029
0.002721 0.003241 0.003021 0.003248 0.002779 0.002055
0.003797 0.004523 0.004015 0.003054 0.002460 0.001896
0.001980 0.002320 0.001842 0.002036 0.001985 0.001710
0.002219 0.002877 0.002869 0.002482 0.001927 0.001441
0.002481 0.003051 0.003028 0.002339 0.001954 0.001640
0.001433 0.001901 0.001766 0.001609 0.001280 0.000970
0.002534 0.002971 0.003221 0.003380 0.003281 0.002737
0.001930 0.002302 0.002166 0.002795 0.002775 0.002269
0.003093 0.003670 0.003139 0.003049 0.002615 0.002014
0.001973 0.002603 0.002391 0.001964 0.001687 0.001512
0.002200 0.002959 0.002875 0.002723 0.002410 0.001887
0.001092 0.001449 0.001436 0.001271 0.001059 0.000934
0.001538 0.002072 0.001987 0.001631 0.001364 0.001073
0.001586 0.002077 0.002223 0.002049 0.001564 0.001109
0.002118 0.002880 0.002824 0.002336 0.001676 0.001181
0.001493 0.002081 0.002074 0.001765 0.001395 0.001025
0.001874 0.002518 0.002424 0.002021 0.001697 0.001372
0.002580 0.003104 0.002932 0.002742 0.002334 0.001801
0.003909 0.004621 0.004478 0.003926 0.003140 0.002328
0.002703 0.003167 0.002917 0.003316 0.002913 0.002404
0.001438 0.001461 0.001656 0.001749 0.001671 0.001445
0.001764 0.002267 0.002119 0.001793 0.001420 0.001129
0.001891 0.002615 0.003100 0.003173 0.002776 0.002142
0.003959 0.005416 0.005319 0.004303 0.003522 0.002714
0.002369 0.003190 0.003106 0.002601 0.001945 0.001376
0.001973 0.003052 0.003332 0.003163 0.002640 0.001967
0.002778 0.003310 0.002934 0.002650 0.002110 0.001569
0.002887 0.003884 0.003769 0.003054 0.002129 0.001502
0.003799 0.004743 0.004844 0.004239 0.003100 0.002171
0.002879 0.003533 0.003203 0.002646 0.002270 0.002018
0.002863 0.003795 0.003826 0.003782 0.003348 0.002632
0.001772 0.002000 0.002177 0.002271 0.002011 0.001551
0.002933 0.004144 0.004003 0.003141 0.002864 0.002321
0.003411 0.004709 0.004660 0.004047 0.002854 0.001982
0.003769 0.004785 0.004575 0.003813 0.002733 0.001942
0.004108 0.004616 0.004552 0.004087 0.003314 0.002486
0.001742 0.002294 0.002353 0.002091 0.001756 0.001368
0.001707 0.002171 0.002137 0.002008 0.001579 0.001172
0.002832 0.003660 0.004145 0.004913 0.004578 0.003594
0.001847 0.002621 0.002702 0.002401 0.001949 0.001437
0.003437 0.004414 0.004577 0.004253 0.004406 0.003755
0.003255 0.004177 0.004073 0.003368 0.003060 0.002419
0.002452 0.003118 0.003190 0.002983 0.002673 0.002169
0.001659 0.002226 0.002187 0.001896 0.001354 0.000940
0.000450 0.000505 0.000484 0.000532 0.000464 0.000378
0.001533 0.001940 0.002108 0.002011 0.001599 0.001208
0.001120 0.001388 0.001349 0.001168 0.000882 0.000667
0.002929 0.003939 0.003877 0.003334 0.002839 0.002226
0.002726 0.003317 0.003297 0.002880 0.002566 0.002022
0.001722 0.002047 0.002471 0.002480 0.002006 0.001519
0.000790 0.001096 0.001006 0.001001 0.000926 0.000682
0.002824 0.003115 0.003223 0.004013 0.004478 0.004302
0.003805 0.005239 0.005395 0.004730 0.003324 0.002647
0.002241 0.003057 0.003081 0.003197 0.003599 0.003283
0.001818 0.002302 0.002263 0.002067 0.001743 0.001620
0.002272 0.002998 0.002970 0.002511 0.001866 0.001425
0.002636 0.003496 0.003327 0.002628 0.002353 0.001953
0.002028 0.002766 0.002710 0.002252 0.001662 0.001173
0.003385 0.004632 0.004455 0.003521 0.002399 0.001954
0.002307 0.003031 0.003022 0.002857 0.002303 0.001725
0.004106 0.005673 0.005863 0.005462 0.003843 0.002530
0.002013 0.002763 0.002753 0.002345 0.001792 0.001338
0.004390 0.005466 0.005259 0.004511 0.003185 0.002237
0.001178 0.001286 0.001417 0.001351 0.001341 0.001186
0.002745 0.002970 0.003182 0.002890 0.002998 0.002637
0.001602 0.001846 0.001800 0.001902 0.001811 0.001515
0.002922 0.003737 0.003734 0.003269 0.002535 0.001817
0.001826 0.002528 0.002536 0.002228 0.001737 0.001324
0.001374 0.001822 0.001682 0.001386 0.001022 0.000742
0.002189 0.002603 0.002531 0.002466 0.002108 0.001689
0.003980 0.004909 0.004778 0.004544 0.003738 0.002762
0.001979 0.002586 0.002489 0.002370 0.002256 0.001831
0.003054 0.004007 0.003896 0.003389 0.002796 0.002169
0.002367 0.003273 0.003481 0.003051 0.002567 0.001983
0.004147 0.004856 0.004357 0.004076 0.003289 0.002315
0.003618 0.004021 0.004108 0.005411 0.007218 0.007318
0.005034 0.006197 0.006299 0.005467 0.005328 0.004293
0.004373 0.005779 0.005477 0.004552 0.002954 0.002323
0.001866 0.002870 0.002972 0.002657 0.002484 0.002066
0.002846 0.003899 0.003971 0.003500 0.002788 0.002093
0.002761 0.003567 0.003332 0.002691 0.002074 0.001515
0.002920 0.003682 0.003528 0.003152 0.002417 0.001735
0.002803 0.003877 0.004878 0.004927 0.004282 0.003155
0.002080 0.002902 0.002914 0.002515 0.001925 0.001384
0.002827 0.003799 0.003636 0.003355 0.002692 0.001968
0.002313 0.003167 0.003150 0.002676 0.002094 0.001654
0.004695 0.006121 0.005975 0.004990 0.003500 0.002338
0.003295 0.004082 0.003790 0.003707 0.003404 0.002698
0.006074 0.007474 0.007555 0.006411 0.004761 0.003053
0.002868 0.003789 0.003674 0.003010 0.002217 0.001680
0.006516 0.007721 0.007535 0.006237 0.004267 0.002435
0.002548 0.003462 0.003385 0.002829 0.002236 0.001606
0.002952 0.003993 0.003810 0.003131 0.002481 0.001843
0.002513 0.003956 0.004409 0.004108 0.003319 0.002332
0.004472 0.004893 0.004601 0.004138 0.003310 0.002442
0.003573 0.005645 0.006221 0.005605 0.004507 0.004020
0.007465 0.008149 0.008683 0.008469 0.007580 0.006036
0.004663 0.005013 0.004759 0.004801 0.005067 0.004444
0.005577 0.006095 0.006181 0.005624 0.004823 0.003900
0.002959 0.004223 0.004196 0.003489 0.002870 0.002469
0.004264 0.005385 0.005330 0.004595 0.003462 0.002563
0.005993 0.007852 0.008883 0.008421 0.006457 0.004498
0.004007 0.004698 0.003529 0.004707 0.004617 0.003780
0.006832 0.008310 0.007324 0.005923 0.005446 0.004152
0.001721 0.002241 0.002318 0.002092 0.001660 0.001417
0.005635 0.006435 0.006140 0.005229 0.003628 0.002271
0.006186 0.007676 0.007716 0.007197 0.006046 0.004041
0.002821 0.003832 0.003670 0.002941 0.002235 0.001669
0.003949 0.004915 0.004769 0.004026 0.003139 0.002436
0.006408 0.008428 0.008740 0.007460 0.005298 0.003183
0.001172 0.001306 0.001353 0.001571 0.001359 0.001129
0.003526 0.004699 0.004497 0.003596 0.002655 0.001883
0.003038 0.003969 0.003741 0.003086 0.002370 0.001719
0.003089 0.003785 0.003299 0.003288 0.002901 0.002249
0.001227 0.001747 0.001718 0.001359 0.001026 0.000757
0.002983 0.003927 0.003651 0.003232 0.002686 0.002039
0.004970 0.005246 0.003783 0.004626 0.004302 0.003590
0.002892 0.003152 0.003595 0.003397 0.002947 0.002320
0.004514 0.006260 0.006086 0.004769 0.003990 0.003059
0.004876 0.005661 0.006097 0.005804 0.004897 0.004062
0.004546 0.005050 0.005529 0.006823 0.007033 0.006470
0.005109 0.006047 0.005678 0.005023 0.003934 0.002827
0.002696 0.003523 0.003343 0.002930 0.002258 0.001604
0.003649 0.004551 0.004508 0.003948 0.002898 0.002029
0.002276 0.002656 0.002792 0.002816 0.002420 0.001990
0.004645 0.005327 0.004326 0.004133 0.004201 0.003679
0.003557 0.003855 0.003511 0.004421 0.004310 0.003793
0.004560 0.005600 0.005464 0.004607 0.003880 0.003178
0.003854 0.004814 0.004502 0.005090 0.004580 0.003575
0.008669 0.011207 0.012186 0.011954 0.009580 0.006778
0.005176 0.005512 0.006324 0.007494 0.006508 0.005522
0.004623 0.004853 0.005161 0.004840 0.004004 0.003132
0.005937 0.007269 0.007617 0.006291 0.005234 0.003990
0.003984 0.004397 0.004526 0.005361 0.005362 0.004541
0.008807 0.007764 0.007351 0.008334 0.008871 0.007414
0.008812 0.009697 0.009688 0.007877 0.005674 0.003478
0.001717 0.001982 0.002110 0.002373 0.001960 0.001611
0.004834 0.005913 0.005417 0.005202 0.004586 0.003503
0.001850 0.002451 0.002448 0.001971 0.001532 0.001174
0.005231 0.006157 0.005950 0.005663 0.005439 0.004160
0.008211 0.010972 0.011373 0.010130 0.007762 0.005426
0.005413 0.006849 0.006330 0.006155 0.005033 0.004041
0.002572 0.004088 0.004327 0.003944 0.003476 0.002922
0.004164 0.005713 0.005560 0.004449 0.003293 0.002220
0.004144 0.005881 0.005870 0.005009 0.003712 0.002538
0.003327 0.004091 0.003613 0.002989 0.002611 0.002073
0.006636 0.007300 0.006621 0.006079 0.005343 0.004130
0.005742 0.006609 0.006445 0.005747 0.004233 0.003560
0.005169 0.006467 0.005940 0.005392 0.005344 0.004468
0.004070 0.005221 0.005763 0.005461 0.004466 0.003232
0.008928 0.010677 0.010818 0.009684 0.007002 0.004704
0.004856 0.005873 0.005995 0.005637 0.004835 0.004038
0.005821 0.006624 0.006021 0.005432 0.004421 0.003445
0.007091 0.008280 0.007667 0.007197 0.006957 0.005795
0.006520 0.007765 0.007383 0.006527 0.006195 0.004985
0.003603 0.004896 0.005051 0.004371 0.003263 0.002248
0.005941 0.006523 0.006800 0.006482 0.004955 0.003400
0.003847 0.004265 0.004089 0.004752 0.004379 0.003368
0.006099 0.008223 0.008030 0.006944 0.004730 0.003045
0.006942 0.007520 0.007015 0.006439 0.005487 0.003600
0.003650 0.004440 0.004378 0.004271 0.003541 0.002802
0.003447 0.004664 0.004533 0.004269 0.003572 0.002916
0.007600 0.010629 0.010444 0.009401 0.008070 0.005930
0.007016 0.008923 0.008804 0.008359 0.006700 0.004541
0.002947 0.004275 0.004378 0.003596 0.003335 0.002856
0.008089 0.008728 0.008166 0.007593 0.007958 0.007180
0.006249 0.008300 0.009999 0.010266 0.008865 0.007250
0.006265 0.005652 0.006894 0.009978 0.010001 0.008670
0.005616 0.005902 0.005852 0.007613 0.007289 0.006443
0.002456 0.003121 0.003772 0.004774 0.004438 0.003537
0.006920 0.008008 0.007913 0.006556 0.005083 0.003536
0.004289 0.005369 0.005089 0.004506 0.003817 0.003257
0.005681 0.007209 0.007074 0.006503 0.005341 0.003788
0.003797 0.005185 0.005432 0.004774 0.003559 0.002420
0.003058 0.003974 0.003696 0.003048 0.002407 0.001834
0.002134 0.002827 0.002555 0.002900 0.002767 0.002236
0.003854 0.005007 0.005099 0.004999 0.004269 0.003178
0.003922 0.004738 0.004777 0.004435 0.004863 0.004464
0.004000 0.005306 0.005609 0.005052 0.004174 0.003228
0.008913 0.011246 0.010240 0.008700 0.008408 0.006927
0.002815 0.003344 0.003077 0.003105 0.003039 0.002499
0.007281 0.008728 0.008767 0.007292 0.004681 0.002799
0.000972 0.001345 0.001246 0.001162 0.001050 0.000830
0.009978 0.010928 0.010461 0.008968 0.006144 0.003949
0.006012 0.007205 0.006867 0.006142 0.005989 0.005000
0.006110 0.008021 0.007868 0.006403 0.005760 0.004139
0.006143 0.007498 0.007312 0.006489 0.004767 0.003058
0.006297 0.007697 0.007097 0.006303 0.004944 0.003106
0.008876 0.009775 0.009151 0.007988 0.008211 0.007266
0.007665 0.009418 0.008726 0.007596 0.006026 0.003901
0.009140 0.009223 0.008017 0.007651 0.007973 0.007466
0.010960 0.011595 0.012383 0.014465 0.018821 0.018833
0.009233 0.012600 0.013312 0.013597 0.012464 0.010326
0.006361 0.006974 0.006017 0.005652 0.004737 0.003355
0.013259 0.013311 0.012645 0.011815 0.010034 0.008031
0.012766 0.015391 0.015188 0.012956 0.009471 0.007222
0.004636 0.005548 0.005253 0.005065 0.004337 0.002962
0.010304 0.011279 0.010561 0.009453 0.006220 0.004204
0.011436 0.012462 0.011563 0.010467 0.006695 0.003600
0.009214 0.010859 0.011182 0.009943 0.006993 0.005916
0.011626 0.013943 0.013346 0.012717 0.010459 0.007376
0.002668 0.003712 0.003475 0.003818 0.003722 0.003029
0.006400 0.006788 0.005998 0.005885 0.005591 0.004240
0.005680 0.006765 0.006351 0.006861 0.007023 0.006162
0.010839 0.012519 0.011992 0.010927 0.007184 0.004915
0.007274 0.008707 0.008291 0.007076 0.005970 0.003944
0.006648 0.007957 0.007801 0.006340 0.004738 0.003120
0.009406 0.011096 0.010168 0.009299 0.007807 0.005802
0.012524 0.014732 0.014153 0.014307 0.011166 0.007490
0.009919 0.011533 0.012566 0.010830 0.008813 0.006738
0.006845 0.008839 0.009161 0.008764 0.008344 0.006667
0.003862 0.004798 0.005644 0.008438 0.008573 0.008125
0.014580 0.016618 0.015696 0.012470 0.010481 0.008621
0.006416 0.008543 0.008911 0.007379 0.007132 0.006774
0.007813 0.010248 0.009549 0.008213 0.007472 0.006462
0.006828 0.008724 0.008566 0.007854 0.008134 0.007210
0.007381 0.008274 0.008253 0.007489 0.006939 0.005261
0.009193 0.011132 0.011055 0.012080 0.011042 0.008648
0.010175 0.011568 0.010627 0.010754 0.009055 0.007282
0.004653 0.005337 0.004625 0.004318 0.003781 0.002870
0.007642 0.009813 0.010121 0.008973 0.006844 0.004809
0.007692 0.009590 0.009389 0.007731 0.005052 0.003237
0.003159 0.004415 0.004375 0.003531 0.002656 0.002069
0.008715 0.009695 0.009513 0.008706 0.009059 0.008277
0.003340 0.005766 0.006221 0.005888 0.005044 0.004175
0.009166 0.009861 0.010198 0.009360 0.007259 0.004803
0.005670 0.006049 0.006441 0.007074 0.006583 0.005125
0.004770 0.005765 0.005663 0.004853 0.004608 0.003860
0.010101 0.012141 0.010918 0.009649 0.007870 0.005599
0.005315 0.006462 0.006549 0.006448 0.005430 0.003947
0.011172 0.013041 0.012376 0.010684 0.007636 0.004995
0.006759 0.007066 0.006265 0.005784 0.004850 0.004305
0.007344 0.008792 0.009559 0.008837 0.008335 0.007535
0.010129 0.010168 0.009385 0.008562 0.007189 0.005288
0.006238 0.007699 0.009573 0.010143 0.009073 0.007333
0.004850 0.006096 0.005861 0.005232 0.003449 0.002245
0.010823 0.011624 0.011049 0.009362 0.005998 0.003313
0.007901 0.008984 0.008735 0.006821 0.004725 0.002921
0.014335 0.016166 0.014881 0.014104 0.009338 0.005376
0.007441 0.008660 0.014317 0.018668 0.018347 0.018072
0.011129 0.013373 0.011800 0.015876 0.015292 0.014997
0.007255 0.008803 0.009803 0.009956 0.008499 0.006236
0.014194 0.015941 0.014969 0.014156 0.011131 0.007971
0.006202 0.007347 0.007737 0.006889 0.005986 0.004532
0.012479 0.013479 0.014012 0.012820 0.010105 0.007623
0.009283 0.010544 0.010330 0.009561 0.006534 0.004160
0.012093 0.014065 0.013074 0.011811 0.008428 0.005892
0.015977 0.015866 0.015387 0.013541 0.010799 0.009132
0.014021 0.015044 0.015021 0.013845 0.011574 0.008378
0.007633 0.009796 0.010404 0.010151 0.008500 0.005895
0.013211 0.013393 0.014755 0.015211 0.014258 0.010888
0.014479 0.016103 0.014211 0.014157 0.011298 0.007580
0.003524 0.003938 0.004277 0.004799 0.004256 0.003037
0.012308 0.014358 0.013829 0.013719 0.009780 0.005864
0.011502 0.012456 0.011707 0.010842 0.007436 0.004380
0.008310 0.011415 0.011830 0.009954 0.007292 0.005075
0.007839 0.009332 0.008704 0.006690 0.005335 0.003948
0.006778 0.008531 0.008363 0.007956 0.006818 0.004967
0.012212 0.012851 0.012232 0.010662 0.006909 0.004362
0.005987 0.006520 0.007167 0.006756 0.004919 0.003263
0.008746 0.010248 0.010386 0.009144 0.009291 0.008276
0.012268 0.012769 0.011097 0.010710 0.009095 0.007062
0.007654 0.009878 0.011190 0.012015 0.010906 0.009318
0.010398 0.012209 0.013085 0.010969 0.010771 0.009537
0.013889 0.018290 0.015555 0.015411 0.012978 0.008744
0.008727 0.010637 0.010652 0.009367 0.007541 0.005602
0.013443 0.016466 0.017405 0.017491 0.014534 0.010642
0.012402 0.014129 0.014148 0.011616 0.007827 0.005121
0.007894 0.010042 0.009517 0.008509 0.006563 0.004572
0.012774 0.015355 0.014936 0.014003 0.009899 0.006147
0.002355 0.003063 0.003272 0.003266 0.002755 0.002060
0.009120 0.011173 0.011242 0.009237 0.007067 0.005295
0.007854 0.009331 0.009063 0.007490 0.006142 0.004001
0.006769 0.008778 0.008718 0.007399 0.006884 0.005569
0.014735 0.017527 0.014681 0.013448 0.010886 0.008026
0.013740 0.019456 0.020499 0.018180 0.014227 0.009737
0.006777 0.007359 0.007678 0.006508 0.005295 0.003461
0.008968 0.010554 0.009745 0.009135 0.007228 0.005735
0.008924 0.013115 0.021425 0.022471 0.020911 0.017778
0.005711 0.008393 0.009509 0.009269 0.007890 0.006717
0.013780 0.016272 0.013388 0.012897 0.009142 0.007269
0.004596 0.005894 0.006166 0.006079 0.005011 0.003509
0.012052 0.013356 0.013376 0.011705 0.008276 0.006058
0.012840 0.014618 0.014550 0.013309 0.009156 0.005937
0.011175 0.013665 0.013928 0.012256 0.010083 0.008197
0.012498 0.013456 0.012457 0.011885 0.008855 0.006210
0.007774 0.008020 0.007853 0.007386 0.007619 0.006751
0.008290 0.009613 0.009454 0.007989 0.006362 0.004300
0.011618 0.011907 0.011563 0.010494 0.009395 0.008375
0.007038 0.007660 0.007360 0.006634 0.005966 0.004195
0.010924 0.012038 0.012781 0.011591 0.008465 0.005751
0.011464 0.012651 0.012561 0.013336 0.012442 0.010288
0.019199 0.020027 0.014810 0.015966 0.014840 0.011808
0.008871 0.010805 0.010955 0.009912 0.009383 0.007625
0.014015 0.016905 0.019054 0.019779 0.017822 0.015465
0.015246 0.017822 0.017063 0.015089 0.010366 0.007063
0.010111 0.010227 0.017023 0.020111 0.018529 0.015328
0.014908 0.014426 0.016045 0.016937 0.015113 0.011691
0.010205 0.013659 0.020889 0.018173 0.015377 0.010093
0.012770 0.014863 0.016457 0.014550 0.014160 0.010925
0.019772 0.021403 0.019826 0.016901 0.010523 0.007706
0.016496 0.023601 0.021848 0.016635 0.013447 0.011439
0.005206 0.005949 0.007131 0.007621 0.007083 0.005934
0.016238 0.020342 0.018403 0.014364 0.009757 0.006396
0.014914 0.017294 0.014331 0.013491 0.009293 0.006083
0.019659 0.022690 0.021453 0.019709 0.014070 0.009690
0.013724 0.014090 0.013201 0.011185 0.009378 0.006996
0.013684 0.013653 0.012899 0.012112 0.008539 0.006536
0.016185 0.019595 0.015093 0.014386 0.012043 0.009003
0.017092 0.017186 0.016181 0.014799 0.010830 0.008478
0.013746 0.017786 0.018271 0.016690 0.016082 0.015898
0.018927 0.019910 0.016878 0.015995 0.013986 0.010854
0.010671 0.013831 0.012957 0.014313 0.013802 0.012280
0.009646 0.009025 0.013997 0.017286 0.018125 0.017363
0.014980 0.016771 0.015445 0.014355 0.012476 0.008655
0.014189 0.016854 0.016741 0.015541 0.013299 0.010968
0.015389 0.018456 0.022901 0.023794 0.020391 0.016478
0.025877 0.026196 0.024147 0.020081 0.011841 0.007137
0.010955 0.014464 0.016792 0.016545 0.013891 0.011422
0.015529 0.021356 0.021603 0.020063 0.017789 0.014474
0.004029 0.005910 0.006728 0.006788 0.005435 0.003774
0.017310 0.020399 0.020230 0.017862 0.013277 0.009566
0.017464 0.018814 0.017714 0.015450 0.009446 0.006239
0.009269 0.011170 0.009824 0.010474 0.011180 0.010141
0.024438 0.024903 0.019611 0.017929 0.015911 0.013869
0.013848 0.016405 0.015466 0.014261 0.013363 0.012538
0.014536 0.014262 0.014773 0.013774 0.013272 0.010995
0.017839 0.020010 0.015639 0.013756 0.011621 0.009221
0.017332 0.017191 0.026444 0.029528 0.023606 0.017773
0.009135 0.013793 0.015052 0.013431 0.011708 0.009447
0.013579 0.016454 0.017374 0.017000 0.014535 0.013182
0.013929 0.013627 0.012961 0.011057 0.007607 0.004975
0.013809 0.017221 0.016153 0.015306 0.014081 0.011204
0.015685 0.018207 0.017572 0.016405 0.011564 0.007946
0.020712 0.027839 0.025917 0.021239 0.015584 0.010950
0.014751 0.019468 0.017169 0.017495 0.014687 0.011030
0.012090 0.012396 0.011020 0.009645 0.008745 0.007066
0.014180 0.014825 0.015137 0.013335 0.011088 0.008439
0.017602 0.021063 0.021942 0.020448 0.016313 0.015589
0.010599 0.011177 0.011190 0.010371 0.009360 0.007804
0.017886 0.019918 0.020172 0.018614 0.014456 0.010876
0.010756 0.011107 0.014428 0.019173 0.019662 0.018566
0.015441 0.018819 0.021826 0.022878 0.019169 0.016614
0.011892 0.013459 0.013451 0.013658 0.013450 0.010717
0.017789 0.024103 0.026485 0.026654 0.023282 0.020011
0.020852 0.022796 0.021778 0.017682 0.013687 0.010898
0.016842 0.021181 0.021021 0.019311 0.016814 0.014566
0.020227 0.021889 0.027374 0.028275 0.026269 0.021977
0.014728 0.018408 0.020567 0.018638 0.016926 0.015638
0.013655 0.017278 0.019087 0.023357 0.021724 0.019625
0.026213 0.025374 0.020407 0.015552 0.013701 0.012174
0.020773 0.023573 0.020599 0.015198 0.009843 0.008110
0.008384 0.009596 0.010314 0.012117 0.012321 0.010943
0.018090 0.018426 0.016198 0.014554 0.010892 0.008126
0.014934 0.014674 0.014156 0.012474 0.009813 0.007906
0.015395 0.018750 0.018816 0.016440 0.011332 0.007856
0.020096 0.022476 0.021136 0.019052 0.014909 0.011936
0.017740 0.020979 0.019160 0.016979 0.013385 0.010081
0.013648 0.018807 0.018640 0.018141 0.016738 0.014115
0.025909 0.027102 0.024644 0.021015 0.012854 0.007751
0.017766 0.026359 0.027202 0.024644 0.019703 0.014596
0.025108 0.032023 0.032253 0.028791 0.020559 0.015878
0.014949 0.016736 0.017371 0.016012 0.015761 0.015249
0.029762 0.018800 0.015482 0.021846 0.023936 0.021070
0.015798 0.021802 0.021408 0.016172 0.012896 0.010126
0.010778 0.015593 0.019183 0.021130 0.022140 0.020238
0.016206 0.019832 0.023648 0.024515 0.014301 0.010521
0.019581 0.020071 0.018988 0.015469 0.008505 0.004571
0.014852 0.021595 0.026399 0.025864 0.023426 0.021331
0.010693 0.018617 0.021825 0.021034 0.017730 0.013125
0.008013 0.008985 0.009320 0.008762 0.007973 0.005931
0.029875 0.077652 0.083623 0.081754 0.079545 0.076085
0.018589 0.020389 0.020134 0.018229 0.012417 0.008288
0.014549 0.016203 0.016290 0.014594 0.015874 0.015351
0.013115 0.016510 0.023599 0.026841 0.023204 0.018611
0.012770 0.011796 0.010647 0.014728 0.013320 0.012842
0.017065 0.020391 0.015206 0.016499 0.018311 0.017314
0.018636 0.019397 0.016868 0.015412 0.016060 0.014602
0.038254 0.032406 0.021485 0.019146 0.019850 0.018952
0.016684 0.019943 0.020818 0.019739 0.017849 0.016003
0.018909 0.023442 0.025611 0.024012 0.021658 0.021061
0.018118 0.021770 0.020061 0.017563 0.012834 0.008684
0.019735 0.022545 0.022367 0.019271 0.013369 0.010319
0.017584 0.015020 0.014714 0.012820 0.012269 0.010384
0.013791 0.019368 0.122857 0.020989 0.017191 0.012076
0.018857 0.023549 0.025816 0.023539 0.017627 0.013123
0.017013 0.021372 0.020067 0.017225 0.016793 0.013883
0.023620 0.024168 0.021048 0.015325 0.013464 0.013208
0.020047 0.023155 0.026701 0.018684 0.010818 0.006402
0.014624 0.014363 0.014338 0.014524 0.013892 0.012077
0.016733 0.018007 0.017171 0.014521 0.010450 0.008269
0.009842 0.013289 0.015128 0.018457 0.018013 0.015908
0.022435 0.028282 0.027650 0.022867 0.017840 0.015218
0.014527 0.015486 0.015709 0.014831 0.012871 0.009115
0.023927 0.027075 0.025537 0.022385 0.018299 0.014559
0.029945 0.031693 0.032187 0.031582 0.030282 0.028732
0.019053 0.021410 0.027254 0.024499 0.019622 0.018128
0.032715 0.032702 0.035315 0.034243 0.022018 0.018144
0.019752 0.023353 0.026615 0.017328 0.008244 0.004441
0.011778 0.019578 0.023942 0.028068 0.025038 0.021220
0.024867 0.027685 0.022442 0.019025 0.014543 0.012658
0.016985 0.019789 0.018678 0.015448 0.013355 0.011573
0.010495 0.012867 0.012961 0.014843 0.015518 0.014123
0.017311 0.022904 0.021771 0.018170 0.011840 0.008193
0.015879 0.017994 0.017381 0.015770 0.014660 0.011982
0.016044 0.012336 0.011233 0.010133 0.009321 0.008202
0.024937 0.022758 0.019444 0.013242 0.007880 0.006073
0.014069 0.014877 0.015324 0.016779 0.013361 0.008802
0.018043 0.020332 0.018046 0.015718 0.012837 0.009520
0.025824 0.027809 0.024226 0.019209 0.010608 0.006174
0.019359 0.027154 0.027402 0.020694 0.012085 0.007314
0.013399 0.017580 0.021326 0.022865 0.022293 0.020539
0.017768 0.018979 0.023527 0.030071 0.016537 0.014712
0.016202 0.013369 0.013842 0.014979 0.017571 0.017246
0.017183 0.019068 0.018738 0.016491 0.012529 0.010427
0.008187 0.007535 0.012946 0.015246 0.013657 0.012421
0.014554 0.015156 0.027100 0.021485 0.016028 0.013344
0.017350 0.018514 0.017861 0.015240 0.009357 0.006973
0.022762 0.028473 0.023454 0.019124 0.011593 0.007444
0.015991 0.018495 0.030458 0.033257 0.026476 0.020860
0.012998 0.014227 0.014034 0.013471 0.010466 0.007317
0.015396 0.025870 0.026688 0.022643 0.017758 0.012503
0.022191 0.029388 0.029854 0.023198 0.015683 0.011371
0.014031 0.015884 0.015252 0.016528 0.019478 0.019292
0.020291 0.022745 0.032772 0.037924 0.031444 0.023510
0.017507 0.016988 0.015179 0.019782 0.026239 0.025402
0.013163 0.022331 0.027022 0.025741 0.018956 0.014403
0.014886 0.010383 0.015963 0.021699 0.015453 0.012903
0.014839 0.011075 0.017689 0.026403 0.022589 0.020021
0.013182 0.012861 0.013633 0.017567 0.020436 0.019218
0.028910 0.032521 0.033775 0.025385 0.014871 0.009434
0.017453 0.020084 0.021823 0.021093 0.018082 0.015066
0.025995 0.032105 0.033389 0.023319 0.016056 0.012106
0.026780 0.024473 0.017904 0.017981 0.017746 0.015158
0.025687 0.034315 0.036940 0.033574 0.023423 0.018633
0.029322 0.032361 0.030029 0.021428 0.012841 0.007622
0.031063 0.028040 0.025376 0.022148 0.016168 0.011866
0.009207 0.010469 0.015441 0.018283 0.017719 0.017835
0.031418 0.031434 0.023139 0.016230 0.006514 0.003494
0.018964 0.017199 0.018313 0.016863 0.016777 0.015207
0.023824 0.025313 0.023932 0.020241 0.014384 0.011116
0.011929 0.008771 0.007853 0.012538 0.019761 0.017081
0.033463 0.029152 0.023782 0.017014 0.010337 0.007163
0.021141 0.022087 0.029345 0.018292 0.009956 0.006057
0.008833 0.010301 0.010057 0.009735 0.008178 0.008652
0.007217 0.007888 0.008179 0.009153 0.007897 0.012835
0.023338 0.029235 0.022489 0.014464 0.021398 0.020624
0.035387 0.036156 0.036292 0.032465 0.030682 0.032559
0.047772 0.036303 0.029732 0.017230 0.010954 0.005599
0.009125 0.009044 0.007680 0.012735 0.013502 0.013243
0.422534 0.419905 0.418304 0.416974 0.412743 0.414079
0.028150 0.017322 0.015495 0.012306 0.012127 0.009387
0.012434 0.009273 0.010797 0.010989 0.010323 0.010251
0.016594 0.019021 0.018889 0.016210 0.014124 0.011206
0.021049 0.025198 0.028046 0.024049 0.020722 0.017461
0.015113 0.029766 0.029089 0.021100 0.019166 0.016729
0.030522 0.026809 0.020949 0.023022 0.023765 0.022645
0.017352 0.021504 0.022248 0.016981 0.010995 0.007679
1.433774 0.633299 0.080947 0.061137 0.069140 0.071447
0.018932 0.020780 0.020836 0.019017 0.015071 0.012796
0.018021 0.018750 0.017753 0.014925 0.013328 0.013866
0.009769 0.011164 0.015272 0.016846 0.017052 0.016630
0.017452 0.013214 0.021058 0.024597 0.023101 0.021319
0.014589 0.016307 0.019917 0.019951 0.018128 0.016381
0.020653 0.024759 0.023083 0.019505 0.014152 0.010188
0.011920 0.011105 0.010727 0.037717 0.045439 0.035531
0.023918 0.015441 0.016296 0.022451 0.025670 0.022506
0.050815 0.044908 0.076837 0.066123 0.054254 0.050773
0.022216 0.014577 0.005063 0.005313 0.008673 0.009110
0.034920 0.025922 0.019528 0.011794 0.008976 0.007564
0.015952 0.017093 0.016045 0.013204 0.012234 0.011447
0.022337 0.025841 0.024947 0.020482 0.013267 0.010487
0.015657 0.025250 0.024037 0.019877 0.017928 0.015110
0.019812 0.024330 0.018346 0.022176 0.022548 0.017999
0.034964 0.024913 0.024956 0.021411 0.016830 0.017684
0.010965 0.010254 0.011149 0.017138 0.017293 0.016573
0.019474 0.017192 0.015101 0.016503 0.017242 0.017339
0.011093 0.008624 0.011914 0.013112 0.013588 0.012649
0.091093 0.072259 0.082922 0.087469 0.089482 0.088989
0.091512 0.878477 3.859747 11.701537 13.422126 9.698751
0.224779 0.226190 0.226894 0.221350 0.214246 0.210532
0.034634 0.033359 0.023572 0.015236 0.010088 0.008978
0.013130 0.014587 0.014303 0.011666 0.009192 0.007801
0.047434 0.037182 0.017643 0.011337 0.009201 0.007003
0.018832 0.019921 0.016101 0.017030 0.016475 0.017588
0.017570 0.019400 0.019027 0.016431 0.011759 0.010126
0.041116 0.030695 0.020649 0.011541 0.007456 0.006121
0.008944 0.009216 0.014626 0.014857 0.010571 0.010921
0.016019 0.011198 0.005261 0.004289 0.003393 0.003024
0.029761 0.024396 0.020026 0.012275 0.007576 0.006121
0.018063 0.020416 0.018430 0.016182 0.010631 0.006875
0.010042 0.012985 0.014626 0.010594 0.010464 0.012589
0.012015 0.013703 0.013662 0.010630 0.007942 0.007165
0.215819 0.223277 0.224727 0.219866 0.219650 0.208521
0.015620 0.019397 0.020013 0.017719 0.014014 0.013187
0.009111 0.006815 0.003884 0.006147 0.006955 0.007152
0.007708 0.006821 0.008034 0.011388 0.010578 0.011224
3.496039 5.377654 6.572631 5.800588 3.897358 3.816681
0.015056 0.010083 0.012196 0.008572 0.007824 0.008190
0.014526 0.021879 0.021217 0.021497 0.021342 0.019631
0.034256 0.033891 0.033525 0.039583 0.043704 0.044281
0.029916 0.036770 0.034441 0.024612 0.017673 0.015345
0.008496 0.006890 0.007675 0.009415 0.009251 0.008958
0.040029 0.032046 0.023877 0.017273 0.010435 0.006201
0.031126 0.034012 0.034109 0.030272 0.026432 0.021899
1.176331 0.844328 0.018149 0.017309 0.014529 0.013421
0.044561 0.037927 0.036832 0.020374 0.014125 0.014007
0.017342 0.020596 0.022068 0.017734 0.015261 0.012877
0.016410 0.018543 0.018191 0.016694 0.013602 0.014213
0.068018 0.066836 0.058008 0.040514 0.010729 0.007162
0.045067 0.039754 0.028548 0.044429 0.046309 0.046397
0.103796 0.099949 0.093471 0.085493 0.080011 0.077680
0.011687 0.010253 0.013588 0.016382 0.017479 0.017870
0.020689 0.019028 0.016457 0.006714 0.008534 0.008326
0.017606 0.018642 0.018468 0.019351 0.017027 0.015370
0.012700 0.018953 0.019409 0.016861 0.031041 0.027496
0.132213 0.123246 0.113578 0.100402 0.104707 0.108201
1.890283 1.369195 0.113747 0.109196 0.100880 0.096997
0.016442 0.012550 0.007031 0.006221 0.010439 0.011293
0.023774 0.023118 0.019253 0.017245 0.015314 0.012997
0.033436 0.036923 0.016301 0.015844 0.015595 0.015359
0.018671 0.017250 0.016234 0.015121 0.013802 0.012386
0.023104 0.024082 0.021962 0.019649 0.015825 0.012531
0.013116 0.017139 0.022711 0.031386 0.023667 0.018001
0.025778 0.030036 0.029933 0.018130 0.007993 0.004752
0.035433 0.025952 0.024952 0.022067 0.018568 0.016938
0.016682 0.014412 0.010153 0.014342 0.013923 0.014691
0.015108 0.010973 0.010227 0.010705 0.010725 0.012457
0.153851 0.153029 0.054472 0.045661 0.040421 0.039537
0.053179 0.046012 0.041054 0.036578 0.030913 0.028907
0.558623 0.424052 0.238067 0.226130 0.218297 0.212847
0.036559 0.029922 0.022652 0.016309 0.011458 0.008861
0.028070 0.025368 0.023429 0.018776 0.014318 0.010277
0.039606 0.025202 0.016853 0.015423 0.012704 0.011623
0.016817 0.016459 0.022675 0.030731 0.013172 0.010657
0.020287 0.020705 0.019178 0.016216 0.009803 0.008479
0.036490 0.024141 0.015773 0.015105 0.011998 0.008941
0.112171 0.104080 0.102726 0.100599 0.097605 0.096975
0.008750 0.010234 0.011346 0.013390 0.014420 0.012861
0.018945 0.019837 0.019215 0.016750 0.014924 0.010942
0.017377 0.019152 0.016315 0.013395 0.010086 0.008426
