0.001792
0.002413
0.003033
0.004265
0.001412
0.001670
0.002311
0.002419
0.001940
0.001248
0.002212
0.003524
0.002095
0.002114
0.003094
0.003314
0.001850
0.002993
0.001942
0.002140
0.001416
0.001699
0.002005
0.001384
0.001815
0.002749
0.003030
0.001833
0.002460
0.003250
0.001348
0.000935
0.002628
0.001859
0.003110
0.002072
0.002849
0.001027
0.001651
0.002547
0.002398
0.003046
0.001573
0.001909
0.002415
0.004589
0.003299
0.002449
0.002325
0.002944
0.003264
0.000984
0.002133
0.002487
0.002863
0.002012
0.002690
0.001981
0.002343
0.004120
0.004085
0.004907
0.002764
0.002785
0.002971
0.001507
0.002219
0.005609
0.003508
0.002681
0.003940
0.005397
0.001674
0.001218
0.001518
0.003842
0.002659
0.002878
0.002294
0.002673
0.002504
0.006126
0.003494
0.003361
0.003389
0.004632
0.002854
0.001721
0.001958
0.004450
0.002328
0.003738
0.004971
0.002862
0.003424
0.003674
0.002320
0.003936
0.003329
0.004077
0.003106
0.003533
0.001820
0.002554
0.002659
0.003460
0.002602
0.003061
0.003650
0.005186
0.003812
0.002139
0.002748
0.003729
0.006072
0.003773
0.003918
0.003870
0.004453
0.005398
0.004034
0.004518
0.002716
0.004718
0.005494
0.005438
0.005343
0.002876
0.002633
0.005276
0.003261
0.005148
0.004740
0.003720
0.002728
0.000761
0.002569
0.001784
0.004508
0.003979
0.003028
0.001403
0.004657
0.005919
0.004124
0.002766
0.003596
0.004047
0.003341
0.005203
0.003588
0.006682
0.003351
0.006180
0.001770
0.003680
0.002300
0.004282
0.003102
0.002234
0.003151
0.005375
0.003121
0.004576
0.004000
0.005463
0.007390
0.006955
0.006254
0.003547
0.004521
0.004069
0.004200
0.005527
0.003504
0.004341
0.003767
0.006659
0.004501
0.008041
0.004366
0.008571
0.004051
0.004581
0.004997
0.005669
0.006714
0.009461
0.005729
0.006986
0.004917
0.005962
0.009519
0.005297
0.008709
0.002802
0.007055
0.008650
0.004420
0.005467
0.009145
0.001877
0.005230
0.004505
0.004233
0.002221
0.004438
0.005574
0.004042
0.006705
0.006863
0.007508
0.006826
0.004065
0.005236
0.003374
0.005584
0.004759
0.006338
0.005516
0.012581
0.007608
0.005640
0.008031
0.005941
0.009650
0.010415
0.002775
0.006315
0.003042
0.006834
0.011500
0.007443
0.004900
0.006232
0.006370
0.004611
0.007867
0.007238
0.006903
0.006315
0.011002
0.006600
0.007200
0.008889
0.008094
0.005722
0.007321
0.005291
0.008991
0.008054
0.005168
0.005154
0.011299
0.009546
0.004906
0.009651
0.010758
0.010746
0.008401
0.005161
0.008449
0.006111
0.008029
0.006100
0.004482
0.003355
0.005762
0.005444
0.006201
0.011384
0.003782
0.009278
0.001702
0.011572
0.007699
0.008543
0.008210
0.008069
0.010512
0.009535
0.010106
0.015600
0.013623
0.007914
0.013095
0.014931
0.006047
0.011939
0.012034
0.011491
0.013670
0.004360
0.007990
0.007597
0.012818
0.008902
0.008736
0.011461
0.014563
0.012491
0.009516
0.009608
0.016292
0.009739
0.010420
0.009154
0.009223
0.011498
0.011807
0.005734
0.010335
0.009999
0.005076
0.010197
0.006771
0.010101
0.007614
0.006411
0.012248
0.007208
0.012320
0.008338
0.009903
0.011207
0.010545
0.006843
0.012215
0.009405
0.015804
0.018115
0.015756
0.010725
0.015027
0.008496
0.013860
0.011079
0.013506
0.015463
0.015360
0.011107
0.014542
0.014772
0.005305
0.014571
0.012549
0.011756
0.009802
0.008910
0.012362
0.007591
0.010799
0.013013
0.012142
0.013553
0.016268
0.010946
0.016880
0.014085
0.009888
0.014995
0.003897
0.011586
0.009437
0.009120
0.015752
0.018710
0.008252
0.010958
0.021565
0.009732
0.015272
0.006877
0.013502
0.014535
0.013938
0.013970
0.009147
0.009799
0.012485
0.008021
0.012964
0.013515
0.014527
0.011244
0.019301
0.017292
0.018198
0.190276
0.017826
0.015579
0.020171
0.020961
0.008585
0.016901
0.014569
0.020451
0.014484
0.013355
0.017770
0.017494
0.017748
0.017183
0.014199
0.017933
0.015496
0.015819
0.019862
0.023572
0.016386
0.019617
0.007686
0.019625
0.018350
0.011451
0.021994
0.016159
0.014284
0.015531
0.024721
0.014206
0.017086
0.013189
0.015612
0.017457
0.023472
0.017063
0.011489
0.014341
0.021526
0.011466
0.019482
0.019209
0.019312
0.013639
0.024477
0.021500
0.020877
0.023094
0.018673
0.021564
0.021329
0.020432
0.012356
0.017510
0.014041
0.018403
0.020770
0.018483
0.018413
0.023966
0.024804
0.025972
0.017134
0.021618
0.017493
0.020340
0.019453
0.018769
0.024259
0.020960
0.009935
0.119261
0.019256
0.016082
0.024112
0.232608
0.018086
0.018979
0.027452
0.019089
0.023651
0.020564
0.021408
0.014350
0.019735
0.023834
0.019292
0.017917
0.022109
0.014940
0.017774
0.018556
0.025989
0.015412
0.027927
0.017487
0.023206
0.031039
0.021849
0.024122
0.022944
0.016765
0.015101
0.019309
0.016804
0.011942
0.022486
0.014503
0.018480
0.023624
0.023666
0.021956
0.024676
0.291086
0.018570
0.014215
0.019847
0.017220
0.022786
0.027941
0.014535
0.022796
0.024471
0.019532
0.031768
0.551753
0.023584
0.016407
0.021900
0.126935
0.029358
0.020819
0.031548
0.022176
0.030889
0.025208
0.024936
0.017866
0.025217
0.017220
0.421945
0.017158
0.029410
0.021415
0.694963
0.375608
0.023737
0.038291
0.054774
0.371678
0.213590
0.227833
0.202570
0.018386
0.021423
0.013265
0.025985
0.018411
0.092767
0.919930
0.529801
0.434170
0.130907
0.587859
0.022674
0.021016
0.033726
0.067055
0.020072
0.033237
0.016355
0.023217
0.018535
0.021046
0.039464
0.016994
0.021695
0.346218
0.044583
0.148530
0.123052
0.039801
0.014437
0.033687
0.017316
0.874548
0.030005
0.346466
0.013542
0.025330
0.019420
0.110970
0.013831
0.095923
1.169366
0.327012
0.230454
0.213144
0.572449
0.024398
0.029150
0.222085
0.190569
0.029359
0.027361
0.323059
0.032863
0.019006
0.321249
0.053826
0.171917
0.101752
0.600542
0.018427
0.592569
0.025852
0.031008
0.232491
0.017941
0.028562
0.018544
0.017643
0.021462
0.025889
0.025349
0.037894
0.015187
0.266786
0.030019
0.067843
0.354670
0.034488
0.044590
0.028767
0.021997
0.020179
0.023619
0.071265
1.504436
0.019154
0.016084
