0.416618
0.494868
0.387422
0.506525
0.388348
0.358334
0.385637
0.374362
0.356509
0.355531
0.391743
0.468983
0.358820
0.367679
0.497096
0.519520
0.410623
0.531623
0.472842
0.454353
0.315235
0.350158
0.406531
0.366815
0.337165
0.379450
0.436591
0.386074
0.377839
0.441037
0.328632
0.322881
0.441333
0.366006
0.416112
0.371541
0.491702
0.351796
0.326902
0.437806
0.370461
0.408798
0.375731
0.406564
0.438971
0.621669
0.514120
0.488643
0.421171
0.473757
0.445121
0.338657
0.350408
0.398552
0.402408
0.362325
0.462148
0.430997
0.404324
0.511273
0.582412
0.633647
0.402102
0.410920
0.432217
0.395872
0.383575
0.474643
0.498331
0.410533
0.459966
0.539098
0.349673
0.329131
0.349068
0.445404
0.427296
0.476321
0.353278
0.437757
0.456313
0.642130
0.453269
0.432389
0.499583
0.521850
0.414415
0.375337
0.392397
0.514258
0.375079
0.503127
0.563617
0.469637
0.449932
0.512635
0.388823
0.524706
0.473735
0.524872
0.451118
0.455862
0.406767
0.448711
0.388957
0.419813
0.401569
0.421416
0.484878
0.562227
0.509660
0.462837
0.406307
0.446031
0.546904
0.462017
0.394460
0.500737
0.499211
0.548376
0.537031
0.538482
0.439493
0.536905
0.535307
0.521111
0.582760
0.420208
0.409351
0.567349
0.450096
0.617436
0.540963
0.470816
0.387703
0.323103
0.424025
0.348899
0.515023
0.500318
0.451239
0.388046
0.688896
0.539870
0.614731
0.459632
0.460847
0.481937
0.409750
0.499292
0.489702
0.545753
0.411938
0.524307
0.448193
0.584080
0.474997
0.522971
0.413457
0.376618
0.460100
0.592730
0.458779
0.538166
0.457109
0.580524
0.874360
0.618773
0.588459
0.460335
0.501532
0.491977
0.499454
0.531048
0.425615
0.471803
0.464053
0.575697
0.554446
0.625343
0.514967
0.627736
0.471119
0.491274
0.432879
0.605885
0.689903
0.786950
0.655927
0.609485
0.499729
0.574474
0.570212
0.691883
0.712913
0.417912
0.588914
0.690202
0.471579
0.582252
0.648537
0.425508
0.560342
0.493085
0.547121
0.371046
0.506712
0.675240
0.562313
0.607952
0.703920
0.664805
0.588080
0.477920
0.585451
0.493386
0.695784
0.613071
0.613274
0.599279
0.710306
0.825363
0.684589
0.688188
0.719307
0.846531
0.744433
0.491941
0.662470
0.439740
0.597795
0.668450
0.798110
0.544562
0.538674
0.545815
0.527988
0.709387
0.668319
0.628460
0.598670
0.738824
0.601687
0.674322
0.857370
0.723802
0.531676
0.670115
0.620195
0.587839
0.697256
0.604341
0.704305
0.637640
0.623992
0.550470
0.936159
0.637919
0.861042
0.808095
0.648355
0.742655
0.578423
0.602212
0.531334
0.508942
0.480573
0.604725
0.770300
0.570773
0.740511
0.509388
0.638652
0.350263
0.773017
0.760792
0.620586
0.648888
0.736479
0.851811
0.690392
0.849977
0.877464
0.887398
0.680757
0.861969
0.746292
0.603601
0.808036
0.708149
0.733789
0.756958
0.538776
0.732815
0.720789
0.710683
0.688301
0.604345
0.739384
0.759375
0.795025
0.674026
0.756430
0.909439
0.827335
0.765705
0.987394
0.702055
0.782799
0.751744
0.611599
0.720792
0.678266
0.573041
0.938037
0.677773
0.760176
0.719910
0.675017
0.873979
0.592714
0.769350
0.837477
0.849231
0.836375
0.736909
0.555739
0.726155
0.759150
0.793759
0.989101
1.019918
0.682909
0.831789
0.744003
0.853872
0.785294
0.767992
0.937037
0.904073
0.742544
0.874575
0.787557
0.657134
0.791413
0.695698
0.772194
0.779965
0.737015
0.785936
0.696775
0.890883
0.839898
0.818030
0.815409
0.789634
0.671379
0.870507
0.797305
0.666999
0.731503
0.473502
0.754005
0.704734
0.672515
0.866819
0.813872
0.787900
0.784776
1.032848
0.779891
0.735641
0.640624
0.903889
0.772399
0.815464
0.825626
0.807669
0.827975
0.917283
0.776631
0.852456
0.832709
0.886705
0.827585
0.952919
0.856048
0.893433
1.073139
0.806885
0.894755
0.909767
0.865964
0.742465
0.836698
0.847291
0.837846
0.880863
0.878258
0.872684
0.926856
0.894460
0.862673
0.966256
1.000625
0.894798
0.879318
0.865356
0.741153
0.838953
0.820089
0.619778
1.020914
0.900594
0.814547
0.829669
0.995543
0.953668
0.882304
1.070493
0.897692
0.897297
0.826102
0.942733
0.877460
0.914049
0.888786
0.921304
0.927486
1.035987
0.971885
0.933734
0.925926
0.883128
0.837328
1.054502
0.957019
1.033734
1.021236
1.046796
0.944146
0.899152
0.723783
0.884871
0.845022
0.926483
0.930554
0.996964
0.958881
1.004188
0.922181
0.955383
0.720235
0.966646
1.044618
0.918575
0.976132
0.964314
0.828302
0.985494
0.931504
0.777634
1.018530
0.941817
0.928799
0.942734
1.045894
0.998208
0.988387
0.989983
1.036046
0.971452
0.874241
0.845828
0.952704
0.952098
0.959796
1.023860
0.987351
0.969442
1.003710
0.968858
1.011963
0.928870
0.894448
1.109157
1.051245
1.062000
1.020047
0.875583
0.983018
0.899511
0.882283
0.967835
0.844069
0.964042
1.032769
0.797376
0.975648
1.026248
1.023314
1.037419
0.896524
1.001668
1.075643
0.927404
1.019002
0.998248
0.914461
1.037305
1.040291
0.828697
1.029955
0.951302
0.964813
0.981918
1.028749
0.978839
1.057109
1.057988
1.063198
1.003359
0.987993
0.922840
1.015189
1.021215
1.048294
0.893917
0.952243
1.018548
0.965282
1.038772
1.081054
0.962386
1.008127
1.225407
1.104491
1.036894
1.046794
1.078784
1.069267
1.492078
1.051192
1.068515
0.903623
0.749080
1.080079
1.056430
0.934819
2.818728
1.041962
1.063341
1.089817
1.063541
1.075055
0.797168
1.034317
1.041605
1.063607
1.064019
0.955809
1.022820
0.933830
1.001152
0.950010
1.066344
1.067811
1.066839
1.059753
1.034157
16.974701
1.105969
1.037457
1.028155
1.050213
1.045429
1.101777
0.933310
1.054923
1.037265
0.906297
0.896482
1.120004
1.090735
1.061945
1.348403
1.109659
1.158157
18.099565
1.061289
1.088991
1.052536
1.070117
1.103944
0.770951
0.915051
3.510054
0.950772
1.045672
1.106780
1.121027
1.051877
1.057471
1.087209
0.947662
1.071271
1.055071
1.036048
4.126263
1.098273
1.038873
1.033134
1.052273
0.984778
1.116951
1.077480
1.047731
1.007115
1.063394
1.129770
1.038713
1.546282
1.061920
1.059261
1.085753
1.043109
0.996023
0.945473
1.073214
1.067217
0.981618
0.926102
