0.043017
0.045294
0.025239
0.064707
0.018772
0.029687
0.054109
0.040776
0.029860
0.022367
0.039294
0.053253
0.034723
0.029819
0.033087
0.038946
0.018680
0.032393
0.016478
0.025538
0.030554
0.041806
0.038013
0.014996
0.030881
0.054153
0.028880
0.021273
0.021558
0.058325
0.032105
0.030336
0.044594
0.039023
0.030917
0.035130
0.031207
0.017218
0.015930
0.041791
0.030742
0.032405
0.020891
0.020415
0.017860
0.035224
0.043692
0.033742
0.048708
0.033422
0.048277
0.017962
0.041276
0.056478
0.035922
0.035511
0.051532
0.020329
0.028641
0.060348
0.044761
0.052686
0.068147
0.029073
0.037825
0.025608
0.017254
0.055999
0.041878
0.047584
0.034196
0.087672
0.045625
0.034910
0.048306
0.077151
0.032044
0.051741
0.055879
0.049286
0.045116
0.084133
0.042041
0.063727
0.053228
0.072138
0.040449
0.030298
0.036892
0.068202
0.019275
0.053689
0.078318
0.046026
0.046647
0.054117
0.019600
0.059091
0.054806
0.063997
0.043297
0.044111
0.028295
0.027650
0.028279
0.058225
0.046943
0.040313
0.039095
0.105771
0.050656
0.034294
0.076539
0.071053
0.063436
0.082099
0.039061
0.067250
0.074450
0.084653
0.057968
0.059058
0.056724
0.065101
0.074450
0.056207
0.081176
0.032847
0.053847
0.082530
0.026256
0.079159
0.070702
0.062404
0.091917
0.028465
0.061097
0.046748
0.048543
0.068122
0.058337
0.020387
0.044792
0.091839
0.056072
0.063711
0.062914
0.054028
0.055977
0.098161
0.046073
0.092463
0.061189
0.103886
0.025925
0.062022
0.034041
0.053834
0.059287
0.051192
0.038331
0.080765
0.055827
0.058848
0.037999
0.103188
0.063357
0.129903
0.111844
0.045227
0.083876
0.072423
0.108282
0.100520
0.075823
0.071536
0.052470
0.068315
0.055314
0.149652
0.091596
0.146290
0.071293
0.073856
0.055291
0.095191
0.064756
0.166023
0.103920
0.121347
0.070615
0.089029
0.148440
0.087236
0.123743
0.046040
0.112980
0.161910
0.065430
0.106142
0.163471
0.036204
0.099385
0.052890
0.075796
0.026344
0.084936
0.088669
0.080134
0.091968
0.124971
0.085750
0.124533
0.090387
0.076557
0.057344
0.076677
0.069891
0.068643
0.096329
0.195250
0.109535
0.113898
0.130719
0.076233
0.136449
0.232274
0.051441
0.107564
0.037385
0.122874
0.208614
0.159000
0.064295
0.101127
0.104763
0.083490
0.117284
0.126432
0.108575
0.076267
0.157032
0.095947
0.160426
0.132836
0.126786
0.093038
0.150927
0.074554
0.097069
0.157378
0.088433
0.099400
0.183762
0.151437
0.091497
0.160936
0.120412
0.120446
0.105087
0.051523
0.148807
0.100353
0.126522
0.110510
0.123391
0.059943
0.107809
0.117324
0.107777
0.175882
0.065439
0.184833
0.057240
0.236468
0.109937
0.163615
0.141275
0.115177
0.187295
0.166087
0.173385
0.239671
0.182501
0.106910
0.234451
0.223890
0.090593
0.188858
0.190624
0.205644
0.155253
0.082360
0.148128
0.102591
0.133571
0.191619
0.141761
0.205608
0.233785
0.304096
0.129702
0.079796
0.209346
0.173617
0.149096
0.161009
0.147907
0.155666
0.235962
0.102656
0.172396
0.176454
0.096971
0.218549
0.088375
0.216330
0.121559
0.097504
0.141031
0.107993
0.292173
0.156516
0.179631
0.238459
0.173462
0.109711
0.161326
0.136009
0.229323
0.126483
0.324279
0.134475
0.365178
0.195890
0.268034
0.189827
0.179096
0.199493
0.302396
0.198160
0.347495
0.408678
0.090509
0.182346
0.251568
0.170004
0.168059
0.207787
0.358926
0.146781
0.206192
0.305048
0.221900
0.263584
0.299706
0.216269
0.367177
0.178232
0.184640
0.325456
0.100789
0.209574
0.180958
0.135746
0.286020
0.262653
0.165250
0.190408
0.291838
0.131410
0.171094
0.122666
0.222120
0.265010
0.233743
0.302720
0.140739
0.147559
0.239953
0.161453
0.171082
0.201713
0.547767
0.293835
0.402051
0.284741
0.268644
0.299239
0.453594
0.297240
0.521243
0.613018
0.135764
0.273519
0.377352
0.255006
0.252089
0.311680
0.538389
0.220171
0.309288
0.457572
0.332850
0.395375
0.449559
0.324403
0.550766
0.267347
0.276960
0.488184
0.151183
0.314361
0.271438
0.203619
0.429029
0.393980
0.247875
0.285612
0.437757
0.197115
0.256641
0.183999
0.333180
0.397515
0.350614
0.454079
0.211108
0.221339
0.359930
0.242179
0.256622
0.268951
0.730356
0.391780
0.536068
0.379654
0.358192
0.398985
0.604792
0.396320
0.694991
0.817357
0.181019
0.364692
0.503136
0.340009
0.336119
0.415573
0.717853
0.293562
0.412384
0.610096
0.443800
0.527167
0.599412
0.432538
0.734354
0.356463
0.369280
0.650912
0.201577
0.419148
0.361917
0.271492
0.572039
0.525307
0.330500
0.380817
0.583676
0.262820
0.342188
0.245332
0.444240
0.530020
0.467486
0.605439
0.281478
0.295118
0.479906
0.322906
0.342163
0.336189
0.912945
0.489725
0.670085
0.474568
0.447740
0.498732
0.755990
0.495400
0.868739
1.021696
0.226273
0.455865
0.628920
0.425011
0.420148
0.519467
0.897316
0.366952
0.515480
0.762620
0.554750
0.658959
0.749265
0.540672
0.917943
0.445579
0.461600
0.813640
0.251971
0.523935
0.452396
0.339365
0.715049
0.656634
0.413125
0.476021
0.729595
0.328525
0.427735
0.306665
0.555301
0.662524
0.584357
0.756799
0.351847
0.368898
0.599883
0.403632
0.427704
0.537902
1.460712
0.783560
1.072136
0.759309
0.716384
0.797971
1.209584
0.792639
1.389982
1.634714
0.362038
0.729384
1.006272
0.680017
0.672237
0.831147
1.435705
0.587123
0.824768
1.220192
0.887600
1.054335
1.198824
0.865075
1.468709
0.712926
0.738559
1.301824
0.403154
0.838296
0.723834
0.542985
1.144079
1.050614
0.661000
0.761633
1.167352
0.525640
0.684375
0.490664
0.888481
1.060039
0.934972
1.210879
0.562956
0.590237
0.959812
0.645812
0.684326
0.806853
2.191068
1.175341
1.608204
1.138963
1.074576
1.196956
1.814376
1.188959
2.084972
2.452070
0.543056
1.094076
1.509408
1.020026
1.008356
1.246720
2.153558
0.880685
1.237152
1.830287
1.331400
1.581502
1.798235
1.297613
2.203063
1.069390
1.107839
1.952736
0.604732
1.257444
1.085751
0.814477
1.716118
1.575921
0.991499
1.142450
1.751028
0.788461
1.026563
0.735996
1.332721
1.590059
1.402458
1.816318
0.844433
0.885355
1.439718
0.968717
1.026490
