0.001546
0.001193
0.001679
0.001780
0.000921
0.001712
0.001745
0.001849
0.002141
0.001048
0.001216
0.001792
0.001269
0.001745
0.002168
0.000888
0.001386
0.002414
0.002417
0.001354
0.002119
0.001000
0.001605
0.001925
0.001384
0.001569
0.001685
0.001626
0.001227
0.001472
0.002543
0.000931
0.002067
0.002482
0.001826
0.001560
0.002439
0.000954
0.002128
0.001478
0.001600
0.002353
0.002039
0.001898
0.001963
0.001852
0.002956
0.001582
0.002754
0.003266
0.002707
0.003568
0.001725
0.001976
0.003175
0.001295
0.000637
0.002936
0.002767
0.002043
0.003647
0.002825
0.002751
0.003129
0.001941
0.001808
0.002720
0.003195
0.001339
0.003127
0.002327
0.002074
0.001896
0.003031
0.001822
0.002427
0.002294
0.003027
0.002061
0.002438
0.002720
0.001360
0.002026
0.002495
0.001590
0.002976
0.002699
0.001201
0.003126
0.002663
0.001890
0.002670
0.002249
0.001616
0.003389
0.001609
0.001768
0.003327
0.001790
0.002804
0.004068
0.001680
0.002720
0.002059
0.003450
0.003537
0.002708
0.001895
0.003893
0.002254
0.002702
0.003998
0.001810
0.002490
0.002822
0.002796
0.002776
0.001983
0.003978
0.002402
0.003248
0.002961
0.002155
0.003113
0.002521
0.003747
0.002773
0.003636
0.001674
0.003794
0.001297
0.004201
0.003466
0.001757
0.003571
0.002904
0.002875
0.003939
0.001674
0.004736
0.002505
0.003401
0.003919
0.004262
0.002271
0.004895
0.003234
0.002907
0.004054
0.003491
0.005277
0.005282
0.006843
0.005475
0.005979
0.001680
0.002668
0.005359
0.005087
0.004281
0.002182
0.004905
0.004760
0.005197
0.004949
0.004760
0.003482
0.005070
0.003421
0.004760
0.005045
0.003028
0.002066
0.005385
0.005797
0.001998
0.004759
0.004342
0.005595
0.002780
0.003456
0.004463
0.002227
0.005135
0.003518
0.005202
0.002676
0.004203
0.004151
0.004660
0.003358
0.004889
0.003701
0.005117
0.003395
0.004853
0.003615
0.005239
0.004228
0.004666
0.004649
0.002312
0.003704
0.004121
0.005726
0.005466
0.005258
0.008545
0.005215
0.007911
0.006510
0.003779
0.003435
0.007595
0.004605
0.007200
0.007008
0.003425
0.004801
0.006697
0.006901
0.006357
0.007571
0.005754
0.006968
0.004523
0.004230
0.006156
0.004891
0.006442
0.007350
0.004916
0.009379
0.003626
0.007886
0.003593
0.006612
0.005671
0.006325
0.003098
0.003057
0.007994
0.007134
0.003513
0.006040
0.003400
0.008856
0.004730
0.007825
0.004133
0.010365
0.004287
0.006182
0.004504
0.006965
0.003267
0.006528
0.008868
0.005967
0.007840
0.008308
0.006064
0.013029
0.007018
0.007352
0.008705
0.006141
0.007944
0.007852
0.005705
0.011285
0.010112
0.005824
0.010793
0.003003
0.009689
0.007463
0.007079
0.009977
0.003704
0.011091
0.004529
0.002995
0.009537
0.004294
0.013055
0.003938
0.009852
0.004860
0.007868
0.006389
0.008105
0.007758
0.008307
0.008619
0.007964
0.008752
0.006753
0.008777
0.003902
0.010019
0.005679
0.006447
0.009722
0.003850
0.010180
0.007908
0.011988
0.008154
0.010241
0.009997
0.007869
0.023863
0.004686
0.009037
0.007395
0.005695
0.013473
0.008535
0.007032
0.008520
0.009869
0.010124
0.009851
0.008654
0.008181
0.010621
0.006058
0.010411
0.013494
0.011009
0.011147
0.007152
0.010418
0.007193
0.016321
0.008196
0.012351
0.012509
0.007757
0.006658
0.015128
0.007063
0.010403
0.007651
0.011538
0.006779
0.012437
0.010087
0.009001
0.010396
0.007864
0.004844
0.013898
0.011786
0.017353
0.010949
0.020025
0.013295
0.009375
0.012984
0.006438
0.012696
0.009335
0.009112
0.013842
0.009629
0.009388
0.011781
0.014125
0.014508
0.012484
0.031651
0.012381
0.013613
0.008288
0.014821
0.019348
0.012379
0.019357
0.008066
0.015430
0.016665
0.030292
0.010575
0.013065
0.025337
0.010620
0.007910
0.023262
0.010218
0.013344
0.008837
0.014578
0.011651
0.020495
0.033273
0.013223
0.014194
0.010280
0.005715
0.015288
0.014214
0.016563
0.021521
0.022936
0.019281
0.012535
0.032800
0.007378
0.018874
0.010797
0.010153
0.014826
0.017000
0.012010
0.012733
0.012619
0.011815
0.015323
0.047044
0.011824
0.018687
0.010196
0.017680
0.023561
0.035727
0.021498
0.010345
0.020864
0.020237
0.055756
0.013641
0.031794
0.043696
0.013023
0.008970
0.030648
0.014645
0.015891
0.012761
0.014032
0.013303
0.013538
0.038205
0.018443
0.012928
0.013267
0.007357
0.024702
0.019474
0.020122
0.024386
0.056089
0.019932
0.015495
0.056457
0.008941
0.021923
0.013759
0.012170
0.028702
0.039358
0.040403
0.013715
0.011849
0.017692
0.025516
0.013726
0.017224
0.022553
0.011391
0.021773
0.032588
0.018336
0.026602
0.012717
0.061355
0.038908
0.064571
0.018248
0.024064
0.122599
0.016985
0.010301
0.049276
0.020153
0.017709
0.017219
0.021981
0.014469
0.022690
0.078570
0.030076
0.026233
0.011671
