0.094638
0.066668
0.113588
0.109033
0.073849
0.092273
0.100261
0.091120
0.127937
0.065770
0.079723
0.095161
0.083080
0.101468
0.130920
0.063092
0.072653
0.114800
0.137892
0.112027
0.120689
0.057791
0.094748
0.088270
0.095304
0.088476
0.102366
0.090525
0.073782
0.082068
0.188903
0.059767
0.105922
0.131110
0.098956
0.086042
0.133547
0.078285
0.114462
0.104084
0.088801
0.109005
0.120112
0.130097
0.115125
0.112927
0.163424
0.102161
0.122663
0.151262
0.126223
0.153778
0.100393
0.109202
0.135065
0.078499
0.053801
0.149625
0.135386
0.111667
0.163918
0.152595
0.144474
0.159914
0.097695
0.094455
0.134520
0.140732
0.077894
0.147901
0.130954
0.124265
0.089771
0.144861
0.104744
0.122087
0.120422
0.126353
0.113452
0.138327
0.159317
0.087011
0.097825
0.128279
0.096421
0.144963
0.132899
0.069214
0.144928
0.141709
0.101952
0.125826
0.118363
0.096264
0.167593
0.079667
0.095149
0.151846
0.089153
0.126249
0.183185
0.089577
0.148001
0.116657
0.216858
0.163614
0.137957
0.106894
0.156441
0.108507
0.124122
0.176288
0.112987
0.155839
0.146189
0.164042
0.140619
0.106220
0.170496
0.140017
0.140485
0.147375
0.116093
0.160146
0.108069
0.173177
0.121938
0.162209
0.098612
0.175911
0.084352
0.163238
0.189017
0.112937
0.151643
0.154849
0.138369
0.172983
0.086376
0.196530
0.122958
0.154384
0.173051
0.173996
0.122131
0.191082
0.148377
0.146468
0.173378
0.181970
0.197877
0.194979
0.222184
0.194775
0.214250
0.091035
0.143824
0.206464
0.187779
0.183327
0.127712
0.230376
0.238464
0.195722
0.191294
0.229219
0.144592
0.199974
0.163463
0.201359
0.211411
0.153873
0.122666
0.190873
0.189702
0.117335
0.185915
0.181958
0.222552
0.150409
0.160159
0.190013
0.127986
0.194246
0.159675
0.208263
0.152437
0.224617
0.176353
0.210064
0.145387
0.185295
0.171606
0.208240
0.164986
0.191447
0.147484
0.222265
0.217784
0.191448
0.221381
0.141258
0.185909
0.182516
0.231048
0.251756
0.197696
0.225565
0.194085
0.224372
0.223836
0.178353
0.165117
0.219333
0.180863
0.223537
0.246071
0.178059
0.211169
0.221037
0.210238
0.235497
0.220339
0.199530
0.205491
0.210847
0.183165
0.220624
0.202109
0.206075
0.230441
0.217873
0.253592
0.204833
0.202538
0.158833
0.206187
0.208136
0.218494
0.159729
0.155808
0.221298
0.231723
0.150613
0.216749
0.184698
0.204148
0.211151
0.217671
0.193897
0.260185
0.173444
0.216847
0.209419
0.240423
0.192527
0.206518
0.239918
0.203254
0.218554
0.230141
0.227809
0.249333
0.229761
0.222720
0.264306
0.234765
0.244797
0.224212
0.239516
0.222053
0.241339
0.213744
0.238740
0.138812
0.217046
0.221394
0.252035
0.233384
0.186548
0.209275
0.234179
0.177758
0.241592
0.191373
0.220217
0.207549
0.220865
0.195649
0.269414
0.204080
0.226515
0.246839
0.251766
0.256435
0.269545
0.252680
0.229084
0.239340
0.196763
0.258449
0.234218
0.208143
0.264280
0.202369
0.253378
0.252994
0.250508
0.251486
0.271295
0.249916
0.267464
0.215771
0.186307
0.237030
0.233412
0.185524
0.252286
0.212905
0.197527
0.208186
0.242014
0.265915
0.233231
0.248754
0.234828
0.219938
0.189544
0.249323
0.257706
0.261454
0.290686
0.229465
0.275113
0.258488
0.266366
0.236014
0.241254
0.272445
0.257352
0.214107
0.229262
0.226264
0.245367
0.233769
0.232408
0.213818
0.216463
0.245927
0.229082
0.258921
0.197866
0.237120
0.301539
0.295813
0.278678
0.283782
0.289786
0.272472
0.286596
0.232369
0.225789
0.251874
0.246760
0.250024
0.257538
0.236900
0.221246
0.248501
0.252409
0.259407
0.257100
0.212913
0.247680
0.252630
0.208569
0.283640
0.271793
0.233149
0.287456
0.265731
0.277050
0.295689
0.235794
0.257754
0.222003
0.228746
0.287416
0.213950
0.251641
0.264726
0.286134
0.256592
0.273626
0.245963
0.232933
0.250193
0.256981
0.268112
0.243487
0.267157
0.256477
0.283543
0.259126
0.270883
0.290254
0.283046
0.272816
0.232391
0.242852
0.243851
0.257260
0.270039
0.263141
0.236029
0.240463
0.291270
0.263456
0.258568
0.273337
0.240351
0.270690
0.278236
0.220882
0.319561
0.293462
0.208826
0.290939
0.285983
0.262244
0.302286
0.258415
0.272018
0.262292
0.251683
0.302900
0.258049
0.282267
0.301838
0.287345
0.259153
0.270866
0.272966
0.250159
0.236175
0.262512
0.264878
0.269222
0.277511
0.316308
0.284213
0.279892
0.288263
0.304536
0.280327
0.269655
0.246993
0.231373
0.265330
0.255472
0.255612
0.280399
0.210660
0.259701
0.320055
0.273063
0.243590
0.284362
0.238846
0.289927
0.307777
0.230105
0.330644
0.273093
0.229141
0.299049
0.311006
0.296628
0.326115
0.301706
0.303432
0.289525
0.271090
0.280342
0.281974
0.292090
0.321297
0.285599
0.253057
0.277209
0.284279
0.268052
0.269975
0.270118
0.248631
0.262052
