0.222425
0.183707
0.252019
0.246393
0.195130
0.220029
0.232210
0.218028
0.275806
0.181480
0.202562
0.224491
0.206935
0.234954
0.283918
0.178504
0.191844
0.256632
0.290966
0.248585
0.263635
0.169728
0.222922
0.213504
0.226674
0.211829
0.235118
0.217569
0.193331
0.206067
0.372408
0.173078
0.242339
0.282694
0.230810
0.211573
0.286770
0.199827
0.257024
0.237354
0.216093
0.246039
0.268067
0.276035
0.255245
0.251770
0.340770
0.236508
0.270283
0.320450
0.276936
0.324160
0.232427
0.247078
0.293991
0.199560
0.162295
0.317253
0.290144
0.249373
0.345004
0.321666
0.306091
0.334995
0.230059
0.224075
0.289383
0.302414
0.199741
0.315788
0.284386
0.271267
0.218824
0.307155
0.239343
0.270527
0.266755
0.273349
0.252067
0.297817
0.330888
0.211966
0.231970
0.280627
0.227545
0.309029
0.287379
0.186696
0.311332
0.303721
0.236701
0.275165
0.259879
0.227568
0.336268
0.202952
0.226150
0.322288
0.214521
0.279539
0.379026
0.218093
0.314435
0.259541
0.421024
0.337331
0.294881
0.243199
0.335535
0.244621
0.273203
0.359348
0.250955
0.321395
0.309265
0.333102
0.302525
0.239811
0.356579
0.293120
0.299369
0.314963
0.260644
0.334915
0.245442
0.361897
0.270862
0.340826
0.230743
0.367364
0.209200
0.344912
0.386721
0.250816
0.319802
0.324623
0.298079
0.359998
0.213134
0.410227
0.269304
0.324942
0.363308
0.366766
0.268225
0.398927
0.305000
0.304617
0.363869
0.376346
0.414088
0.407215
0.469197
0.403817
0.437439
0.219437
0.306701
0.425194
0.387832
0.375726
0.276082
0.464798
0.465445
0.404397
0.386274
0.447038
0.309668
0.408778
0.341774
0.413619
0.432732
0.317417
0.268613
0.389882
0.391590
0.259894
0.384966
0.376549
0.432854
0.315244
0.325644
0.388553
0.276982
0.392811
0.337483
0.425359
0.314199
0.450039
0.361949
0.432508
0.303438
0.387882
0.348576
0.430352
0.344130
0.398328
0.317236
0.424817
0.437227
0.359791
0.453142
0.289360
0.380720
0.375150
0.461651
0.493915
0.403384
0.467633
0.397391
0.463092
0.458614
0.365661
0.340448
0.453695
0.376242
0.469104
0.483497
0.367410
0.435040
0.461751
0.443826
0.468854
0.475009
0.407968
0.432356
0.434539
0.373479
0.455584
0.409376
0.427618
0.470656
0.443221
0.536418
0.415139
0.419847
0.331176
0.421970
0.425325
0.462198
0.333749
0.324863
0.475696
0.485683
0.320118
0.452058
0.383016
0.433667
0.420406
0.448815
0.392521
0.556245
0.357884
0.417133
0.412658
0.513646
0.372826
0.440869
0.500258
0.417183
0.462242
0.497825
0.462841
0.527252
0.473570
0.459538
0.570554
0.475806
0.506941
0.436625
0.470505
0.499409
0.521209
0.435589
0.510239
0.297930
0.488540
0.459740
0.499090
0.469924
0.383724
0.454514
0.466476
0.352264
0.482710
0.391068
0.459952
0.419340
0.459854
0.391712
0.544744
0.430585
0.499938
0.515205
0.535400
0.558511
0.555764
0.512240
0.468646
0.510471
0.399340
0.551047
0.471625
0.417842
0.556185
0.397015
0.516085
0.526830
0.539677
0.509816
0.593975
0.494764
0.564690
0.546887
0.378506
0.504574
0.476869
0.367235
0.545982
0.445710
0.406404
0.410705
0.503181
0.547996
0.516250
0.514759
0.485212
0.458245
0.376051
0.528867
0.538966
0.590443
0.608757
0.454726
0.571973
0.476621
0.637587
0.477740
0.548135
0.556245
0.522012
0.432249
0.467316
0.447778
0.533330
0.475412
0.563958
0.437222
0.508789
0.526708
0.489761
0.557743
0.412259
0.437700
0.602065
0.585380
0.556960
0.592108
0.628508
0.552757
0.579223
0.512491
0.462784
0.539892
0.497855
0.466235
0.528780
0.494596
0.460518
0.485666
0.522250
0.592812
0.522378
0.579040
0.512998
0.530817
0.412218
0.549161
0.531715
0.504644
0.635274
0.528895
0.601775
0.580083
0.462592
0.521765
0.515987
0.495145
0.578555
0.440200
0.522829
0.507336
0.580230
0.532685
0.561822
0.554721
0.497793
0.588068
0.549777
0.587830
0.481102
0.485208
0.538829
0.611186
0.526138
0.617650
0.561674
0.583288
0.591573
0.557844
0.508541
0.516117
0.513568
0.510317
0.502306
0.507351
0.522663
0.563149
0.539562
0.542835
0.560997
0.578702
0.551274
0.578024
0.441365
0.611957
0.587600
0.514618
0.576588
0.555814
0.641296
0.638310
0.503611
0.573135
0.518565
0.504966
0.671036
0.499240
0.547926
0.580126
0.588108
0.528955
0.558854
0.539996
0.543371
0.507783
0.534288
0.541931
0.536152
0.517097
0.554005
0.615805
0.642347
0.587349
0.620402
0.545603
0.608949
0.585511
0.518084
0.566168
0.536481
0.527712
0.525737
0.588907
0.545774
0.619205
0.553752
0.550109
0.566856
0.510413
0.586809
0.598521
0.450453
0.623934
0.583179
0.453814
0.578715
0.584918
0.608971
0.611490
0.590429
0.575771
0.597562
0.585959
0.591623
0.539781
0.557593
0.629027
0.604086
0.530076
0.571515
0.570212
0.547345
0.536662
0.551302
0.519380
0.522518
