0.001330 0.001875 0.001823 0.001983 0.001952 0.001836
0.000995 0.001459 0.001595 0.001413 0.001112 0.000992
0.001713 0.002425 0.002281 0.002330 0.002362 0.002142
0.001550 0.002185 0.002173 0.002273 0.002048 0.001670
0.000856 0.001415 0.001144 0.001232 0.001467 0.001563
0.001388 0.002046 0.002165 0.002088 0.001729 0.001343
0.001503 0.002208 0.002321 0.002127 0.001752 0.001595
0.001423 0.002144 0.002376 0.002370 0.001958 0.001616
0.002042 0.002724 0.002784 0.002640 0.002237 0.001854
0.000967 0.001413 0.001403 0.001223 0.001025 0.000917
0.000978 0.001654 0.001668 0.001403 0.001073 0.001022
0.001529 0.002270 0.002345 0.002090 0.001692 0.001327
0.001167 0.001628 0.001672 0.001520 0.001285 0.001186
0.001613 0.002311 0.002398 0.002093 0.001617 0.001379
0.002020 0.003117 0.003131 0.002874 0.002690 0.001960
0.000908 0.001221 0.001202 0.001026 0.000837 0.000965
0.001146 0.001679 0.001823 0.001704 0.001365 0.001297
0.002006 0.002840 0.003138 0.002924 0.002365 0.001919
0.002253 0.002945 0.003023 0.003190 0.002832 0.002527
0.001186 0.001611 0.001544 0.001830 0.001966 0.001963
0.001865 0.002440 0.002603 0.002609 0.002371 0.001976
0.000649 0.001360 0.001407 0.001224 0.001166 0.001176
0.001254 0.001649 0.001783 0.002267 0.002327 0.001686
0.001200 0.001816 0.002351 0.002591 0.002452 0.002201
0.001466 0.001985 0.001819 0.001732 0.001538 0.001320
0.001198 0.001657 0.002063 0.002064 0.001744 0.001599
0.001419 0.002064 0.002181 0.002161 0.001997 0.001818
0.001487 0.002182 0.002165 0.001909 0.001869 0.001603
0.001077 0.001605 0.001625 0.001425 0.001097 0.000909
0.001221 0.001687 0.001845 0.001807 0.001559 0.001387
0.003412 0.003590 0.003078 0.003980 0.004259 0.003830
0.000839 0.001213 0.001234 0.001129 0.001030 0.000724
0.001616 0.002407 0.002801 0.002627 0.002337 0.002274
0.002057 0.003050 0.003277 0.003075 0.002816 0.002252
0.001580 0.002312 0.002432 0.002261 0.001947 0.001669
0.001272 0.001824 0.001870 0.001951 0.001854 0.001284
0.002437 0.003218 0.003087 0.003034 0.002687 0.002322
0.000818 0.001135 0.001229 0.001128 0.001288 0.001328
0.001985 0.002762 0.002737 0.002508 0.002047 0.001328
0.001301 0.002089 0.002258 0.001750 0.001840 0.001867
0.001425 0.002062 0.002104 0.001861 0.001502 0.001314
0.001884 0.002727 0.003006 0.002908 0.002458 0.002058
0.002208 0.002998 0.002731 0.002374 0.002159 0.002018
0.001743 0.002581 0.002293 0.002486 0.002596 0.002457
0.001824 0.002427 0.002442 0.002451 0.002214 0.001828
0.001785 0.002396 0.002471 0.002243 0.002011 0.001805
0.003256 0.004020 0.004050 0.003498 0.002874 0.002331
0.001451 0.002001 0.002029 0.001971 0.001980 0.001526
0.002219 0.003069 0.003458 0.003561 0.003131 0.002781
0.002949 0.003943 0.004178 0.004109 0.003603 0.003090
0.002344 0.003315 0.003627 0.003229 0.002510 0.002198
0.003230 0.004334 0.004587 0.004381 0.003667 0.002545
0.001551 0.002267 0.002263 0.001960 0.001505 0.001224
0.001765 0.002399 0.002461 0.002429 0.002123 0.001843
0.002850 0.004026 0.004083 0.003661 0.003012 0.001961
0.001139 0.001693 0.001769 0.001523 0.001219 0.001102
0.000575 0.000844 0.000923 0.000792 0.000638 0.000723
0.002650 0.003748 0.003919 0.003398 0.002538 0.002026
0.002393 0.003236 0.003589 0.003364 0.002790 0.002282
0.001860 0.002630 0.002682 0.002391 0.001866 0.001639
0.003822 0.004963 0.004746 0.003963 0.003017 0.002330
0.002357 0.003720 0.003832 0.003209 0.002425 0.001918
0.002689 0.003439 0.003403 0.003207 0.002730 0.002220
0.003303 0.004296 0.004220 0.003612 0.002804 0.002361
0.001652 0.002408 0.002526 0.002330 0.001888 0.001581
0.001425 0.002107 0.002356 0.002174 0.001744 0.001464
0.002381 0.003085 0.003410 0.003373 0.002938 0.002486
0.002958 0.004095 0.004173 0.003891 0.003104 0.002431
0.001229 0.001788 0.001813 0.001564 0.001206 0.001223
0.003087 0.004134 0.004009 0.003481 0.002742 0.002168
0.002398 0.003205 0.003031 0.002803 0.002426 0.002053
0.001763 0.002834 0.002891 0.002412 0.001933 0.001603
0.001518 0.002219 0.002420 0.002359 0.001987 0.001732
0.002993 0.003992 0.004014 0.003654 0.002943 0.002348
0.001655 0.002350 0.002378 0.002220 0.001914 0.001688
0.002331 0.003271 0.003279 0.002925 0.002255 0.001819
0.002165 0.003013 0.003074 0.002659 0.002118 0.001753
0.002207 0.003247 0.003840 0.003770 0.003192 0.002615
0.001847 0.002683 0.002833 0.002486 0.002061 0.001896
0.002614 0.003453 0.003261 0.002795 0.002304 0.001910
0.002886 0.003499 0.003496 0.003385 0.002867 0.002426
0.001291 0.001855 0.001875 0.001617 0.001327 0.001157
0.001756 0.002600 0.002641 0.002366 0.002026 0.001310
0.002366 0.003261 0.003241 0.002892 0.002338 0.001860
0.001449 0.002112 0.002156 0.001809 0.001383 0.001205
0.002780 0.003701 0.003822 0.003538 0.002846 0.002098
0.002547 0.003523 0.003543 0.003229 0.002521 0.001984
0.001085 0.001618 0.001606 0.001445 0.001200 0.001025
0.003071 0.004158 0.004046 0.003447 0.002635 0.002031
0.002723 0.003625 0.003442 0.003087 0.002517 0.002048
0.001757 0.002509 0.002502 0.002268 0.001775 0.001448
0.002444 0.003477 0.003476 0.003104 0.002393 0.001890
0.001719 0.002537 0.002783 0.002827 0.002622 0.002356
0.001310 0.002098 0.002141 0.001980 0.001702 0.001391
0.002903 0.003722 0.003897 0.004421 0.004553 0.004159
0.001316 0.001997 0.002096 0.001967 0.001680 0.001099
0.001406 0.002136 0.002228 0.002106 0.001803 0.001627
0.003267 0.004374 0.004281 0.003782 0.002886 0.002224
0.001282 0.001919 0.002258 0.002269 0.001950 0.001652
0.002491 0.003546 0.003643 0.003240 0.002604 0.002012
0.004631 0.005665 0.005174 0.004548 0.003580 0.002765
0.001512 0.002212 0.002206 0.002010 0.001622 0.001369
0.002882 0.003783 0.003525 0.002928 0.002268 0.001423
0.001991 0.002748 0.002696 0.002387 0.001893 0.001444
0.002939 0.004117 0.004459 0.004216 0.004242 0.004105
0.003657 0.004775 0.004550 0.004107 0.003209 0.002480
0.002528 0.003447 0.003626 0.003190 0.002458 0.001943
0.001724 0.002438 0.002536 0.002232 0.001693 0.001360
0.003864 0.005191 0.005049 0.004274 0.003322 0.002387
0.001726 0.002668 0.002958 0.002762 0.002206 0.001473
0.002258 0.003133 0.003563 0.003300 0.002635 0.002294
0.004587 0.005653 0.005152 0.004608 0.003998 0.003252
0.001578 0.002121 0.002321 0.002328 0.002119 0.001702
0.002541 0.003043 0.003208 0.003042 0.002651 0.002343
0.002611 0.003563 0.003786 0.003384 0.002933 0.002732
0.002827 0.003239 0.003209 0.003789 0.003643 0.002742
0.002157 0.003561 0.003773 0.003249 0.002440 0.001948
0.001466 0.002402 0.002658 0.002440 0.001918 0.001577
0.003573 0.004641 0.005175 0.004967 0.004065 0.003183
0.002129 0.002812 0.002676 0.003217 0.003340 0.003131
0.002834 0.003955 0.004145 0.004036 0.003330 0.002632
0.003005 0.003987 0.003794 0.003195 0.002490 0.001994
0.002092 0.002913 0.002890 0.002570 0.001963 0.001566
0.003386 0.004345 0.004040 0.003376 0.002682 0.002133
0.001637 0.002741 0.003293 0.003208 0.002662 0.002225
0.003983 0.004969 0.004754 0.004335 0.003494 0.002880
0.002416 0.003517 0.003599 0.003218 0.002684 0.001765
0.003702 0.004932 0.004743 0.003934 0.002926 0.002409
0.001411 0.002216 0.002300 0.001944 0.001661 0.001453
0.003344 0.004918 0.005122 0.004438 0.003417 0.002672
0.001270 0.001770 0.001819 0.001533 0.001250 0.001110
0.003818 0.005277 0.005467 0.005097 0.004108 0.003183
0.004027 0.004663 0.004478 0.004349 0.003684 0.003023
0.001728 0.002375 0.002366 0.002006 0.001630 0.001357
0.003432 0.004660 0.004603 0.004111 0.003391 0.002733
0.002658 0.003727 0.003755 0.003312 0.002819 0.002230
0.002650 0.003595 0.003845 0.003383 0.002591 0.002015
0.004414 0.005503 0.005062 0.004192 0.003049 0.002296
0.001451 0.002140 0.002180 0.001944 0.001536 0.001224
0.005621 0.006672 0.006025 0.005357 0.003978 0.002882
0.002212 0.003126 0.003201 0.003034 0.002570 0.002166
0.003469 0.004653 0.004462 0.003976 0.003095 0.002399
0.004223 0.005340 0.005054 0.004358 0.003397 0.002627
0.004465 0.005704 0.005417 0.004555 0.003434 0.002622
0.002180 0.003029 0.003100 0.002741 0.002253 0.001869
0.005721 0.006621 0.006735 0.005834 0.004151 0.002952
0.002715 0.003695 0.003970 0.004062 0.003581 0.002984
0.002454 0.003366 0.003579 0.003597 0.003378 0.002438
0.004362 0.005545 0.005259 0.004411 0.003373 0.002625
0.002899 0.004816 0.004841 0.003899 0.002912 0.002282
0.006503 0.007422 0.006622 0.005889 0.004367 0.003197
0.006405 0.007295 0.007324 0.006636 0.004812 0.003447
0.009158 0.009337 0.009230 0.008573 0.006783 0.005187
0.006019 0.007383 0.006939 0.006036 0.004425 0.003142
0.007644 0.008586 0.007535 0.005903 0.004329 0.003165
0.001451 0.002108 0.002263 0.001974 0.001609 0.001400
0.002773 0.003638 0.003479 0.003261 0.002751 0.002272
0.004363 0.006983 0.007219 0.006350 0.004895 0.003675
0.004733 0.005943 0.006665 0.006175 0.005746 0.005234
0.004568 0.005470 0.005384 0.005540 0.005361 0.003906
0.001958 0.002819 0.002805 0.002519 0.002204 0.001707
0.004959 0.006980 0.006624 0.005841 0.004636 0.003660
0.005975 0.005993 0.005874 0.006837 0.006237 0.004161
0.005362 0.006733 0.006672 0.005844 0.004466 0.003066
0.004789 0.005795 0.006629 0.006582 0.005204 0.003848
0.005410 0.005450 0.005503 0.005955 0.005710 0.005571
0.002912 0.003999 0.004469 0.004181 0.003411 0.002738
0.005870 0.007018 0.006619 0.005756 0.004160 0.003289
0.003304 0.004321 0.004357 0.003991 0.003252 0.002206
0.005713 0.006543 0.006448 0.005641 0.004424 0.003434
0.005425 0.006921 0.006977 0.005690 0.004241 0.003119
0.002936 0.003902 0.003928 0.003581 0.003220 0.002784
0.002052 0.002719 0.002737 0.002505 0.001999 0.001674
0.004623 0.006157 0.007058 0.006880 0.005579 0.004465
0.005448 0.007055 0.007827 0.007139 0.005301 0.003763
0.001974 0.002753 0.002666 0.002390 0.001922 0.001727
0.005375 0.006334 0.006424 0.005742 0.004188 0.003361
0.004967 0.006063 0.005588 0.004699 0.003443 0.002540
0.005171 0.007075 0.007600 0.007115 0.007090 0.006376
0.002747 0.003842 0.003696 0.003159 0.002963 0.002636
0.003035 0.003883 0.004367 0.004428 0.004130 0.002988
0.004453 0.005528 0.005668 0.005261 0.004371 0.003249
0.002167 0.002979 0.003007 0.002561 0.002018 0.001906
0.005365 0.006635 0.006722 0.006606 0.005289 0.003926
0.003600 0.004714 0.004629 0.004158 0.003218 0.002499
0.006237 0.007284 0.006554 0.005624 0.004458 0.003405
0.002399 0.003172 0.003434 0.003421 0.003102 0.002214
0.004470 0.006079 0.005697 0.005006 0.004140 0.003414
0.003749 0.004979 0.005637 0.005157 0.004031 0.003316
0.006096 0.006841 0.005908 0.004792 0.004031 0.003236
0.002467 0.003494 0.004174 0.004323 0.003766 0.003047
0.005167 0.006542 0.006360 0.005314 0.004368 0.003510
0.003437 0.004524 0.004893 0.004437 0.003399 0.003016
0.006115 0.007038 0.006916 0.005921 0.004293 0.003179
0.003579 0.004520 0.004508 0.004032 0.003221 0.002557
0.004998 0.006042 0.006431 0.006066 0.004898 0.003810
0.002712 0.004434 0.004790 0.004480 0.003783 0.003354
0.004251 0.006533 0.007214 0.006650 0.005235 0.004088
0.004125 0.005423 0.005621 0.004775 0.003876 0.003070
0.004480 0.005698 0.005798 0.006366 0.006482 0.005838
0.006889 0.007404 0.006342 0.005512 0.004221 0.003173
0.002029 0.002825 0.003006 0.002765 0.002477 0.002474
0.004091 0.004925 0.004959 0.004576 0.004063 0.002822
0.004101 0.005293 0.005295 0.004810 0.003945 0.003409
0.006498 0.007259 0.007916 0.007035 0.005555 0.004586
0.006419 0.006760 0.007144 0.006935 0.005574 0.004668
0.005011 0.006790 0.006864 0.005930 0.004386 0.002603
0.009579 0.011234 0.011197 0.009680 0.006894 0.004884
0.005966 0.007134 0.006574 0.005346 0.004209 0.003192
0.010039 0.011025 0.010084 0.009615 0.007806 0.005747
0.008487 0.009451 0.008429 0.007263 0.005589 0.004127
0.003904 0.004655 0.004682 0.004972 0.004405 0.003581
0.003546 0.004523 0.004426 0.004157 0.003613 0.003006
0.006151 0.009850 0.010210 0.009146 0.006974 0.004976
0.004196 0.005623 0.006057 0.005543 0.004418 0.003397
0.009872 0.010478 0.009114 0.007678 0.005671 0.003949
0.007348 0.008491 0.009315 0.008698 0.007712 0.007471
0.003603 0.004655 0.004529 0.004191 0.003804 0.003278
0.004677 0.006692 0.006557 0.005427 0.004054 0.003494
0.009078 0.009775 0.009076 0.008558 0.006465 0.004534
0.008393 0.009517 0.008698 0.007006 0.004957 0.003932
0.007161 0.008523 0.008461 0.007743 0.006757 0.005789
0.009968 0.010364 0.010305 0.009291 0.006861 0.005186
0.006806 0.007931 0.007415 0.006413 0.004886 0.003861
0.006733 0.008960 0.009697 0.008545 0.005832 0.004116
0.006006 0.006687 0.005616 0.004875 0.004250 0.004102
0.004503 0.005731 0.005439 0.004741 0.003868 0.003054
0.008069 0.008903 0.007773 0.006935 0.005560 0.004318
0.004999 0.006095 0.006405 0.005930 0.005565 0.004400
0.006768 0.007686 0.008100 0.008295 0.007193 0.005731
0.010544 0.010786 0.010214 0.009530 0.006917 0.004716
0.005919 0.006935 0.006349 0.005770 0.004570 0.003927
0.015264 0.014349 0.011164 0.009072 0.007033 0.005228
0.004662 0.005139 0.004533 0.004571 0.004113 0.003667
0.005603 0.009866 0.010911 0.009905 0.006901 0.004950
0.003039 0.004414 0.004600 0.004403 0.004033 0.002948
0.004944 0.008167 0.008923 0.008192 0.006184 0.004496
0.006125 0.007474 0.007313 0.006389 0.004959 0.003257
0.008635 0.009269 0.008159 0.006794 0.004682 0.003334
0.002980 0.004071 0.004232 0.003589 0.002651 0.002200
0.003075 0.004115 0.003942 0.003298 0.002682 0.002060
0.011413 0.011859 0.010420 0.009319 0.006384 0.004438
0.010018 0.010374 0.009011 0.008106 0.006099 0.004448
0.003277 0.004376 0.004590 0.004303 0.003627 0.002956
0.007252 0.008227 0.008285 0.006896 0.005259 0.004248
0.003582 0.004871 0.004644 0.004060 0.003389 0.002769
0.009391 0.011458 0.011398 0.009816 0.007146 0.004122
0.003897 0.004891 0.005777 0.005999 0.005334 0.004492
0.005591 0.009496 0.010452 0.009703 0.007377 0.005003
0.004450 0.005483 0.005282 0.004810 0.003894 0.003049
0.013463 0.012521 0.013690 0.013212 0.010570 0.008183
0.004823 0.005838 0.005560 0.005378 0.005016 0.004127
0.005428 0.006968 0.007816 0.007940 0.007193 0.006201
0.004271 0.004505 0.005516 0.005696 0.005100 0.004268
0.010819 0.011076 0.008811 0.007114 0.006288 0.005472
0.003525 0.004395 0.004341 0.003859 0.004216 0.004096
0.007962 0.008843 0.008885 0.008060 0.005916 0.004357
0.011581 0.012480 0.011191 0.008773 0.006116 0.004466
0.006551 0.007698 0.008077 0.007412 0.005508 0.004015
0.010780 0.011381 0.010317 0.009852 0.007512 0.005182
0.009659 0.011324 0.011701 0.009800 0.006331 0.004144
0.007482 0.008189 0.007842 0.007194 0.005986 0.004483
0.013800 0.015377 0.016568 0.015770 0.012419 0.007430
0.007409 0.009356 0.009411 0.007762 0.006049 0.003938
0.009209 0.010294 0.009532 0.009216 0.007861 0.006215
0.011416 0.013200 0.012033 0.010668 0.007678 0.006281
0.006472 0.008145 0.007767 0.007788 0.007230 0.006209
0.008521 0.011364 0.010965 0.008759 0.006465 0.004943
0.007391 0.008721 0.009295 0.010535 0.010262 0.008967
0.006579 0.006450 0.007202 0.007334 0.006305 0.005531
0.014765 0.015026 0.013765 0.011812 0.008855 0.005134
0.013242 0.013485 0.013543 0.012855 0.009864 0.007210
0.006450 0.008028 0.007725 0.006832 0.005663 0.003627
0.013238 0.013958 0.014081 0.012252 0.008617 0.004794
0.002734 0.003688 0.003691 0.003931 0.003526 0.002945
0.012885 0.013743 0.012327 0.011336 0.008106 0.005227
0.007878 0.008952 0.010324 0.009715 0.007020 0.004842
0.006404 0.006918 0.008524 0.009320 0.008157 0.005989
0.008981 0.010386 0.013054 0.013305 0.010958 0.007647
0.003546 0.005088 0.005047 0.004288 0.003510 0.003294
0.006848 0.012968 0.014788 0.014092 0.010798 0.007229
0.006352 0.006609 0.006365 0.005170 0.004274 0.003388
0.002688 0.003623 0.004079 0.004265 0.003376 0.003025
0.009205 0.011299 0.012678 0.011849 0.009237 0.006500
0.004663 0.005696 0.005810 0.005171 0.004168 0.003467
0.008946 0.016313 0.017968 0.016697 0.011986 0.007796
0.004614 0.005078 0.005258 0.004747 0.003965 0.003477
0.007837 0.012462 0.013095 0.012029 0.009240 0.006326
0.004285 0.005610 0.006021 0.006018 0.005131 0.003672
0.007385 0.010267 0.010378 0.009341 0.007258 0.005562
0.008147 0.009145 0.008094 0.006686 0.005018 0.003704
0.012388 0.012209 0.009971 0.009105 0.006688 0.004932
0.010362 0.010915 0.009979 0.008482 0.005964 0.004985
0.013495 0.013050 0.010268 0.009185 0.007475 0.005502
0.013212 0.013188 0.011791 0.010121 0.006983 0.004932
0.012205 0.011854 0.009671 0.008328 0.006003 0.004476
0.010241 0.010794 0.012069 0.010777 0.008141 0.006498
0.008773 0.009328 0.009194 0.008321 0.006475 0.005055
0.010665 0.012335 0.012188 0.009825 0.006266 0.004440
0.003875 0.004858 0.005159 0.004809 0.003846 0.003121
0.014814 0.014293 0.012194 0.011054 0.008524 0.004877
0.007490 0.008223 0.007296 0.006154 0.004646 0.003512
0.007162 0.008683 0.008415 0.006931 0.005249 0.003821
0.012567 0.012853 0.012597 0.011166 0.008323 0.006717
0.003942 0.005042 0.005036 0.005356 0.004819 0.003810
0.010984 0.011434 0.013605 0.013354 0.010847 0.008291
0.011264 0.011012 0.010470 0.008841 0.007240 0.005118
0.016641 0.016901 0.014620 0.012823 0.009473 0.005943
0.009509 0.010828 0.011554 0.009730 0.007426 0.005494
0.014445 0.015609 0.013609 0.011243 0.008846 0.007672
0.010780 0.011677 0.013210 0.012493 0.009675 0.007503
0.009723 0.011207 0.011109 0.008613 0.007302 0.006433
0.031931 0.035070 0.033330 0.025584 0.013686 0.007808
0.004785 0.006101 0.006311 0.005668 0.004285 0.003208
0.010629 0.011415 0.012078 0.011875 0.009370 0.006526
0.009311 0.009985 0.009931 0.009398 0.007122 0.005034
0.005561 0.007036 0.007427 0.007032 0.006261 0.004459
0.014410 0.016251 0.017310 0.016360 0.013439 0.010265
0.010127 0.011486 0.010768 0.008936 0.006403 0.004049
0.006096 0.007539 0.009077 0.009166 0.007657 0.005683
0.004420 0.008649 0.010790 0.011084 0.009539 0.007169
0.008544 0.011923 0.013542 0.012762 0.009451 0.006947
0.014926 0.014919 0.013674 0.012559 0.008961 0.005919
0.013997 0.014214 0.012806 0.011785 0.008585 0.006051
0.011291 0.012050 0.012034 0.010378 0.008071 0.006266
0.007604 0.011623 0.011669 0.009724 0.007649 0.005835
0.010445 0.012724 0.013250 0.012214 0.009838 0.005928
0.005217 0.007126 0.007824 0.007371 0.005976 0.004603
0.013961 0.014777 0.014517 0.012658 0.008448 0.005665
0.021686 0.021383 0.017250 0.012716 0.010469 0.010184
0.016340 0.016372 0.015239 0.014312 0.010356 0.007271
0.016597 0.016504 0.014287 0.014004 0.011079 0.007958
0.007271 0.008821 0.009318 0.008665 0.006687 0.004223
0.009094 0.013206 0.014091 0.012709 0.009422 0.006847
0.005952 0.007597 0.008881 0.009573 0.009313 0.008413
0.032798 0.029696 0.019774 0.013089 0.008829 0.006776
0.010753 0.011536 0.010312 0.008982 0.007303 0.005714
0.014500 0.016337 0.017106 0.014841 0.010041 0.006610
0.022939 0.021116 0.014386 0.010951 0.007765 0.005772
0.010046 0.010805 0.009778 0.009196 0.006862 0.004819
0.007656 0.008647 0.009126 0.008016 0.005664 0.004527
0.009870 0.018706 0.021358 0.020023 0.014260 0.009100
0.005784 0.007669 0.008177 0.008896 0.008398 0.007215
0.010388 0.014884 0.014351 0.011473 0.008564 0.006414
0.006309 0.008714 0.009678 0.010160 0.009092 0.007537
0.016841 0.017290 0.014513 0.010569 0.006775 0.004794
0.008596 0.009371 0.009170 0.008191 0.006077 0.004295
0.014718 0.016489 0.015582 0.013515 0.010269 0.007249
0.014852 0.014540 0.014270 0.012220 0.007894 0.004868
0.013048 0.013374 0.011270 0.009812 0.006532 0.004380
0.015478 0.015110 0.013186 0.010761 0.007444 0.005294
0.005483 0.009483 0.010455 0.009663 0.007270 0.005058
0.004683 0.005405 0.005693 0.006895 0.006890 0.006819
0.016814 0.017169 0.019013 0.018054 0.014257 0.011734
0.018916 0.017525 0.015659 0.014036 0.010625 0.008238
0.015747 0.021842 0.024414 0.022209 0.015873 0.010441
0.014693 0.014264 0.013777 0.012877 0.009944 0.008728
0.039288 0.034993 0.024556 0.014037 0.010370 0.006377
0.017235 0.017030 0.017662 0.016886 0.014134 0.010395
0.015880 0.014586 0.011497 0.011952 0.011686 0.008479
0.013371 0.014713 0.017037 0.016630 0.013130 0.008901
0.008472 0.009271 0.008303 0.006455 0.005138 0.004022
0.018242 0.018381 0.016274 0.015591 0.013619 0.010707
0.012373 0.012268 0.012355 0.012732 0.010518 0.007290
0.007510 0.010249 0.011284 0.011160 0.009899 0.007705
0.017752 0.018888 0.017623 0.016694 0.013702 0.012786
0.010708 0.012872 0.012961 0.011357 0.008199 0.005509
0.008623 0.010038 0.012457 0.012365 0.009954 0.006970
0.006737 0.011211 0.014915 0.015634 0.013725 0.010577
0.010228 0.015706 0.019723 0.019164 0.015047 0.010581
0.023731 0.023245 0.018245 0.012573 0.008413 0.006143
0.017568 0.017665 0.017449 0.014636 0.010085 0.006724
0.044808 0.047465 0.044132 0.031031 0.013953 0.009188
0.013608 0.017825 0.017584 0.014368 0.010239 0.007064
0.014043 0.016579 0.018894 0.017485 0.012795 0.008159
0.005919 0.008638 0.010621 0.010740 0.008999 0.006647
0.014978 0.018036 0.019122 0.018946 0.015345 0.011151
0.031100 0.030299 0.025663 0.016156 0.012005 0.010352
0.017286 0.017889 0.015656 0.013786 0.011394 0.008276
0.031309 0.027303 0.024937 0.020831 0.012151 0.007219
0.011813 0.011813 0.010793 0.009594 0.007548 0.006419
0.016940 0.019212 0.021016 0.019212 0.013919 0.009362
0.013767 0.018674 0.020031 0.020181 0.017922 0.015128
0.049749 0.050063 0.041221 0.022431 0.014190 0.010611
0.013368 0.012858 0.013403 0.013749 0.012018 0.009795
0.021202 0.020047 0.018631 0.013598 0.009309 0.007932
0.042047 0.042265 0.034745 0.019721 0.012833 0.008550
0.015270 0.014065 0.013993 0.013723 0.010838 0.007786
0.009531 0.010571 0.010773 0.010117 0.007493 0.005365
0.016339 0.028164 0.034457 0.033111 0.020621 0.013925
0.007534 0.010374 0.013270 0.013662 0.011760 0.008057
0.014096 0.017104 0.017778 0.015823 0.011865 0.009144
0.012462 0.012658 0.011292 0.009671 0.009886 0.008581
0.020359 0.021890 0.019751 0.014339 0.008922 0.006400
0.011811 0.015970 0.015921 0.013320 0.009074 0.006889
0.028913 0.028771 0.026212 0.021026 0.014812 0.008848
0.051965 0.053141 0.047312 0.030759 0.013824 0.008104
0.022203 0.021591 0.016916 0.013534 0.010847 0.008663
0.017413 0.020571 0.019481 0.015491 0.009724 0.006448
0.009997 0.011994 0.013911 0.013968 0.011065 0.007773
0.006453 0.006852 0.007720 0.008115 0.007922 0.006815
0.022052 0.021690 0.021685 0.022394 0.024728 0.019472
0.020290 0.022078 0.019750 0.015043 0.013226 0.009413
0.028345 0.026617 0.021888 0.021479 0.017026 0.012849
0.026647 0.031649 0.028013 0.023081 0.017235 0.012494
0.035582 0.033653 0.028938 0.021304 0.014894 0.009130
0.019674 0.024972 0.026355 0.022776 0.017455 0.014454
0.022787 0.020146 0.014298 0.013412 0.012574 0.011851
0.042024 0.046374 0.043661 0.035393 0.023897 0.013464
0.010239 0.010347 0.009649 0.009044 0.007051 0.005313
0.027661 0.027548 0.025356 0.020710 0.013204 0.008515
0.015015 0.014508 0.014118 0.013662 0.012271 0.009402
0.009100 0.010791 0.012729 0.013503 0.012674 0.013046
0.012627 0.014095 0.016413 0.020268 0.021815 0.021527
0.030475 0.026230 0.022663 0.018150 0.011765 0.008299
0.020406 0.019927 0.015436 0.013643 0.011435 0.008733
0.011726 0.013131 0.016078 0.017851 0.016646 0.013651
0.014386 0.014769 0.017254 0.016605 0.012624 0.008770
0.020407 0.019274 0.013623 0.010854 0.007749 0.006373
0.026991 0.025092 0.019663 0.016624 0.010891 0.007588
0.066818 0.069937 0.068998 0.054595 0.018439 0.010169
0.012440 0.016852 0.016982 0.013642 0.007900 0.005697
0.014197 0.022960 0.027385 0.025590 0.018064 0.011493
0.006613 0.009877 0.012955 0.013571 0.011748 0.008801
0.018835 0.022850 0.024296 0.021553 0.016052 0.014614
0.030653 0.031769 0.030778 0.025759 0.016947 0.013602
0.046722 0.048375 0.045129 0.037239 0.026641 0.024095
0.030443 0.030850 0.027642 0.026815 0.021983 0.009542
0.013490 0.014303 0.013904 0.011693 0.010134 0.008511
0.040336 0.036167 0.028564 0.022722 0.017676 0.012256
0.025609 0.029447 0.026217 0.022480 0.017809 0.015854
0.093560 0.091864 0.078766 0.046217 0.019124 0.013125
0.019128 0.018432 0.015837 0.014819 0.013161 0.011763
0.053355 0.050354 0.043598 0.029469 0.011505 0.009142
0.074288 0.075367 0.065383 0.031198 0.016470 0.011508
0.018413 0.020386 0.017639 0.014739 0.011653 0.009371
0.012307 0.012807 0.011525 0.009790 0.008070 0.007011
0.018996 0.033595 0.041467 0.042893 0.034457 0.023666
0.012627 0.014702 0.018119 0.019103 0.016593 0.012558
0.022768 0.024118 0.021880 0.016286 0.010359 0.007303
0.019504 0.019625 0.016941 0.012247 0.007876 0.007211
0.022765 0.022056 0.019886 0.016200 0.012598 0.008636
0.010113 0.015450 0.017798 0.016622 0.012847 0.010523
0.014503 0.016607 0.016337 0.014866 0.011961 0.006922
0.058815 0.059872 0.054092 0.035069 0.015976 0.010264
0.030229 0.029171 0.024869 0.016707 0.013415 0.012068
0.016253 0.020500 0.017950 0.011845 0.008223 0.006273
0.011141 0.015244 0.016896 0.016283 0.013051 0.008444
0.008711 0.009499 0.009747 0.010207 0.009423 0.007720
0.013682 0.019854 0.025033 0.033788 0.050027 0.061515
0.027644 0.032030 0.026880 0.017521 0.014655 0.011255
0.035359 0.033911 0.027959 0.018692 0.010926 0.006736
0.046067 0.043189 0.032365 0.017391 0.010069 0.006984
0.087782 0.082697 0.072012 0.055589 0.032309 0.012389
0.027206 0.027529 0.026772 0.023942 0.019493 0.017118
0.027037 0.024488 0.017860 0.016024 0.015499 0.014158
0.078897 0.081133 0.075082 0.061767 0.033879 0.016738
0.010847 0.013201 0.013204 0.010086 0.007028 0.005703
0.032290 0.031364 0.028735 0.025446 0.019567 0.011380
0.019066 0.017898 0.018025 0.016615 0.016370 0.011903
0.010156 0.015196 0.016089 0.014303 0.016151 0.017306
0.011816 0.017182 0.032837 0.038354 0.042366 0.051081
0.061242 0.062384 0.055103 0.033926 0.015395 0.011041
0.076336 0.070138 0.056579 0.029583 0.009660 0.007742
0.017705 0.018948 0.017594 0.016972 0.016799 0.014734
0.019097 0.019942 0.016113 0.009183 0.006550 0.004037
0.029906 0.029041 0.023785 0.018460 0.011905 0.008135
0.041983 0.039239 0.034138 0.024531 0.012912 0.009785
0.011901 0.015723 0.017210 0.016565 0.013649 0.010078
0.018250 0.023594 0.024862 0.020850 0.012960 0.008905
0.018034 0.028475 0.033171 0.030464 0.020523 0.012748
0.008621 0.010892 0.014201 0.015571 0.014056 0.010998
0.021057 0.027164 0.029614 0.028293 0.020509 0.014449
0.041001 0.042233 0.043186 0.040178 0.028394 0.015355
0.006503 0.018138 0.025191 0.025481 0.020967 0.016027
0.043475 0.039227 0.033050 0.029721 0.025302 0.011069
0.019705 0.019543 0.016622 0.014772 0.012377 0.010625
0.102754 0.100162 0.094236 0.071675 0.013508 0.010940
0.045252 0.047562 0.045883 0.040556 0.031920 0.027862
0.117056 0.118982 0.108763 0.041324 0.017300 0.012297
0.028082 0.026443 0.022148 0.018788 0.016276 0.013798
0.020158 0.029749 0.031107 0.028705 0.022429 0.016362
0.235681 0.229323 0.222500 0.037149 0.015846 0.010286
0.024058 0.028639 0.024159 0.014423 0.009898 0.008008
0.014951 0.014799 0.013074 0.010966 0.010547 0.009332
0.037079 0.047045 0.052147 0.054388 0.053835 0.058586
0.026069 0.026816 0.026614 0.025587 0.020157 0.015246
0.035759 0.031950 0.022374 0.014401 0.009996 0.006907
0.028301 0.026613 0.022662 0.017608 0.011174 0.007409
0.032762 0.034476 0.029532 0.019449 0.013064 0.008651
0.011515 0.018114 0.019880 0.017871 0.012395 0.010052
0.025082 0.027823 0.028919 0.027301 0.020303 0.008200
0.120773 0.120763 0.115914 0.097897 0.018635 0.011607
0.053445 0.049644 0.041031 0.026268 0.014559 0.012919
0.042640 0.044084 0.035907 0.017989 0.011855 0.009328
0.010342 0.014613 0.014423 0.015428 0.013690 0.011268
