0.060000 0.020000 0.020000 0.010000 0.010000 0.080000
0.040000 0.030000 0.030000 0.030000 0.020000 0.060000
0.060000 0.030000 0.020000 0.020000 0.020000 0.060000
0.060000 0.030000 0.040000 0.030000 0.030000 0.060000
0.040000 0.010000 0.010000 0.010000 0.000000 0.080000
0.060000 0.020000 0.010000 0.010000 0.010000 0.060000
0.060000 0.060000 0.060000 0.050000 0.040000 0.060000
0.060000 0.050000 0.060000 0.050000 0.040000 0.070000
0.070000 0.080000 0.080000 0.070000 0.060000 0.070000
0.050000 0.080000 0.080000 0.070000 0.050000 0.060000
0.040000 0.030000 0.030000 0.020000 0.020000 0.060000
0.060000 0.020000 0.010000 0.010000 0.010000 0.060000
0.050000 0.010000 0.010000 0.010000 0.000000 0.070000
0.060000 0.010000 0.010000 0.010000 0.000000 0.070000
0.060000 0.020000 0.020000 0.020000 0.020000 0.060000
0.040000 0.020000 0.020000 0.020000 0.020000 0.060000
0.050000 0.070000 0.080000 0.070000 0.050000 0.070000
0.070000 0.060000 0.070000 0.060000 0.040000 0.080000
0.070000 0.020000 0.010000 0.010000 0.010000 0.080000
0.050000 0.020000 0.020000 0.020000 0.010000 0.070000
0.060000 0.020000 0.020000 0.020000 0.010000 0.070000
0.030000 0.010000 0.020000 0.020000 0.010000 0.070000
0.050000 0.010000 0.010000 0.030000 0.040000 0.030000
0.050000 0.010000 0.020000 0.030000 0.030000 0.100000
0.060000 0.030000 0.030000 0.020000 0.020000 0.060000
0.050000 0.020000 0.030000 0.020000 0.020000 0.070000
0.060000 0.040000 0.040000 0.040000 0.030000 0.070000
0.060000 0.030000 0.020000 0.020000 0.020000 0.060000
0.050000 0.010000 0.010000 0.010000 0.010000 0.060000
0.050000 0.010000 0.010000 0.010000 0.010000 0.080000
0.090000 0.050000 0.060000 0.060000 0.060000 0.090000
0.040000 0.050000 0.050000 0.040000 0.030000 0.040000
0.060000 0.030000 0.020000 0.020000 0.010000 0.080000
0.070000 0.040000 0.030000 0.030000 0.030000 0.070000
0.060000 0.020000 0.020000 0.020000 0.020000 0.070000
0.050000 0.020000 0.010000 0.020000 0.030000 0.040000
0.080000 0.040000 0.040000 0.040000 0.030000 0.070000
0.040000 0.060000 0.060000 0.050000 0.040000 0.060000
0.070000 0.030000 0.020000 0.020000 0.020000 0.050000
0.050000 0.030000 0.030000 0.030000 0.020000 0.080000
0.060000 0.020000 0.020000 0.020000 0.010000 0.070000
0.070000 0.020000 0.020000 0.020000 0.010000 0.080000
0.070000 0.040000 0.030000 0.030000 0.020000 0.070000
0.060000 0.030000 0.030000 0.030000 0.020000 0.070000
0.110000 0.170000 0.180000 0.160000 0.120000 0.090000
0.060000 0.040000 0.040000 0.040000 0.030000 0.070000
0.090000 0.050000 0.050000 0.050000 0.040000 0.090000
0.060000 0.020000 0.020000 0.020000 0.020000 0.050000
0.100000 0.150000 0.160000 0.140000 0.120000 0.090000
0.090000 0.100000 0.100000 0.090000 0.070000 0.090000
0.110000 0.170000 0.180000 0.160000 0.130000 0.100000
0.150000 0.230000 0.250000 0.220000 0.180000 0.130000
0.060000 0.020000 0.010000 0.010000 0.010000 0.060000
0.060000 0.020000 0.010000 0.010000 0.010000 0.080000
0.090000 0.080000 0.080000 0.070000 0.060000 0.060000
0.050000 0.010000 0.000000 0.000000 0.000000 0.060000
0.030000 0.000000 0.010000 0.000000 0.010000 0.050000
0.080000 0.030000 0.030000 0.030000 0.020000 0.070000
0.080000 0.040000 0.040000 0.030000 0.030000 0.090000
0.090000 0.120000 0.120000 0.110000 0.080000 0.070000
0.110000 0.060000 0.040000 0.040000 0.030000 0.070000
0.070000 0.020000 0.020000 0.020000 0.010000 0.070000
0.080000 0.030000 0.010000 0.010000 0.000000 0.070000
0.090000 0.030000 0.010000 0.020000 0.010000 0.090000
0.060000 0.020000 0.010000 0.010000 0.010000 0.070000
0.060000 0.020000 0.010000 0.010000 0.010000 0.070000
0.070000 0.020000 0.010000 0.010000 0.010000 0.090000
0.090000 0.040000 0.020000 0.020000 0.020000 0.090000
0.050000 0.020000 0.020000 0.020000 0.020000 0.060000
0.100000 0.050000 0.030000 0.030000 0.020000 0.070000
0.080000 0.030000 0.020000 0.010000 0.010000 0.070000
0.060000 0.070000 0.080000 0.070000 0.050000 0.070000
0.070000 0.080000 0.090000 0.080000 0.060000 0.070000
0.100000 0.100000 0.110000 0.100000 0.080000 0.100000
0.060000 0.060000 0.060000 0.060000 0.040000 0.080000
0.070000 0.020000 0.010000 0.010000 0.010000 0.070000
0.070000 0.030000 0.030000 0.020000 0.020000 0.070000
0.070000 0.040000 0.040000 0.040000 0.030000 0.100000
0.070000 0.050000 0.050000 0.040000 0.030000 0.080000
0.080000 0.030000 0.030000 0.030000 0.020000 0.060000
0.130000 0.200000 0.220000 0.190000 0.150000 0.120000
0.060000 0.080000 0.090000 0.080000 0.060000 0.060000
0.070000 0.060000 0.060000 0.060000 0.050000 0.040000
0.070000 0.070000 0.070000 0.060000 0.050000 0.070000
0.060000 0.020000 0.010000 0.010000 0.010000 0.060000
0.080000 0.050000 0.050000 0.040000 0.030000 0.070000
0.080000 0.050000 0.050000 0.040000 0.030000 0.080000
0.050000 0.040000 0.040000 0.040000 0.030000 0.060000
0.100000 0.120000 0.120000 0.110000 0.080000 0.080000
0.080000 0.050000 0.040000 0.040000 0.030000 0.080000
0.060000 0.030000 0.030000 0.030000 0.020000 0.070000
0.080000 0.050000 0.050000 0.040000 0.030000 0.070000
0.060000 0.040000 0.040000 0.040000 0.030000 0.080000
0.050000 0.020000 0.010000 0.010000 0.010000 0.060000
0.080000 0.060000 0.060000 0.050000 0.040000 0.120000
0.060000 0.020000 0.020000 0.020000 0.020000 0.050000
0.060000 0.060000 0.060000 0.050000 0.040000 0.060000
0.090000 0.060000 0.070000 0.060000 0.050000 0.070000
0.050000 0.020000 0.010000 0.010000 0.010000 0.060000
0.080000 0.040000 0.030000 0.020000 0.020000 0.060000
0.180000 0.200000 0.210000 0.190000 0.150000 0.120000
0.150000 0.240000 0.260000 0.220000 0.170000 0.130000
0.090000 0.050000 0.030000 0.030000 0.020000 0.050000
0.070000 0.040000 0.020000 0.020000 0.020000 0.060000
0.070000 0.050000 0.060000 0.060000 0.040000 0.130000
0.140000 0.160000 0.170000 0.150000 0.120000 0.100000
0.090000 0.050000 0.050000 0.050000 0.040000 0.080000
0.060000 0.040000 0.040000 0.040000 0.030000 0.070000
0.110000 0.060000 0.030000 0.020000 0.020000 0.070000
0.070000 0.030000 0.030000 0.020000 0.020000 0.050000
0.070000 0.070000 0.080000 0.070000 0.050000 0.090000
0.160000 0.110000 0.110000 0.110000 0.080000 0.120000
0.060000 0.040000 0.040000 0.040000 0.030000 0.060000
0.070000 0.030000 0.020000 0.020000 0.020000 0.070000
0.170000 0.270000 0.290000 0.260000 0.210000 0.160000
0.150000 0.230000 0.250000 0.230000 0.180000 0.140000
0.060000 0.010000 0.020000 0.020000 0.010000 0.080000
0.050000 0.010000 0.010000 0.010000 0.000000 0.070000
0.090000 0.040000 0.040000 0.040000 0.040000 0.120000
0.070000 0.050000 0.050000 0.050000 0.040000 0.100000
0.090000 0.070000 0.080000 0.070000 0.060000 0.090000
0.090000 0.040000 0.020000 0.020000 0.020000 0.070000
0.070000 0.030000 0.030000 0.030000 0.020000 0.070000
0.110000 0.060000 0.050000 0.040000 0.030000 0.080000
0.050000 0.000000 0.030000 0.030000 0.020000 0.090000
0.120000 0.050000 0.020000 0.010000 0.010000 0.080000
0.090000 0.100000 0.100000 0.090000 0.070000 0.050000
0.100000 0.050000 0.050000 0.050000 0.040000 0.080000
0.050000 0.030000 0.030000 0.030000 0.020000 0.060000
0.090000 0.110000 0.120000 0.110000 0.080000 0.090000
0.050000 0.030000 0.040000 0.030000 0.020000 0.060000
0.110000 0.060000 0.030000 0.020000 0.020000 0.090000
0.160000 0.230000 0.240000 0.220000 0.170000 0.140000
0.070000 0.100000 0.110000 0.090000 0.070000 0.070000
0.120000 0.060000 0.010000 0.020000 0.010000 0.100000
0.090000 0.050000 0.050000 0.040000 0.030000 0.070000
0.090000 0.100000 0.110000 0.100000 0.080000 0.080000
0.150000 0.080000 0.070000 0.060000 0.050000 0.080000
0.060000 0.020000 0.020000 0.020000 0.020000 0.060000
0.190000 0.080000 0.030000 0.050000 0.040000 0.100000
0.070000 0.070000 0.070000 0.060000 0.050000 0.090000
0.110000 0.060000 0.040000 0.040000 0.030000 0.080000
0.160000 0.170000 0.180000 0.160000 0.120000 0.110000
0.140000 0.110000 0.110000 0.100000 0.080000 0.080000
0.070000 0.030000 0.020000 0.020000 0.010000 0.080000
0.250000 0.100000 0.050000 0.100000 0.060000 0.110000
0.080000 0.090000 0.090000 0.080000 0.060000 0.100000
0.080000 0.070000 0.070000 0.060000 0.050000 0.050000
0.140000 0.090000 0.080000 0.070000 0.050000 0.070000
0.080000 0.020000 0.040000 0.030000 0.020000 0.080000
0.240000 0.100000 0.050000 0.070000 0.050000 0.110000
0.380000 0.170000 0.100000 0.190000 0.150000 0.210000
0.500000 0.250000 0.190000 0.230000 0.210000 0.280000
0.200000 0.080000 0.040000 0.060000 0.030000 0.100000
0.300000 0.180000 0.090000 0.080000 0.060000 0.090000
0.070000 0.090000 0.100000 0.090000 0.070000 0.070000
0.090000 0.090000 0.100000 0.090000 0.070000 0.090000
0.110000 0.140000 0.170000 0.150000 0.110000 0.130000
0.120000 0.050000 0.070000 0.070000 0.070000 0.220000
0.150000 0.090000 0.070000 0.060000 0.050000 0.080000
0.060000 0.040000 0.040000 0.030000 0.030000 0.060000
0.120000 0.010000 0.060000 0.050000 0.030000 0.110000
0.200000 0.170000 0.170000 0.170000 0.150000 0.100000
0.190000 0.100000 0.060000 0.050000 0.040000 0.080000
0.130000 0.050000 0.040000 0.040000 0.040000 0.140000
0.220000 0.100000 0.030000 0.030000 0.030000 0.240000
0.100000 0.030000 0.030000 0.030000 0.020000 0.100000
0.260000 0.110000 0.080000 0.100000 0.080000 0.130000
0.110000 0.080000 0.080000 0.070000 0.050000 0.070000
0.190000 0.090000 0.090000 0.090000 0.070000 0.110000
0.160000 0.140000 0.150000 0.130000 0.100000 0.090000
0.110000 0.160000 0.180000 0.160000 0.120000 0.120000
0.070000 0.060000 0.060000 0.050000 0.040000 0.080000
0.130000 0.060000 0.050000 0.050000 0.040000 0.140000
0.150000 0.080000 0.100000 0.120000 0.080000 0.130000
0.070000 0.090000 0.090000 0.080000 0.060000 0.080000
0.250000 0.110000 0.100000 0.150000 0.110000 0.160000
0.170000 0.080000 0.060000 0.060000 0.040000 0.080000
0.170000 0.080000 0.020000 0.060000 0.120000 0.320000
0.080000 0.050000 0.050000 0.040000 0.030000 0.080000
0.090000 0.040000 0.030000 0.030000 0.030000 0.070000
0.150000 0.100000 0.090000 0.080000 0.060000 0.080000
0.070000 0.060000 0.060000 0.060000 0.040000 0.080000
0.160000 0.060000 0.030000 0.050000 0.040000 0.130000
0.100000 0.040000 0.030000 0.030000 0.020000 0.090000
0.230000 0.110000 0.070000 0.070000 0.050000 0.110000
0.080000 0.040000 0.030000 0.030000 0.030000 0.050000
0.100000 0.030000 0.040000 0.040000 0.030000 0.090000
0.120000 0.150000 0.160000 0.140000 0.110000 0.110000
0.200000 0.110000 0.090000 0.080000 0.070000 0.070000
0.070000 0.050000 0.060000 0.050000 0.040000 0.090000
0.190000 0.110000 0.040000 0.030000 0.020000 0.100000
0.100000 0.030000 0.020000 0.030000 0.020000 0.110000
0.210000 0.070000 0.060000 0.080000 0.040000 0.110000
0.100000 0.050000 0.050000 0.050000 0.040000 0.080000
0.130000 0.070000 0.090000 0.090000 0.080000 0.150000
0.080000 0.040000 0.040000 0.040000 0.030000 0.090000
0.080000 0.090000 0.130000 0.100000 0.070000 0.110000
0.130000 0.060000 0.060000 0.050000 0.040000 0.070000
0.150000 0.080000 0.080000 0.090000 0.070000 0.240000
0.250000 0.110000 0.060000 0.060000 0.040000 0.080000
0.070000 0.040000 0.040000 0.040000 0.030000 0.100000
0.120000 0.080000 0.070000 0.070000 0.060000 0.050000
0.110000 0.040000 0.020000 0.020000 0.020000 0.090000
0.280000 0.110000 0.080000 0.150000 0.100000 0.170000
0.280000 0.140000 0.100000 0.090000 0.070000 0.150000
0.200000 0.210000 0.200000 0.180000 0.140000 0.100000
0.480000 0.380000 0.240000 0.170000 0.120000 0.150000
0.240000 0.190000 0.170000 0.150000 0.120000 0.100000
0.550000 0.350000 0.190000 0.170000 0.140000 0.230000
0.460000 0.250000 0.060000 0.090000 0.080000 0.170000
0.130000 0.070000 0.070000 0.060000 0.050000 0.120000
0.130000 0.110000 0.120000 0.110000 0.080000 0.110000
0.080000 0.220000 0.380000 0.380000 0.270000 0.290000
0.130000 0.070000 0.070000 0.080000 0.060000 0.120000
0.480000 0.280000 0.040000 0.130000 0.110000 0.160000
0.260000 0.140000 0.080000 0.070000 0.070000 0.400000
0.100000 0.040000 0.040000 0.030000 0.030000 0.100000
0.120000 0.040000 0.070000 0.050000 0.040000 0.120000
0.360000 0.160000 0.110000 0.210000 0.150000 0.190000
0.400000 0.210000 0.060000 0.060000 0.040000 0.120000
0.390000 0.180000 0.100000 0.150000 0.150000 0.290000
0.520000 0.250000 0.150000 0.230000 0.210000 0.320000
0.300000 0.140000 0.080000 0.080000 0.060000 0.130000
0.180000 0.020000 0.190000 0.220000 0.120000 0.150000
0.200000 0.090000 0.010000 0.010000 0.010000 0.140000
0.140000 0.060000 0.050000 0.050000 0.040000 0.100000
0.310000 0.170000 0.060000 0.090000 0.080000 0.170000
0.130000 0.100000 0.110000 0.100000 0.080000 0.150000
0.270000 0.190000 0.210000 0.200000 0.170000 0.290000
0.590000 0.270000 0.230000 0.360000 0.290000 0.310000
0.270000 0.110000 0.080000 0.120000 0.080000 0.160000
0.870000 0.640000 0.550000 0.470000 0.350000 0.250000
0.260000 0.380000 0.410000 0.360000 0.290000 0.220000
0.080000 0.150000 0.300000 0.320000 0.220000 0.250000
0.090000 0.040000 0.030000 0.030000 0.040000 0.050000
0.090000 0.090000 0.230000 0.250000 0.190000 0.220000
0.220000 0.110000 0.020000 0.010000 0.010000 0.080000
0.330000 0.110000 0.090000 0.130000 0.060000 0.100000
0.090000 0.100000 0.100000 0.090000 0.070000 0.080000
0.120000 0.080000 0.060000 0.050000 0.040000 0.060000
0.590000 0.340000 0.070000 0.140000 0.090000 0.150000
0.420000 0.200000 0.060000 0.160000 0.110000 0.180000
0.100000 0.050000 0.030000 0.020000 0.020000 0.100000
0.230000 0.090000 0.080000 0.110000 0.060000 0.140000
0.130000 0.180000 0.190000 0.170000 0.130000 0.110000
0.570000 0.450000 0.260000 0.120000 0.080000 0.050000
0.150000 0.050000 0.020000 0.020000 0.020000 0.150000
0.150000 0.240000 0.350000 0.360000 0.260000 0.260000
0.160000 0.110000 0.100000 0.090000 0.070000 0.100000
0.710000 0.300000 0.140000 0.190000 0.180000 0.490000
0.210000 0.120000 0.100000 0.110000 0.100000 0.190000
0.210000 0.240000 0.270000 0.270000 0.250000 0.400000
0.120000 0.150000 0.160000 0.150000 0.120000 0.140000
0.500000 0.330000 0.180000 0.140000 0.110000 0.170000
0.120000 0.060000 0.050000 0.050000 0.040000 0.140000
0.330000 0.130000 0.130000 0.210000 0.180000 0.250000
0.710000 0.420000 0.080000 0.120000 0.110000 0.190000
0.340000 0.190000 0.140000 0.140000 0.100000 0.130000
0.720000 0.440000 0.310000 0.270000 0.220000 0.270000
0.450000 0.440000 0.460000 0.410000 0.280000 0.200000
0.260000 0.150000 0.130000 0.110000 0.090000 0.110000
0.980000 0.940000 0.870000 0.810000 0.700000 0.210000
0.320000 0.160000 0.010000 0.000000 0.050000 0.070000
0.490000 0.260000 0.130000 0.230000 0.250000 0.370000
0.480000 0.210000 0.250000 0.220000 0.150000 0.250000
0.190000 0.110000 0.150000 0.170000 0.180000 0.360000
0.270000 0.160000 0.280000 0.310000 0.190000 0.220000
0.320000 0.310000 0.320000 0.310000 0.300000 0.650000
0.220000 0.100000 0.090000 0.080000 0.080000 0.180000
1.050000 0.740000 0.320000 0.130000 0.110000 0.110000
0.790000 0.330000 0.230000 0.460000 0.490000 0.620000
0.240000 0.170000 0.110000 0.110000 0.110000 0.030000
0.790000 0.650000 0.450000 0.290000 0.180000 0.070000
0.080000 0.040000 0.040000 0.050000 0.040000 0.120000
0.740000 0.420000 0.170000 0.210000 0.200000 0.260000
0.410000 0.170000 0.080000 0.150000 0.090000 0.160000
0.280000 0.160000 0.190000 0.260000 0.220000 0.120000
0.300000 0.060000 0.260000 0.430000 0.440000 0.530000
0.090000 0.080000 0.090000 0.080000 0.060000 0.120000
0.150000 0.400000 0.680000 0.780000 0.680000 0.640000
0.210000 0.100000 0.120000 0.110000 0.070000 0.100000
0.080000 0.060000 0.070000 0.060000 0.050000 0.080000
0.430000 0.350000 0.240000 0.180000 0.140000 0.160000
0.180000 0.060000 0.040000 0.060000 0.050000 0.130000
0.020000 0.600000 0.960000 1.030000 0.830000 0.720000
0.170000 0.210000 0.220000 0.200000 0.160000 0.140000
0.060000 0.250000 0.500000 0.540000 0.440000 0.460000
0.140000 0.090000 0.100000 0.090000 0.070000 0.100000
0.200000 0.120000 0.170000 0.170000 0.110000 0.210000
0.430000 0.260000 0.100000 0.080000 0.060000 0.110000
0.830000 0.480000 0.240000 0.240000 0.210000 0.320000
0.540000 0.270000 0.040000 0.110000 0.050000 0.140000
0.600000 0.260000 0.130000 0.280000 0.210000 0.260000
0.540000 0.150000 0.260000 0.350000 0.200000 0.200000
0.550000 0.190000 0.160000 0.230000 0.150000 0.200000
0.550000 0.180000 0.310000 0.490000 0.430000 0.510000
0.330000 0.150000 0.080000 0.110000 0.040000 0.170000
0.440000 0.120000 0.200000 0.280000 0.160000 0.180000
0.110000 0.100000 0.110000 0.100000 0.080000 0.100000
0.740000 0.500000 0.250000 0.220000 0.220000 0.030000
0.330000 0.150000 0.090000 0.150000 0.110000 0.160000
0.380000 0.350000 0.320000 0.270000 0.210000 0.160000
0.620000 0.390000 0.250000 0.210000 0.150000 0.320000
0.110000 0.070000 0.070000 0.070000 0.050000 0.100000
0.440000 0.290000 0.150000 0.110000 0.080000 0.320000
0.480000 0.180000 0.080000 0.080000 0.010000 0.130000
1.040000 0.740000 0.360000 0.190000 0.140000 0.130000
0.540000 0.270000 0.210000 0.190000 0.150000 0.250000
0.690000 0.250000 0.270000 0.270000 0.190000 0.410000
0.520000 0.180000 0.330000 0.470000 0.400000 0.500000
0.310000 0.220000 0.290000 0.230000 0.160000 0.300000
5.080000 6.100000 5.950000 4.530000 2.080000 1.160000
0.390000 0.540000 0.550000 0.490000 0.370000 0.270000
0.500000 0.250000 0.010000 0.050000 0.080000 0.350000
0.380000 0.190000 0.010000 0.060000 0.030000 0.140000
0.230000 0.190000 0.170000 0.150000 0.130000 0.080000
0.370000 0.250000 0.690000 0.800000 0.760000 0.880000
0.540000 0.350000 0.100000 0.070000 0.050000 0.150000
0.140000 0.020000 0.190000 0.280000 0.260000 0.330000
0.080000 0.210000 0.440000 0.540000 0.520000 0.570000
0.170000 0.250000 0.580000 0.650000 0.530000 0.580000
0.970000 0.530000 0.250000 0.360000 0.300000 0.340000
0.870000 0.450000 0.200000 0.310000 0.250000 0.390000
0.570000 0.280000 0.290000 0.320000 0.240000 0.310000
0.210000 0.260000 0.410000 0.420000 0.310000 0.350000
0.540000 0.400000 0.250000 0.220000 0.280000 0.090000
0.190000 0.140000 0.080000 0.040000 0.030000 0.110000
0.660000 0.250000 0.300000 0.320000 0.190000 0.230000
1.580000 1.020000 0.320000 0.140000 0.160000 0.600000
0.790000 0.310000 0.310000 0.590000 0.480000 0.520000
0.910000 0.440000 0.150000 0.430000 0.430000 0.560000
0.330000 0.280000 0.210000 0.160000 0.120000 0.070000
0.200000 0.180000 0.450000 0.520000 0.420000 0.450000
0.220000 0.090000 0.070000 0.160000 0.230000 0.550000
1.920000 1.210000 0.050000 0.410000 0.300000 0.370000
0.760000 0.430000 0.180000 0.220000 0.230000 0.360000
0.450000 0.370000 0.870000 0.950000 0.690000 0.610000
1.630000 1.100000 0.220000 0.110000 0.080000 0.230000
0.520000 0.240000 0.130000 0.220000 0.180000 0.240000
0.310000 0.120000 0.130000 0.180000 0.140000 0.210000
0.280000 1.180000 1.670000 1.640000 1.230000 0.980000
0.210000 0.100000 0.060000 0.050000 0.080000 0.370000
0.260000 0.150000 0.440000 0.460000 0.340000 0.400000
0.180000 0.080000 0.270000 0.310000 0.310000 0.490000
1.090000 0.840000 0.400000 0.120000 0.060000 0.080000
0.470000 0.500000 0.500000 0.440000 0.340000 0.280000
0.930000 0.770000 0.530000 0.400000 0.290000 0.140000
0.730000 0.270000 0.240000 0.380000 0.240000 0.220000
0.610000 0.300000 0.090000 0.210000 0.130000 0.160000
0.910000 0.490000 0.030000 0.200000 0.110000 0.200000
0.040000 0.160000 0.320000 0.350000 0.250000 0.270000
0.160000 0.140000 0.150000 0.140000 0.110000 0.250000
0.120000 0.720000 1.040000 0.660000 0.340000 0.640000
1.090000 0.560000 0.110000 0.210000 0.130000 0.410000
0.180000 1.410000 2.190000 1.890000 1.270000 1.090000
0.970000 0.550000 0.260000 0.240000 0.190000 0.360000
nan nan nan nan nan nan
0.790000 0.260000 0.590000 0.740000 0.610000 0.730000
0.770000 0.410000 0.090000 0.100000 0.120000 0.360000
nan nan nan nan nan nan
0.420000 0.420000 0.390000 0.330000 0.260000 0.190000
1.140000 0.740000 0.270000 0.090000 0.260000 0.650000
0.560000 0.240000 0.120000 0.260000 0.250000 0.420000
0.490000 0.480000 0.450000 0.470000 0.400000 0.160000
1.360000 1.080000 0.720000 0.450000 0.190000 0.710000
0.530000 0.170000 0.200000 0.330000 0.290000 0.370000
0.340000 0.050000 0.460000 0.610000 0.560000 0.600000
0.110000 0.240000 0.590000 0.800000 0.860000 1.000000
0.180000 0.650000 1.320000 1.440000 1.260000 1.180000
nan nan nan nan nan nan
1.060000 0.370000 0.280000 0.490000 0.360000 0.450000
8.610000 9.420000 8.890000 6.260000 2.300000 1.400000
0.180000 0.550000 0.800000 0.730000 0.520000 0.550000
0.270000 0.440000 0.810000 0.660000 0.420000 0.460000
0.190000 0.160000 0.220000 0.270000 0.270000 0.390000
0.370000 0.330000 0.930000 1.040000 0.890000 0.970000
2.910000 2.500000 1.800000 0.760000 0.250000 0.280000
nan nan nan nan nan nan
1.350000 0.820000 0.550000 0.520000 0.220000 0.210000
0.740000 0.360000 0.220000 0.250000 0.250000 0.440000
0.370000 0.480000 1.140000 1.180000 0.970000 0.950000
0.250000 1.240000 1.770000 1.720000 1.480000 1.620000
8.320000 8.830000 7.320000 3.650000 1.800000 1.410000
0.870000 0.490000 0.260000 0.240000 0.210000 0.510000
1.770000 1.330000 0.760000 0.350000 0.260000 0.350000
6.260000 6.820000 5.650000 2.890000 1.430000 1.030000
0.690000 0.280000 0.240000 0.440000 0.430000 0.560000
0.510000 0.260000 0.090000 0.240000 0.220000 0.320000
nan nan nan nan nan nan
0.380000 0.350000 0.380000 0.420000 0.370000 0.100000
nan nan nan nan nan nan
0.660000 0.500000 0.310000 0.240000 0.170000 0.180000
1.770000 1.490000 0.990000 0.410000 0.060000 0.250000
0.360000 0.410000 0.640000 0.670000 0.500000 0.540000
4.040000 3.850000 3.420000 2.490000 1.450000 0.730000
10.010000 10.740000 10.290000 6.910000 2.280000 1.200000
2.010000 1.540000 0.780000 0.270000 0.290000 0.600000
0.230000 0.960000 1.190000 0.990000 0.570000 0.460000
0.480000 0.190000 0.240000 0.510000 0.520000 0.590000
0.270000 0.190000 0.180000 0.190000 0.190000 0.140000
0.130000 0.800000 0.770000 0.620000 1.850000 1.370000
0.150000 0.570000 0.990000 0.440000 0.090000 0.300000
2.380000 1.870000 0.820000 0.110000 0.300000 0.720000
2.300000 3.700000 3.770000 3.070000 2.030000 1.620000
nan nan nan nan nan nan
0.560000 2.110000 2.980000 2.710000 1.990000 1.860000
1.650000 1.210000 0.380000 0.230000 0.190000 0.460000
6.130000 7.580000 7.550000 6.610000 4.020000 2.230000
0.520000 0.600000 0.620000 0.550000 0.410000 0.310000
2.790000 2.640000 2.400000 1.930000 0.880000 0.060000
0.810000 0.520000 0.120000 0.080000 0.130000 0.450000
0.450000 0.290000 0.240000 0.320000 0.180000 0.620000
nan nan nan nan nan nan
1.100000 0.280000 0.940000 1.050000 0.790000 0.810000
1.590000 1.090000 0.330000 0.380000 0.510000 0.740000
0.550000 0.260000 0.340000 0.700000 0.900000 1.220000
nan nan nan nan nan nan
nan nan nan nan nan nan
2.650000 2.050000 1.250000 0.490000 0.140000 0.400000
17.970000 18.480000 18.120000 14.030000 3.420000 1.620000
nan nan nan nan nan nan
0.560000 2.230000 3.050000 2.720000 1.670000 1.180000
0.270000 0.080000 0.260000 0.430000 0.490000 0.660000
1.440000 1.040000 0.600000 0.370000 0.270000 1.130000
nan nan nan nan nan nan
3.320000 4.690000 4.970000 4.640000 3.880000 4.070000
nan nan nan nan nan nan
0.940000 0.470000 0.270000 0.300000 0.350000 0.770000
4.760000 4.080000 2.680000 0.260000 0.480000 0.930000
nan nan nan nan nan nan
24.910000 24.070000 21.050000 11.910000 4.100000 2.680000
1.660000 1.300000 0.680000 0.500000 0.420000 0.390000
10.580000 9.710000 8.450000 5.580000 1.460000 0.200000
20.010000 19.770000 17.130000 6.170000 2.400000 1.820000
0.110000 0.830000 0.980000 0.820000 0.700000 0.860000
0.730000 0.520000 0.230000 0.130000 0.110000 0.390000
3.220000 6.000000 7.140000 7.270000 5.810000 4.290000
0.920000 0.980000 1.170000 1.300000 1.010000 0.170000
0.720000 0.210000 0.860000 0.670000 0.290000 0.350000
1.440000 1.320000 0.950000 0.580000 0.320000 0.100000
0.400000 0.360000 0.870000 0.960000 0.760000 0.760000
0.340000 0.370000 0.740000 0.760000 0.660000 0.950000
nan nan nan nan nan nan
1.710000 2.750000 3.590000 3.370000 1.480000 1.140000
4.060000 3.640000 2.870000 1.440000 0.380000 0.570000
nan nan nan nan nan nan
0.770000 0.630000 0.470000 0.390000 0.290000 0.290000
0.490000 0.370000 0.330000 0.320000 0.310000 0.140000
nan nan nan nan nan nan
1.980000 3.160000 3.090000 1.710000 0.510000 0.430000
nan nan nan nan nan nan
2.160000 1.500000 0.630000 0.240000 0.150000 0.260000
23.000000 21.240000 18.980000 14.600000 8.040000 2.250000
nan nan nan nan nan nan
2.900000 2.460000 1.470000 0.850000 0.670000 0.220000
14.070000 14.790000 14.410000 12.710000 7.370000 3.400000
0.500000 0.560000 0.600000 0.540000 0.390000 0.360000
3.660000 3.610000 3.570000 3.320000 2.410000 0.260000
1.570000 1.460000 1.190000 1.190000 0.920000 0.250000
0.160000 0.250000 0.460000 0.370000 0.520000 1.190000
nan nan nan nan nan nan
13.750000 14.080000 12.990000 8.110000 2.940000 1.930000
17.320000 15.700000 13.090000 6.760000 1.220000 0.050000
1.280000 1.130000 0.610000 0.170000 0.470000 1.100000
nan nan nan nan nan nan
nan nan nan nan nan nan
8.000000 7.260000 6.300000 4.380000 1.350000 0.100000
nan nan nan nan nan nan
0.240000 1.530000 2.350000 1.830000 0.940000 0.900000
2.240000 4.000000 4.650000 3.950000 2.360000 1.510000
0.430000 0.180000 0.180000 0.430000 0.570000 0.810000
2.060000 1.950000 1.730000 1.630000 1.030000 0.890000
6.820000 6.540000 6.070000 5.030000 2.960000 0.100000
nan nan nan nan nan nan
2.510000 2.110000 2.270000 3.000000 2.980000 1.130000
1.420000 0.970000 0.400000 0.370000 0.430000 0.800000
30.210000 28.490000 26.840000 20.340000 0.110000 0.730000
10.430000 11.220000 10.930000 9.700000 7.540000 6.590000
nan nan nan nan nan nan
3.520000 3.090000 2.430000 1.800000 1.410000 0.190000
nan nan nan nan nan nan
nan nan nan nan nan nan
2.020000 2.990000 2.510000 1.270000 0.560000 0.600000
0.790000 0.490000 0.190000 0.170000 0.200000 0.650000
9.840000 12.440000 13.950000 14.630000 14.300000 15.440000
3.800000 3.810000 3.730000 3.430000 2.370000 0.230000
3.530000 2.920000 1.720000 0.510000 0.560000 0.300000
3.600000 3.270000 2.580000 1.660000 0.900000 0.100000
3.450000 4.340000 3.920000 2.480000 1.230000 0.930000
0.350000 0.850000 1.210000 1.030000 0.700000 0.800000
nan nan nan nan nan nan
nan nan nan nan nan nan
10.260000 9.470000 8.140000 5.040000 1.160000 0.270000
6.300000 7.100000 5.970000 2.600000 1.270000 1.060000
0.300000 0.030000 0.080000 0.040000 0.050000 0.590000
