0.000812 0.000990 0.000995 0.001040 0.000929 0.000563
0.000564 0.000768 0.000687 0.000540 0.000404 0.000359
0.001051 0.001222 0.001133 0.001341 0.001329 0.000802
0.001028 0.001228 0.001202 0.001197 0.000995 0.000616
0.000550 0.000599 0.000506 0.000626 0.000741 0.000490
0.000859 0.001176 0.001201 0.001027 0.000757 0.000513
0.000992 0.001331 0.001280 0.001042 0.000861 0.000571
0.000914 0.001292 0.001379 0.001244 0.000960 0.000596
0.001413 0.001752 0.001654 0.001488 0.001158 0.000679
0.000517 0.000673 0.000602 0.000469 0.000373 0.000339
0.000630 0.000793 0.000676 0.000539 0.000436 0.000384
0.001001 0.001364 0.001296 0.001023 0.000747 0.000520
0.000695 0.000857 0.000744 0.000649 0.000518 0.000373
0.001090 0.001426 0.001250 0.000980 0.000678 0.000448
0.001571 0.001899 0.001695 0.001608 0.001355 0.000772
0.000460 0.000529 0.000445 0.000346 0.000349 0.000350
0.000652 0.000910 0.000863 0.000720 0.000599 0.000448
0.001410 0.001915 0.001853 0.001530 0.001092 0.000610
0.001612 0.001857 0.001811 0.001950 0.001679 0.000882
0.000728 0.000752 0.000851 0.001052 0.001045 0.000663
0.001263 0.001511 0.001513 0.001494 0.001266 0.000744
0.000502 0.000616 0.000514 0.000503 0.000502 0.000348
0.000733 0.000841 0.000972 0.001051 0.001156 0.000688
0.000734 0.001072 0.001194 0.001212 0.001132 0.000640
0.000860 0.001001 0.000930 0.000840 0.000668 0.000464
0.000706 0.000987 0.001106 0.000949 0.000820 0.000552
0.000937 0.001191 0.001212 0.001197 0.001003 0.000633
0.000905 0.001146 0.001050 0.001025 0.000942 0.000594
0.000602 0.000794 0.000728 0.000561 0.000383 0.000341
0.000673 0.000909 0.000851 0.000750 0.000662 0.000399
0.002430 0.002320 0.001998 0.002842 0.002893 0.001604
0.000418 0.000553 0.000498 0.000398 0.000431 0.000310
0.000936 0.001445 0.001634 0.001469 0.001268 0.000765
0.001583 0.002043 0.002000 0.001878 0.001565 0.000836
0.001068 0.001439 0.001319 0.001135 0.000872 0.000552
0.000758 0.000914 0.000870 0.000849 0.000850 0.000538
0.001733 0.002080 0.001917 0.001785 0.001552 0.000871
0.000470 0.000478 0.000475 0.000562 0.000604 0.000462
0.001271 0.001593 0.001478 0.001177 0.000884 0.000538
0.000856 0.001135 0.001026 0.000896 0.000928 0.000592
0.000916 0.001190 0.001089 0.000880 0.000616 0.000425
0.001297 0.001799 0.001791 0.001531 0.001128 0.000634
0.001452 0.001784 0.001536 0.001326 0.001139 0.000679
0.001252 0.001407 0.001337 0.001630 0.001560 0.000874
0.001144 0.001424 0.001465 0.001372 0.001118 0.000726
0.001205 0.001472 0.001370 0.001225 0.001055 0.000668
0.002359 0.002890 0.002515 0.002007 0.001425 0.000756
0.000865 0.001008 0.000994 0.000960 0.000935 0.000611
0.001400 0.001914 0.002276 0.002294 0.001866 0.000915
0.002217 0.002792 0.002893 0.002730 0.002231 0.001036
0.001790 0.002327 0.002199 0.001756 0.001423 0.000829
0.002254 0.002906 0.002864 0.002606 0.001973 0.000983
0.000978 0.001294 0.001192 0.000925 0.000587 0.000422
0.001071 0.001417 0.001358 0.001156 0.000939 0.000554
0.002012 0.002614 0.002461 0.001966 0.001420 0.000750
0.000683 0.000922 0.000846 0.000644 0.000459 0.000376
0.000306 0.000335 0.000312 0.000280 0.000311 0.000304
0.002109 0.002677 0.002431 0.001782 0.001352 0.000779
0.001691 0.002279 0.002226 0.001892 0.001359 0.000730
0.001240 0.001569 0.001495 0.001234 0.000902 0.000563
0.002710 0.003339 0.003048 0.002333 0.001638 0.000830
0.001981 0.002506 0.002210 0.001671 0.001167 0.000671
0.001921 0.002335 0.002216 0.001898 0.001495 0.000812
0.002506 0.003118 0.002688 0.001994 0.001394 0.000731
0.001081 0.001487 0.001424 0.001144 0.000816 0.000510
0.000928 0.001302 0.001263 0.001040 0.000718 0.000469
0.001675 0.002129 0.002090 0.001944 0.001526 0.000812
0.002135 0.002970 0.002883 0.002297 0.001556 0.000792
0.000740 0.000955 0.000860 0.000639 0.000535 0.000409
0.002176 0.002787 0.002634 0.002079 0.001416 0.000749
0.001610 0.001918 0.001836 0.001657 0.001304 0.000738
0.001361 0.001725 0.001544 0.001254 0.000932 0.000556
0.000947 0.001349 0.001329 0.001115 0.000869 0.000591
0.002044 0.002771 0.002607 0.002030 0.001390 0.000723
0.001095 0.001409 0.001293 0.001090 0.000836 0.000525
0.001654 0.002175 0.001996 0.001523 0.001059 0.000611
0.001533 0.002000 0.001806 0.001426 0.001004 0.000576
0.001659 0.002263 0.002411 0.002101 0.001556 0.000817
0.001264 0.001752 0.001636 0.001253 0.000987 0.000602
0.001835 0.002214 0.001906 0.001435 0.001251 0.000814
0.002006 0.002331 0.002299 0.002062 0.001603 0.000842
0.000802 0.001012 0.000903 0.000712 0.000511 0.000401
0.000966 0.001276 0.001230 0.001026 0.000916 0.000520
0.001606 0.002031 0.001936 0.001558 0.001165 0.000709
0.000919 0.001236 0.001096 0.000833 0.000531 0.000411
0.001903 0.002474 0.002450 0.002041 0.001464 0.000767
0.001814 0.002407 0.002254 0.001767 0.001234 0.000690
0.000605 0.000785 0.000744 0.000608 0.000433 0.000364
0.002246 0.002841 0.002611 0.001998 0.001365 0.000713
0.001798 0.002291 0.002158 0.001767 0.001266 0.000708
0.001144 0.001510 0.001401 0.001097 0.000752 0.000464
0.001741 0.002354 0.002182 0.001716 0.001177 0.000659
0.001220 0.001537 0.001612 0.001646 0.001391 0.000800
0.000890 0.001179 0.001073 0.000954 0.000748 0.000487
0.002086 0.002487 0.002877 0.003117 0.002750 0.001395
0.000783 0.001073 0.001025 0.000881 0.000708 0.000460
0.000937 0.001256 0.001170 0.001092 0.000881 0.000569
0.002413 0.003185 0.002922 0.002251 0.001580 0.000836
0.000791 0.001120 0.001304 0.001222 0.000986 0.000607
0.001651 0.002128 0.002053 0.001779 0.001347 0.000750
0.003375 0.004023 0.003637 0.002805 0.001977 0.000902
0.000938 0.001252 0.001192 0.000960 0.000648 0.000425
0.001644 0.002000 0.001788 0.001390 0.001008 0.000564
0.001199 0.001452 0.001306 0.001073 0.000826 0.000537
0.002508 0.002887 0.002764 0.002568 0.002522 0.001579
0.002708 0.003464 0.003129 0.002402 0.001627 0.000801
0.001846 0.002382 0.002173 0.001674 0.001153 0.000646
0.001173 0.001532 0.001375 0.001061 0.000702 0.000442
0.002806 0.003579 0.003295 0.002536 0.001777 0.000875
0.001174 0.001634 0.001635 0.001356 0.000956 0.000578
0.001630 0.002184 0.002048 0.001598 0.001231 0.000760
0.003333 0.004024 0.003568 0.002976 0.001990 0.000983
0.000986 0.001292 0.001312 0.001264 0.001062 0.000631
0.001791 0.002029 0.001978 0.001808 0.001506 0.000839
0.002015 0.002520 0.002270 0.001962 0.001644 0.000912
0.001943 0.002169 0.002038 0.002293 0.002078 0.001077
0.001829 0.002359 0.002099 0.001661 0.001199 0.000690
0.001048 0.001422 0.001383 0.001180 0.000872 0.000541
0.002895 0.003624 0.003523 0.002783 0.001927 0.000963
0.001518 0.001737 0.001828 0.002118 0.001916 0.001079
0.002035 0.002861 0.002974 0.002520 0.001822 0.000871
0.002137 0.002624 0.002404 0.001836 0.001260 0.000694
0.001432 0.001833 0.001678 0.001250 0.000855 0.000529
0.002455 0.002934 0.002562 0.001985 0.001393 0.000744
0.001188 0.001625 0.001700 0.001565 0.001184 0.000660
0.002898 0.003493 0.003298 0.002761 0.002065 0.000972
0.001390 0.001843 0.001758 0.001504 0.001252 0.000692
0.002828 0.003532 0.003191 0.002351 0.001587 0.000834
0.000960 0.001236 0.001091 0.000955 0.000753 0.000480
0.002955 0.003620 0.003187 0.002448 0.001741 0.000861
0.000778 0.000971 0.000838 0.000664 0.000473 0.000392
0.003082 0.004107 0.004144 0.003451 0.002426 0.001048
0.002884 0.003306 0.003194 0.002723 0.002023 0.000955
0.001179 0.001454 0.001233 0.000994 0.000704 0.000478
0.002501 0.003294 0.003197 0.002551 0.001786 0.000864
0.002110 0.002617 0.002458 0.002032 0.001541 0.000810
0.002037 0.002599 0.002340 0.001817 0.001239 0.000688
0.003249 0.003841 0.003413 0.002522 0.001595 0.000787
0.000901 0.001207 0.001140 0.000928 0.000612 0.000427
0.004279 0.004975 0.004445 0.003194 0.002011 0.000902
0.001569 0.002071 0.002011 0.001664 0.001206 0.000652
0.002607 0.003299 0.003042 0.002301 0.001535 0.000788
0.003125 0.003859 0.003562 0.002772 0.001893 0.000878
0.003191 0.003989 0.003730 0.002906 0.001937 0.000879
0.001551 0.002019 0.001827 0.001458 0.001074 0.000625
0.004291 0.005264 0.004625 0.003270 0.002019 0.000896
0.001962 0.002569 0.002624 0.002493 0.001961 0.000945
0.001815 0.002254 0.002294 0.002180 0.001836 0.000989
0.003089 0.003730 0.003396 0.002669 0.001907 0.000903
0.002672 0.003239 0.002746 0.002133 0.001530 0.000800
0.004724 0.005612 0.005064 0.003633 0.002343 0.001041
0.004878 0.005797 0.005134 0.003725 0.002357 0.001130
0.006465 0.007669 0.006984 0.005508 0.003559 0.001537
0.004627 0.005737 0.005383 0.004076 0.002492 0.001034
0.005425 0.006624 0.005601 0.003967 0.002512 0.001128
0.000943 0.001275 0.001153 0.000959 0.000718 0.000460
0.001967 0.002390 0.002188 0.001786 0.001318 0.000716
0.004472 0.005047 0.004559 0.003447 0.002482 0.001126
0.003880 0.004688 0.004351 0.004250 0.003674 0.001972
0.003322 0.004017 0.003836 0.003815 0.003239 0.001782
0.001446 0.001802 0.001596 0.001321 0.001106 0.000655
0.004670 0.005217 0.004608 0.003634 0.002472 0.001142
0.004379 0.004381 0.004435 0.004620 0.003820 0.001924
0.004204 0.005373 0.004982 0.003749 0.002510 0.001106
0.003737 0.004605 0.004876 0.004070 0.002752 0.001225
0.003701 0.004006 0.004331 0.004435 0.003958 0.002319
0.002332 0.003036 0.002974 0.002396 0.001688 0.000854
0.004453 0.005529 0.005019 0.003539 0.002356 0.001004
0.002506 0.003069 0.002870 0.002330 0.001667 0.000836
0.004338 0.005231 0.004573 0.003627 0.002657 0.001119
0.004908 0.005697 0.004992 0.003722 0.002462 0.001098
0.002102 0.002606 0.002575 0.002268 0.001671 0.000894
0.001380 0.001675 0.001486 0.001189 0.000873 0.000567
0.004023 0.005062 0.005200 0.004627 0.003340 0.001380
0.004777 0.005807 0.005741 0.004477 0.002810 0.001121
0.001380 0.001713 0.001503 0.001218 0.000869 0.000577
0.004033 0.004880 0.004510 0.003313 0.002308 0.001059
0.003693 0.004447 0.003962 0.002932 0.001866 0.000900
0.004313 0.005551 0.005939 0.005796 0.004479 0.002247
0.001996 0.002416 0.002213 0.001960 0.001665 0.000884
0.002240 0.002799 0.003208 0.003120 0.002473 0.001277
0.003089 0.004059 0.004146 0.003534 0.002602 0.001231
0.001568 0.001974 0.001703 0.001296 0.001041 0.000615
0.004061 0.005264 0.005279 0.004211 0.002751 0.001194
0.002711 0.003487 0.003170 0.002438 0.001675 0.000821
0.004737 0.005649 0.004912 0.003668 0.002510 0.001023
0.001620 0.002143 0.002191 0.001915 0.001592 0.000887
0.004031 0.004352 0.003903 0.003324 0.002603 0.001173
0.003046 0.003851 0.003638 0.002890 0.002086 0.001066
0.004421 0.004875 0.004132 0.003196 0.002423 0.001483
0.001838 0.002388 0.002887 0.002718 0.002062 0.000964
0.003736 0.004722 0.004521 0.003580 0.002604 0.001113
0.002786 0.003440 0.003300 0.002605 0.001906 0.001055
0.004809 0.005748 0.005012 0.003807 0.002409 0.000995
0.002685 0.003352 0.003009 0.002398 0.001758 0.000859
0.003896 0.004927 0.004662 0.003542 0.002309 0.001100
0.002446 0.003360 0.003431 0.002953 0.002353 0.001105
0.003844 0.004714 0.004387 0.003917 0.003293 0.001546
0.003546 0.004241 0.003958 0.003118 0.002310 0.001109
0.003320 0.004283 0.004529 0.004992 0.004323 0.002206
0.004849 0.005388 0.004594 0.003565 0.002567 0.001291
0.001399 0.001867 0.001725 0.001379 0.001296 0.000816
0.003062 0.003761 0.003534 0.002927 0.002232 0.001139
0.003146 0.003956 0.003777 0.003086 0.002529 0.001176
0.005040 0.006294 0.005691 0.004378 0.003173 0.001575
0.004974 0.005564 0.005654 0.004914 0.003766 0.001866
0.004012 0.004909 0.004638 0.003541 0.002197 0.001042
0.007451 0.008781 0.008525 0.006758 0.004223 0.001669
0.004166 0.005018 0.004511 0.003398 0.002472 0.001119
0.006958 0.008741 0.008539 0.006945 0.004646 0.001795
0.006402 0.007172 0.006451 0.004698 0.003148 0.001340
0.002614 0.003280 0.003296 0.003131 0.002415 0.001129
0.002518 0.003084 0.003100 0.002696 0.001896 0.000927
0.007458 0.007975 0.006972 0.004963 0.003279 0.001566
0.003642 0.004448 0.004257 0.003348 0.002223 0.001024
0.006963 0.007835 0.007275 0.005431 0.003204 0.001211
0.005744 0.006856 0.007081 0.006655 0.005375 0.003234
0.002745 0.003302 0.003102 0.002767 0.002247 0.001053
0.004346 0.005036 0.004270 0.003221 0.002300 0.001215
0.006642 0.007786 0.007236 0.005341 0.003132 0.001313
0.006069 0.007063 0.006509 0.004653 0.003208 0.001582
0.005718 0.007182 0.006555 0.005565 0.004001 0.001954
0.007587 0.008843 0.008082 0.005923 0.003633 0.001783
0.004761 0.006384 0.005680 0.004294 0.002949 0.001475
0.006263 0.007282 0.007016 0.005088 0.003290 0.001276
0.004471 0.004871 0.004071 0.003358 0.002705 0.001590
0.003541 0.004406 0.003909 0.003045 0.002126 0.000944
0.005910 0.006590 0.006005 0.004566 0.002861 0.001346
0.004112 0.004816 0.004863 0.004524 0.003668 0.001738
0.004964 0.006250 0.006587 0.005532 0.004092 0.002021
0.007786 0.008802 0.008106 0.005861 0.003413 0.001527
0.004354 0.005163 0.004637 0.003692 0.002707 0.001258
0.010793 0.010714 0.008877 0.006924 0.004453 0.002037
0.003356 0.003483 0.003392 0.003050 0.002405 0.001384
0.007197 0.008434 0.007780 0.005878 0.003834 0.001517
0.002463 0.003287 0.003216 0.002865 0.002368 0.001272
0.005583 0.006426 0.005970 0.004155 0.002770 0.001283
0.004833 0.005777 0.005315 0.004211 0.002804 0.001295
0.006268 0.007349 0.006275 0.004201 0.002571 0.001025
0.002416 0.002994 0.002632 0.001912 0.001368 0.000796
0.002164 0.002733 0.002538 0.001873 0.001433 0.000791
0.008166 0.009672 0.008571 0.005817 0.003616 0.001390
0.007377 0.008096 0.007133 0.005158 0.003098 0.001339
0.002259 0.003155 0.003293 0.002802 0.001995 0.000918
0.005808 0.006959 0.006414 0.004826 0.003306 0.001383
0.003081 0.003525 0.003047 0.002578 0.001984 0.000966
0.007297 0.009082 0.008765 0.006598 0.004167 0.001772
0.003083 0.003737 0.004019 0.004161 0.003376 0.001593
0.006779 0.007943 0.007519 0.005447 0.003642 0.001498
0.003416 0.004045 0.003780 0.003138 0.002215 0.000989
0.009966 0.011209 0.011196 0.009241 0.007044 0.004470
0.003308 0.004324 0.004069 0.003457 0.002449 0.001247
0.004127 0.005911 0.006254 0.005444 0.004434 0.002288
0.003153 0.003512 0.003740 0.003817 0.003207 0.001570
0.008347 0.008132 0.005743 0.005556 0.004407 0.001938
0.002600 0.003163 0.002779 0.002695 0.002506 0.001391
0.005879 0.007407 0.006744 0.004803 0.002937 0.001479
0.008074 0.009926 0.008872 0.006246 0.003851 0.001754
0.005049 0.006502 0.006080 0.004862 0.003293 0.001469
0.007885 0.009378 0.008593 0.006354 0.003922 0.001447
0.008878 0.009628 0.008227 0.006472 0.003746 0.001619
0.005602 0.006160 0.006234 0.005594 0.003802 0.001544
0.010316 0.013518 0.014689 0.012549 0.008869 0.004217
0.007044 0.008144 0.007700 0.005622 0.003433 0.001725
0.006765 0.008189 0.007900 0.006775 0.004322 0.002039
0.011496 0.010683 0.009508 0.007070 0.004740 0.002243
0.006122 0.006327 0.005902 0.005667 0.004325 0.002229
0.009285 0.009178 0.007690 0.005730 0.003615 0.001597
0.005384 0.007345 0.008269 0.008402 0.006622 0.003709
0.004659 0.005060 0.005682 0.005500 0.004340 0.002509
0.010273 0.012198 0.011592 0.009284 0.006115 0.002833
0.010617 0.012040 0.011633 0.008934 0.005671 0.002230
0.005168 0.005869 0.005005 0.004278 0.003251 0.001629
0.010513 0.011686 0.011520 0.008549 0.005105 0.002068
0.001885 0.002450 0.002509 0.002177 0.001614 0.000867
0.010210 0.011776 0.010657 0.007565 0.004402 0.001547
0.006564 0.007975 0.007889 0.006433 0.004181 0.001883
0.005287 0.005781 0.006535 0.006537 0.005101 0.002783
0.007311 0.010158 0.010968 0.008901 0.005704 0.002366
0.003113 0.003608 0.003027 0.002399 0.001919 0.001145
0.009706 0.012233 0.012120 0.008906 0.005489 0.002010
0.004864 0.005263 0.004083 0.003342 0.002720 0.001492
0.002001 0.002599 0.002839 0.002269 0.002107 0.001195
0.006954 0.009363 0.010406 0.009042 0.006170 0.002707
0.003317 0.004380 0.004045 0.003043 0.002320 0.001075
0.012670 0.016375 0.015521 0.010027 0.005901 0.002480
0.003380 0.003916 0.003710 0.003121 0.002454 0.001129
0.010297 0.010882 0.009712 0.007160 0.004459 0.002023
0.003491 0.004450 0.004599 0.004090 0.003083 0.001417
0.008282 0.008118 0.007706 0.006468 0.004690 0.001929
0.005670 0.006697 0.006200 0.004529 0.002820 0.001339
0.008527 0.009411 0.008584 0.006024 0.003585 0.001666
0.007812 0.009147 0.008076 0.005894 0.003941 0.001778
0.009570 0.009888 0.008244 0.006525 0.004041 0.001730
0.010315 0.010867 0.008903 0.006028 0.003886 0.001548
0.008729 0.009100 0.007922 0.005630 0.003623 0.001451
0.008344 0.009590 0.008863 0.006613 0.004631 0.002430
0.006424 0.007772 0.007216 0.005644 0.004407 0.002686
0.010227 0.010415 0.008964 0.005779 0.003444 0.001324
0.003221 0.003750 0.003588 0.002901 0.002091 0.001058
0.011030 0.010975 0.009943 0.007934 0.005321 0.002233
0.005500 0.006394 0.005500 0.003858 0.002544 0.001116
0.005340 0.006538 0.006336 0.004956 0.003044 0.001199
0.009358 0.010041 0.010223 0.008387 0.005606 0.002507
0.002838 0.003752 0.003720 0.003375 0.002911 0.001681
0.008516 0.010635 0.012411 0.011127 0.007907 0.004015
0.008552 0.009440 0.008404 0.006472 0.004522 0.002229
0.012797 0.013285 0.012394 0.010178 0.006445 0.002869
0.008327 0.009588 0.008893 0.006610 0.004340 0.001864
0.014766 0.012944 0.011445 0.009015 0.006509 0.003143
0.008991 0.010813 0.010626 0.008210 0.005450 0.002734
0.009142 0.009295 0.007196 0.006407 0.004947 0.002354
0.036747 0.036097 0.030293 0.012078 0.006182 0.002150
0.003841 0.004957 0.004579 0.003389 0.002133 0.001021
0.008617 0.010211 0.010220 0.009363 0.006524 0.003405
0.006875 0.008160 0.008277 0.006644 0.004477 0.001770
0.004047 0.005640 0.005692 0.004836 0.004076 0.002100
0.013423 0.015895 0.014442 0.011722 0.008102 0.003815
0.007073 0.008861 0.008266 0.006303 0.003614 0.001583
0.005053 0.006732 0.007098 0.005909 0.003853 0.001755
0.005500 0.007871 0.008895 0.007544 0.005364 0.002220
0.009571 0.010929 0.010707 0.007404 0.005111 0.002546
0.012212 0.012753 0.011324 0.008310 0.004728 0.002226
0.011089 0.012104 0.010953 0.007838 0.004780 0.002087
0.010131 0.010402 0.009471 0.007231 0.004742 0.002188
0.009427 0.009690 0.007799 0.006142 0.004014 0.001961
0.008405 0.011048 0.011107 0.009717 0.006789 0.002788
0.004032 0.005843 0.006296 0.005657 0.003915 0.001626
0.012869 0.013250 0.011777 0.008961 0.005370 0.002583
0.019200 0.017954 0.013312 0.009210 0.007773 0.004792
0.013616 0.014058 0.012489 0.008632 0.005201 0.002491
0.012999 0.013560 0.012669 0.009759 0.005941 0.002492
0.005195 0.006534 0.006963 0.005580 0.003872 0.001898
0.011125 0.011693 0.010250 0.007332 0.005036 0.002333
0.005096 0.006713 0.007866 0.008281 0.006493 0.003478
0.029014 0.025883 0.013157 0.008229 0.005010 0.002317
0.007471 0.009015 0.008582 0.006695 0.004265 0.001937
0.014643 0.016056 0.012457 0.008347 0.004580 0.002117
0.020130 0.016202 0.011181 0.008187 0.005187 0.002152
0.007699 0.008721 0.008046 0.006125 0.003788 0.001507
0.006250 0.007474 0.007042 0.004830 0.003208 0.001533
0.014363 0.019616 0.019863 0.012412 0.007147 0.002848
0.005776 0.006148 0.007251 0.007219 0.005487 0.002614
0.013013 0.012808 0.009490 0.006794 0.004611 0.002086
0.006427 0.006920 0.007841 0.007135 0.005336 0.002771
0.013916 0.014016 0.010907 0.007084 0.004282 0.001917
0.006229 0.007888 0.007547 0.005865 0.003602 0.001638
0.012253 0.014016 0.012807 0.009997 0.006924 0.003104
0.012722 0.013243 0.010923 0.007588 0.004550 0.001952
0.010098 0.010671 0.009315 0.006350 0.003681 0.001537
0.012085 0.012990 0.011332 0.007692 0.004514 0.001823
0.006842 0.007933 0.007487 0.005446 0.003368 0.001489
0.003559 0.004147 0.005000 0.005360 0.004886 0.003083
0.015087 0.017676 0.017849 0.013433 0.011171 0.006367
0.016280 0.015233 0.012804 0.009802 0.006899 0.004252
0.019247 0.023883 0.023614 0.014302 0.008952 0.003925
0.011352 0.012553 0.012339 0.009572 0.007693 0.004316
0.035698 0.030258 0.015726 0.010884 0.007553 0.003942
0.016380 0.016784 0.014738 0.012428 0.008335 0.004678
0.012864 0.011495 0.009352 0.009814 0.008632 0.005209
0.011840 0.014754 0.013966 0.010844 0.006895 0.002739
0.006231 0.006635 0.005917 0.004651 0.003240 0.001559
0.015870 0.017353 0.014448 0.012373 0.009081 0.004184
0.008598 0.009698 0.010197 0.008358 0.005357 0.002407
0.005647 0.008103 0.008912 0.008400 0.006841 0.004314
0.013546 0.016615 0.015280 0.013849 0.011025 0.006302
0.010742 0.011023 0.010182 0.007525 0.004604 0.001719
0.007141 0.009497 0.009977 0.007940 0.005132 0.001979
0.007473 0.011788 0.013481 0.011881 0.008637 0.003928
0.010255 0.017174 0.018476 0.013452 0.008751 0.003668
0.020426 0.019492 0.014560 0.009256 0.005475 0.002366
0.017206 0.016649 0.014100 0.010051 0.005946 0.002453
0.051080 0.049112 0.039103 0.012226 0.007452 0.002916
0.016123 0.016785 0.012224 0.009262 0.006022 0.002289
0.012052 0.017072 0.017221 0.012433 0.008698 0.004641
0.005688 0.007800 0.008550 0.007279 0.005178 0.002153
0.017033 0.017934 0.017949 0.014078 0.009111 0.004824
0.028513 0.027934 0.018890 0.011566 0.009103 0.005252
0.013376 0.014766 0.013407 0.010914 0.006781 0.002624
0.027822 0.026168 0.024794 0.013795 0.007835 0.003193
0.008932 0.009954 0.008565 0.006853 0.005143 0.002820
0.018280 0.019340 0.017870 0.011883 0.007285 0.003465
0.016681 0.018700 0.019678 0.018637 0.012301 0.007305
0.055142 0.050896 0.023179 0.012679 0.008942 0.004111
0.010546 0.011107 0.011842 0.010891 0.008612 0.003811
0.020999 0.019842 0.014150 0.010257 0.006926 0.003056
0.046609 0.042402 0.019450 0.011141 0.007048 0.003041
0.011682 0.012286 0.011704 0.008925 0.005565 0.002673
0.007482 0.009292 0.008643 0.006558 0.003811 0.001740
0.023116 0.032542 0.036150 0.031211 0.032049 0.031616
0.006011 0.008706 0.011335 0.010799 0.008849 0.004999
0.014726 0.016502 0.013812 0.009920 0.006792 0.003412
0.009740 0.009935 0.008258 0.008236 0.007667 0.004748
0.017425 0.020008 0.017007 0.009580 0.005758 0.002201
0.014480 0.014251 0.011255 0.007402 0.004895 0.002566
0.026861 0.027636 0.023078 0.015569 0.010856 0.004770
0.059261 0.054258 0.039220 0.011745 0.006140 0.002343
0.018435 0.017975 0.013483 0.009830 0.006828 0.003211
0.021067 0.020041 0.014695 0.009456 0.005611 0.002261
0.008536 0.011248 0.011802 0.009321 0.005618 0.002372
0.004820 0.005105 0.005910 0.006040 0.005840 0.003853
0.020349 0.022482 0.020537 0.024030 0.023268 0.011883
0.024010 0.020355 0.015112 0.013076 0.010050 0.006647
0.025027 0.022509 0.021502 0.015695 0.010340 0.005343
0.033247 0.030967 0.024915 0.017132 0.009933 0.004926
0.033380 0.032055 0.025362 0.015096 0.011039 0.004963
0.023216 0.026403 0.024821 0.016963 0.012205 0.005882
0.019302 0.013669 0.010589 0.011518 0.010768 0.006349
0.049897 0.048381 0.041193 0.027613 0.010883 0.004550
0.008099 0.008889 0.008028 0.006195 0.004299 0.002121
0.025815 0.026378 0.022873 0.015006 0.009060 0.004114
0.010859 0.012141 0.012388 0.010724 0.008222 0.004477
0.008050 0.009370 0.010501 0.011102 0.010598 0.006897
0.008711 0.012295 0.016950 0.021676 0.020113 0.011514
0.029163 0.024088 0.018384 0.010704 0.006631 0.002860
0.016746 0.016104 0.012486 0.009909 0.006528 0.002982
0.009499 0.011963 0.016318 0.014745 0.011439 0.005620
0.012257 0.014556 0.014091 0.010623 0.006728 0.002862
0.016437 0.014193 0.010904 0.006910 0.004650 0.002652
0.023368 0.021909 0.018030 0.012059 0.007095 0.003183
0.074968 0.074166 0.068637 0.016818 0.008556 0.003803
0.015307 0.015877 0.011484 0.007919 0.005469 0.003086
0.016823 0.026303 0.027878 0.018155 0.009728 0.004920
0.006693 0.009876 0.011251 0.009785 0.006886 0.002997
0.016129 0.022843 0.023363 0.017163 0.012042 0.006310
0.029035 0.031680 0.029138 0.020095 0.012777 0.007922
0.054354 0.050416 0.042586 0.033404 0.020916 0.008206
0.032138 0.032291 0.030575 0.026287 0.012650 0.005502
0.010393 0.011977 0.011474 0.009067 0.006523 0.004205
0.037112 0.032764 0.023995 0.016491 0.010269 0.004767
0.030716 0.029246 0.023055 0.018690 0.012927 0.008069
0.102536 0.092779 0.058547 0.020812 0.012197 0.005891
0.015076 0.014299 0.013666 0.012884 0.011096 0.006226
0.051356 0.048617 0.038880 0.012738 0.008186 0.003944
0.081933 0.078620 0.033989 0.016374 0.009986 0.004099
0.020375 0.017331 0.013707 0.010573 0.007075 0.003449
0.008810 0.010039 0.009278 0.007753 0.005768 0.002669
0.027263 0.040497 0.044923 0.042415 0.020107 0.007403
0.010018 0.013295 0.017785 0.016603 0.012421 0.007436
0.027274 0.022910 0.014683 0.009759 0.006792 0.003643
0.016839 0.017058 0.012895 0.007704 0.005776 0.003127
0.021779 0.021576 0.017101 0.011113 0.006395 0.003022
0.012062 0.016099 0.016141 0.011399 0.009020 0.004653
0.013429 0.015095 0.014742 0.012504 0.008639 0.003814
0.067375 0.062997 0.045101 0.014392 0.007690 0.003205
0.028051 0.026690 0.018214 0.013076 0.009781 0.005699
0.020470 0.017910 0.009809 0.006829 0.004819 0.002152
0.009528 0.013697 0.015210 0.013133 0.009324 0.004742
0.006128 0.007052 0.007792 0.007286 0.007165 0.004746
0.015494 0.022435 0.028239 0.041676 0.055194 0.048774
0.033948 0.031291 0.019974 0.013859 0.011927 0.007808
0.032388 0.031279 0.022993 0.010421 0.005167 0.002034
0.043678 0.040163 0.020115 0.011844 0.006644 0.003001
0.088566 0.081551 0.064927 0.043934 0.018111 0.008018
0.025723 0.026105 0.024999 0.019741 0.014856 0.008160
0.024002 0.018546 0.013071 0.013207 0.013141 0.008538
0.089516 0.084803 0.073232 0.044406 0.014017 0.005528
0.010948 0.011437 0.009060 0.006330 0.004407 0.002369
0.030150 0.030357 0.027996 0.021048 0.012603 0.006307
0.015160 0.016638 0.016149 0.014477 0.013739 0.008641
0.013525 0.014592 0.013219 0.014606 0.014333 0.009741
0.011034 0.023240 0.039598 0.050188 0.061982 0.054618
0.068985 0.064191 0.044356 0.013482 0.009110 0.003827
0.075516 0.067669 0.041821 0.010831 0.006645 0.002654
0.015299 0.016880 0.015541 0.014712 0.012103 0.006457
0.016948 0.017514 0.010555 0.005449 0.003808 0.001670
0.027291 0.027236 0.020073 0.010699 0.006084 0.003437
0.039545 0.037600 0.030751 0.013828 0.008905 0.004424
0.013403 0.015240 0.014141 0.011567 0.008063 0.003488
0.021901 0.024906 0.022411 0.011913 0.007534 0.004041
0.023964 0.032773 0.034603 0.021573 0.010766 0.005298
0.007225 0.010706 0.013017 0.012076 0.009000 0.004017
0.019596 0.028766 0.030622 0.024691 0.012766 0.006541
0.039987 0.043716 0.043469 0.034589 0.015358 0.008763
0.010008 0.022884 0.026436 0.023314 0.013728 0.006160
0.043792 0.039995 0.032334 0.029687 0.014556 0.006416
0.016764 0.017534 0.013953 0.011572 0.008588 0.005732
0.106287 0.102716 0.088472 0.011981 0.008615 0.004503
0.051074 0.049515 0.045532 0.040511 0.027431 0.010625
0.130252 0.130305 0.048361 0.017266 0.010103 0.005157
0.025576 0.023308 0.019031 0.016293 0.012751 0.008659
0.027019 0.031453 0.030874 0.026002 0.016886 0.010899
0.263861 0.265011 0.043504 0.014127 0.008510 0.003595
0.029525 0.028222 0.012525 0.010048 0.007370 0.004164
0.010592 0.012189 0.011069 0.009876 0.007729 0.004225
0.044269 0.051369 0.058101 0.062353 0.075679 0.076393
0.024349 0.025397 0.026317 0.021331 0.014409 0.008104
0.032697 0.027947 0.014507 0.009380 0.007311 0.003698
0.025859 0.024310 0.018951 0.011542 0.007070 0.003611
0.038023 0.034267 0.020003 0.011996 0.006499 0.002942
0.015984 0.018312 0.017728 0.011314 0.009062 0.005001
0.022911 0.028869 0.031301 0.025140 0.011291 0.004857
0.146988 0.142472 0.117931 0.017977 0.009611 0.003876
0.051465 0.046329 0.033728 0.014998 0.011037 0.006165
0.048627 0.044955 0.016213 0.010065 0.007128 0.003464
0.012840 0.012366 0.013730 0.013104 0.010701 0.006183
