0.0002 6.9e-05 6.9e-05 3.4e-05 3.4e-05 0.000276
0.000133 0.000103 0.000103 0.000103 6.9e-05 0.000207
0.0002 0.000103 6.9e-05 6.9e-05 6.9e-05 0.000207
0.0002 0.000103 0.000138 0.000103 0.000103 0.000207
0.000133 3.4e-05 3.4e-05 3.4e-05 0.0 0.000276
0.0002 6.9e-05 3.4e-05 3.4e-05 3.4e-05 0.000207
0.0002 0.000207 0.000207 0.000172 0.000138 0.000207
0.0002 0.000172 0.000207 0.000172 0.000138 0.000241
0.000233 0.000276 0.000276 0.000241 0.000207 0.000241
0.000167 0.000276 0.000276 0.000241 0.000172 0.000207
0.000133 0.000103 0.000103 6.9e-05 6.9e-05 0.000207
0.0002 6.9e-05 3.4e-05 3.4e-05 3.4e-05 0.000207
0.000167 3.4e-05 3.4e-05 3.4e-05 0.0 0.000241
0.0002 3.4e-05 3.4e-05 3.4e-05 0.0 0.000241
0.0002 6.9e-05 6.9e-05 6.9e-05 6.9e-05 0.000207
0.000133 6.9e-05 6.9e-05 6.9e-05 6.9e-05 0.000207
0.000167 0.000241 0.000276 0.000241 0.000172 0.000241
0.000233 0.000207 0.000241 0.000207 0.000138 0.000276
0.000233 6.9e-05 3.4e-05 3.4e-05 3.4e-05 0.000276
0.000167 6.9e-05 6.9e-05 6.9e-05 3.4e-05 0.000241
0.0002 6.9e-05 6.9e-05 6.9e-05 3.4e-05 0.000241
0.0001 3.4e-05 6.9e-05 6.9e-05 3.4e-05 0.000241
0.000167 3.4e-05 3.4e-05 0.000103 0.000138 0.000103
0.000167 3.4e-05 6.9e-05 0.000103 0.000103 0.000345
0.0002 0.000103 0.000103 6.9e-05 6.9e-05 0.000207
0.000167 6.9e-05 0.000103 6.9e-05 6.9e-05 0.000241
0.0002 0.000138 0.000138 0.000138 0.000103 0.000241
0.0002 0.000103 6.9e-05 6.9e-05 6.9e-05 0.000207
0.000167 3.4e-05 3.4e-05 3.4e-05 3.4e-05 0.000207
0.000167 3.4e-05 3.4e-05 3.4e-05 3.4e-05 0.000276
0.0003 0.000172 0.000207 0.000207 0.000207 0.00031
0.000133 0.000172 0.000172 0.000138 0.000103 0.000138
0.0002 0.000103 6.9e-05 6.9e-05 3.4e-05 0.000276
0.000233 0.000138 0.000103 0.000103 0.000103 0.000241
0.0002 6.9e-05 6.9e-05 6.9e-05 6.9e-05 0.000241
0.000167 6.9e-05 3.4e-05 6.9e-05 0.000103 0.000138
0.000267 0.000138 0.000138 0.000138 0.000103 0.000241
0.000133 0.000207 0.000207 0.000172 0.000138 0.000207
0.000233 0.000103 6.9e-05 6.9e-05 6.9e-05 0.000172
0.000167 0.000103 0.000103 0.000103 6.9e-05 0.000276
0.0002 6.9e-05 6.9e-05 6.9e-05 3.4e-05 0.000241
0.000233 6.9e-05 6.9e-05 6.9e-05 3.4e-05 0.000276
0.000233 0.000138 0.000103 0.000103 6.9e-05 0.000241
0.0002 0.000103 0.000103 0.000103 6.9e-05 0.000241
0.000367 0.000586 0.000621 0.000552 0.000414 0.00031
0.0002 0.000138 0.000138 0.000138 0.000103 0.000241
0.0003 0.000172 0.000172 0.000172 0.000138 0.00031
0.0002 6.9e-05 6.9e-05 6.9e-05 6.9e-05 0.000172
0.000333 0.000517 0.000552 0.000483 0.000414 0.00031
0.0003 0.000345 0.000345 0.00031 0.000241 0.00031
0.000367 0.000586 0.000621 0.000552 0.000448 0.000345
0.0005 0.000793 0.000862 0.000759 0.000621 0.000448
0.0002 6.9e-05 3.4e-05 3.4e-05 3.4e-05 0.000207
0.0002 6.9e-05 3.4e-05 3.4e-05 3.4e-05 0.000276
0.0003 0.000276 0.000276 0.000241 0.000207 0.000207
0.000167 3.4e-05 0.0 0.0 0.0 0.000207
0.0001 0.0 3.4e-05 0.0 3.4e-05 0.000172
0.000267 0.000103 0.000103 0.000103 6.9e-05 0.000241
0.000267 0.000138 0.000138 0.000103 0.000103 0.00031
0.0003 0.000414 0.000414 0.000379 0.000276 0.000241
0.000367 0.000207 0.000138 0.000138 0.000103 0.000241
0.000233 6.9e-05 6.9e-05 6.9e-05 3.4e-05 0.000241
0.000267 0.000103 3.4e-05 3.4e-05 0.0 0.000241
0.0003 0.000103 3.4e-05 6.9e-05 3.4e-05 0.00031
0.0002 6.9e-05 3.4e-05 3.4e-05 3.4e-05 0.000241
0.0002 6.9e-05 3.4e-05 3.4e-05 3.4e-05 0.000241
0.000233 6.9e-05 3.4e-05 3.4e-05 3.4e-05 0.00031
0.0003 0.000138 6.9e-05 6.9e-05 6.9e-05 0.00031
0.000167 6.9e-05 6.9e-05 6.9e-05 6.9e-05 0.000207
0.000333 0.000172 0.000103 0.000103 6.9e-05 0.000241
0.000267 0.000103 6.9e-05 3.4e-05 3.4e-05 0.000241
0.0002 0.000241 0.000276 0.000241 0.000172 0.000241
0.000233 0.000276 0.00031 0.000276 0.000207 0.000241
0.000333 0.000345 0.000379 0.000345 0.000276 0.000345
0.0002 0.000207 0.000207 0.000207 0.000138 0.000276
0.000233 6.9e-05 3.4e-05 3.4e-05 3.4e-05 0.000241
0.000233 0.000103 0.000103 6.9e-05 6.9e-05 0.000241
0.000233 0.000138 0.000138 0.000138 0.000103 0.000345
0.000233 0.000172 0.000172 0.000138 0.000103 0.000276
0.000267 0.000103 0.000103 0.000103 6.9e-05 0.000207
0.000433 0.00069 0.000759 0.000655 0.000517 0.000414
0.0002 0.000276 0.00031 0.000276 0.000207 0.000207
0.000233 0.000207 0.000207 0.000207 0.000172 0.000138
0.000233 0.000241 0.000241 0.000207 0.000172 0.000241
0.0002 6.9e-05 3.4e-05 3.4e-05 3.4e-05 0.000207
0.000267 0.000172 0.000172 0.000138 0.000103 0.000241
0.000267 0.000172 0.000172 0.000138 0.000103 0.000276
0.000167 0.000138 0.000138 0.000138 0.000103 0.000207
0.000333 0.000414 0.000414 0.000379 0.000276 0.000276
0.000267 0.000172 0.000138 0.000138 0.000103 0.000276
0.0002 0.000103 0.000103 0.000103 6.9e-05 0.000241
0.000267 0.000172 0.000172 0.000138 0.000103 0.000241
0.0002 0.000138 0.000138 0.000138 0.000103 0.000276
0.000167 6.9e-05 3.4e-05 3.4e-05 3.4e-05 0.000207
0.000267 0.000207 0.000207 0.000172 0.000138 0.000414
0.0002 6.9e-05 6.9e-05 6.9e-05 6.9e-05 0.000172
0.0002 0.000207 0.000207 0.000172 0.000138 0.000207
0.0003 0.000207 0.000241 0.000207 0.000172 0.000241
0.000167 6.9e-05 3.4e-05 3.4e-05 3.4e-05 0.000207
0.000267 0.000138 0.000103 6.9e-05 6.9e-05 0.000207
0.0006 0.00069 0.000724 0.000655 0.000517 0.000414
0.0005 0.000828 0.000897 0.000759 0.000586 0.000448
0.0003 0.000172 0.000103 0.000103 6.9e-05 0.000172
0.000233 0.000138 6.9e-05 6.9e-05 6.9e-05 0.000207
0.000233 0.000172 0.000207 0.000207 0.000138 0.000448
0.000467 0.000552 0.000586 0.000517 0.000414 0.000345
0.0003 0.000172 0.000172 0.000172 0.000138 0.000276
0.0002 0.000138 0.000138 0.000138 0.000103 0.000241
0.000367 0.000207 0.000103 6.9e-05 6.9e-05 0.000241
0.000233 0.000103 0.000103 6.9e-05 6.9e-05 0.000172
0.000233 0.000241 0.000276 0.000241 0.000172 0.00031
0.000533 0.000379 0.000379 0.000379 0.000276 0.000414
0.0002 0.000138 0.000138 0.000138 0.000103 0.000207
0.000233 0.000103 6.9e-05 6.9e-05 6.9e-05 0.000241
0.000567 0.000931 0.001 0.000897 0.000724 0.000552
0.0005 0.000793 0.000862 0.000793 0.000621 0.000483
0.0002 3.4e-05 6.9e-05 6.9e-05 3.4e-05 0.000276
0.000167 3.4e-05 3.4e-05 3.4e-05 0.0 0.000241
0.0003 0.000138 0.000138 0.000138 0.000138 0.000414
0.000233 0.000172 0.000172 0.000172 0.000138 0.000345
0.0003 0.000241 0.000276 0.000241 0.000207 0.00031
0.0003 0.000138 6.9e-05 6.9e-05 6.9e-05 0.000241
0.000233 0.000103 0.000103 0.000103 6.9e-05 0.000241
0.000367 0.000207 0.000172 0.000138 0.000103 0.000276
0.000167 0.0 0.000103 0.000103 6.9e-05 0.00031
0.0004 0.000172 6.9e-05 3.4e-05 3.4e-05 0.000276
0.0003 0.000345 0.000345 0.00031 0.000241 0.000172
0.000333 0.000172 0.000172 0.000172 0.000138 0.000276
0.000167 0.000103 0.000103 0.000103 6.9e-05 0.000207
0.0003 0.000379 0.000414 0.000379 0.000276 0.00031
0.000167 0.000103 0.000138 0.000103 6.9e-05 0.000207
0.000367 0.000207 0.000103 6.9e-05 6.9e-05 0.00031
0.000533 0.000793 0.000828 0.000759 0.000586 0.000483
0.000233 0.000345 0.000379 0.00031 0.000241 0.000241
0.0004 0.000207 3.4e-05 6.9e-05 3.4e-05 0.000345
0.0003 0.000172 0.000172 0.000138 0.000103 0.000241
0.0003 0.000345 0.000379 0.000345 0.000276 0.000276
0.0005 0.000276 0.000241 0.000207 0.000172 0.000276
0.0002 6.9e-05 6.9e-05 6.9e-05 6.9e-05 0.000207
0.000633 0.000276 0.000103 0.000172 0.000138 0.000345
0.000233 0.000241 0.000241 0.000207 0.000172 0.00031
0.000367 0.000207 0.000138 0.000138 0.000103 0.000276
0.000533 0.000586 0.000621 0.000552 0.000414 0.000379
0.000467 0.000379 0.000379 0.000345 0.000276 0.000276
0.000233 0.000103 6.9e-05 6.9e-05 3.4e-05 0.000276
0.000833 0.000345 0.000172 0.000345 0.000207 0.000379
0.000267 0.00031 0.00031 0.000276 0.000207 0.000345
0.000267 0.000241 0.000241 0.000207 0.000172 0.000172
0.000467 0.00031 0.000276 0.000241 0.000172 0.000241
0.000267 6.9e-05 0.000138 0.000103 6.9e-05 0.000276
0.0008 0.000345 0.000172 0.000241 0.000172 0.000379
0.001267 0.000586 0.000345 0.000655 0.000517 0.000724
0.001667 0.000862 0.000655 0.000793 0.000724 0.000966
0.000667 0.000276 0.000138 0.000207 0.000103 0.000345
0.001 0.000621 0.00031 0.000276 0.000207 0.00031
0.000233 0.00031 0.000345 0.00031 0.000241 0.000241
0.0003 0.00031 0.000345 0.00031 0.000241 0.00031
0.000367 0.000483 0.000586 0.000517 0.000379 0.000448
0.0004 0.000172 0.000241 0.000241 0.000241 0.000759
0.0005 0.00031 0.000241 0.000207 0.000172 0.000276
0.0002 0.000138 0.000138 0.000103 0.000103 0.000207
0.0004 3.4e-05 0.000207 0.000172 0.000103 0.000379
0.000667 0.000586 0.000586 0.000586 0.000517 0.000345
0.000633 0.000345 0.000207 0.000172 0.000138 0.000276
0.000433 0.000172 0.000138 0.000138 0.000138 0.000483
0.000733 0.000345 0.000103 0.000103 0.000103 0.000828
0.000333 0.000103 0.000103 0.000103 6.9e-05 0.000345
0.000867 0.000379 0.000276 0.000345 0.000276 0.000448
0.000367 0.000276 0.000276 0.000241 0.000172 0.000241
0.000633 0.00031 0.00031 0.00031 0.000241 0.000379
0.000533 0.000483 0.000517 0.000448 0.000345 0.00031
0.000367 0.000552 0.000621 0.000552 0.000414 0.000414
0.000233 0.000207 0.000207 0.000172 0.000138 0.000276
0.000433 0.000207 0.000172 0.000172 0.000138 0.000483
0.0005 0.000276 0.000345 0.000414 0.000276 0.000448
0.000233 0.00031 0.00031 0.000276 0.000207 0.000276
0.000833 0.000379 0.000345 0.000517 0.000379 0.000552
0.000567 0.000276 0.000207 0.000207 0.000138 0.000276
0.000567 0.000276 6.9e-05 0.000207 0.000414 0.001103
0.000267 0.000172 0.000172 0.000138 0.000103 0.000276
0.0003 0.000138 0.000103 0.000103 0.000103 0.000241
0.0005 0.000345 0.00031 0.000276 0.000207 0.000276
0.000233 0.000207 0.000207 0.000207 0.000138 0.000276
0.000533 0.000207 0.000103 0.000172 0.000138 0.000448
0.000333 0.000138 0.000103 0.000103 6.9e-05 0.00031
0.000767 0.000379 0.000241 0.000241 0.000172 0.000379
0.000267 0.000138 0.000103 0.000103 0.000103 0.000172
0.000333 0.000103 0.000138 0.000138 0.000103 0.00031
0.0004 0.000517 0.000552 0.000483 0.000379 0.000379
0.000667 0.000379 0.00031 0.000276 0.000241 0.000241
0.000233 0.000172 0.000207 0.000172 0.000138 0.00031
0.000633 0.000379 0.000138 0.000103 6.9e-05 0.000345
0.000333 0.000103 6.9e-05 0.000103 6.9e-05 0.000379
0.0007 0.000241 0.000207 0.000276 0.000138 0.000379
0.000333 0.000172 0.000172 0.000172 0.000138 0.000276
0.000433 0.000241 0.00031 0.00031 0.000276 0.000517
0.000267 0.000138 0.000138 0.000138 0.000103 0.00031
0.000267 0.00031 0.000448 0.000345 0.000241 0.000379
0.000433 0.000207 0.000207 0.000172 0.000138 0.000241
0.0005 0.000276 0.000276 0.00031 0.000241 0.000828
0.000833 0.000379 0.000207 0.000207 0.000138 0.000276
0.000233 0.000138 0.000138 0.000138 0.000103 0.000345
0.0004 0.000276 0.000241 0.000241 0.000207 0.000172
0.000367 0.000138 6.9e-05 6.9e-05 6.9e-05 0.00031
0.000933 0.000379 0.000276 0.000517 0.000345 0.000586
0.000933 0.000483 0.000345 0.00031 0.000241 0.000517
0.000667 0.000724 0.00069 0.000621 0.000483 0.000345
0.0016 0.00131 0.000828 0.000586 0.000414 0.000517
0.0008 0.000655 0.000586 0.000517 0.000414 0.000345
0.001833 0.001207 0.000655 0.000586 0.000483 0.000793
0.001533 0.000862 0.000207 0.00031 0.000276 0.000586
0.000433 0.000241 0.000241 0.000207 0.000172 0.000414
0.000433 0.000379 0.000414 0.000379 0.000276 0.000379
0.000267 0.000759 0.00131 0.00131 0.000931 0.001
0.000433 0.000241 0.000241 0.000276 0.000207 0.000414
0.0016 0.000966 0.000138 0.000448 0.000379 0.000552
0.000867 0.000483 0.000276 0.000241 0.000241 0.001379
0.000333 0.000138 0.000138 0.000103 0.000103 0.000345
0.0004 0.000138 0.000241 0.000172 0.000138 0.000414
0.0012 0.000552 0.000379 0.000724 0.000517 0.000655
0.001333 0.000724 0.000207 0.000207 0.000138 0.000414
0.0013 0.000621 0.000345 0.000517 0.000517 0.001
0.001733 0.000862 0.000517 0.000793 0.000724 0.001103
0.001 0.000483 0.000276 0.000276 0.000207 0.000448
0.0006 6.9e-05 0.000655 0.000759 0.000414 0.000517
0.000667 0.00031 3.4e-05 3.4e-05 3.4e-05 0.000483
0.000467 0.000207 0.000172 0.000172 0.000138 0.000345
0.001033 0.000586 0.000207 0.00031 0.000276 0.000586
0.000433 0.000345 0.000379 0.000345 0.000276 0.000517
0.0009 0.000655 0.000724 0.00069 0.000586 0.001
0.001967 0.000931 0.000793 0.001241 0.001 0.001069
0.0009 0.000379 0.000276 0.000414 0.000276 0.000552
0.0029 0.002207 0.001897 0.001621 0.001207 0.000862
0.000867 0.00131 0.001414 0.001241 0.001 0.000759
0.000267 0.000517 0.001034 0.001103 0.000759 0.000862
0.0003 0.000138 0.000103 0.000103 0.000138 0.000172
0.0003 0.00031 0.000793 0.000862 0.000655 0.000759
0.000733 0.000379 6.9e-05 3.4e-05 3.4e-05 0.000276
0.0011 0.000379 0.00031 0.000448 0.000207 0.000345
0.0003 0.000345 0.000345 0.00031 0.000241 0.000276
0.0004 0.000276 0.000207 0.000172 0.000138 0.000207
0.001967 0.001172 0.000241 0.000483 0.00031 0.000517
0.0014 0.00069 0.000207 0.000552 0.000379 0.000621
0.000333 0.000172 0.000103 6.9e-05 6.9e-05 0.000345
0.000767 0.00031 0.000276 0.000379 0.000207 0.000483
0.000433 0.000621 0.000655 0.000586 0.000448 0.000379
0.0019 0.001552 0.000897 0.000414 0.000276 0.000172
0.0005 0.000172 6.9e-05 6.9e-05 6.9e-05 0.000517
0.0005 0.000828 0.001207 0.001241 0.000897 0.000897
0.000533 0.000379 0.000345 0.00031 0.000241 0.000345
0.002367 0.001034 0.000483 0.000655 0.000621 0.00169
0.0007 0.000414 0.000345 0.000379 0.000345 0.000655
0.0007 0.000828 0.000931 0.000931 0.000862 0.001379
0.0004 0.000517 0.000552 0.000517 0.000414 0.000483
0.001667 0.001138 0.000621 0.000483 0.000379 0.000586
0.0004 0.000207 0.000172 0.000172 0.000138 0.000483
0.0011 0.000448 0.000448 0.000724 0.000621 0.000862
0.002367 0.001448 0.000276 0.000414 0.000379 0.000655
0.001133 0.000655 0.000483 0.000483 0.000345 0.000448
0.0024 0.001517 0.001069 0.000931 0.000759 0.000931
0.0015 0.001517 0.001586 0.001414 0.000966 0.00069
0.000867 0.000517 0.000448 0.000379 0.00031 0.000379
0.003267 0.003241 0.003 0.002793 0.002414 0.000724
0.001067 0.000552 3.4e-05 0.0 0.000172 0.000241
0.001633 0.000897 0.000448 0.000793 0.000862 0.001276
0.0016 0.000724 0.000862 0.000759 0.000517 0.000862
0.000633 0.000379 0.000517 0.000586 0.000621 0.001241
0.0009 0.000552 0.000966 0.001069 0.000655 0.000759
0.001067 0.001069 0.001103 0.001069 0.001034 0.002241
0.000733 0.000345 0.00031 0.000276 0.000276 0.000621
0.0035 0.002552 0.001103 0.000448 0.000379 0.000379
0.002633 0.001138 0.000793 0.001586 0.00169 0.002138
0.0008 0.000586 0.000379 0.000379 0.000379 0.000103
0.002633 0.002241 0.001552 0.001 0.000621 0.000241
0.000267 0.000138 0.000138 0.000172 0.000138 0.000414
0.002467 0.001448 0.000586 0.000724 0.00069 0.000897
0.001367 0.000586 0.000276 0.000517 0.00031 0.000552
0.000933 0.000552 0.000655 0.000897 0.000759 0.000414
0.001 0.000207 0.000897 0.001483 0.001517 0.001828
0.0003 0.000276 0.00031 0.000276 0.000207 0.000414
0.0005 0.001379 0.002345 0.00269 0.002345 0.002207
0.0007 0.000345 0.000414 0.000379 0.000241 0.000345
0.000267 0.000207 0.000241 0.000207 0.000172 0.000276
0.001433 0.001207 0.000828 0.000621 0.000483 0.000552
0.0006 0.000207 0.000138 0.000207 0.000172 0.000448
6.7e-05 0.002069 0.00331 0.003552 0.002862 0.002483
0.000567 0.000724 0.000759 0.00069 0.000552 0.000483
0.0002 0.000862 0.001724 0.001862 0.001517 0.001586
0.000467 0.00031 0.000345 0.00031 0.000241 0.000345
0.000667 0.000414 0.000586 0.000586 0.000379 0.000724
0.001433 0.000897 0.000345 0.000276 0.000207 0.000379
0.002767 0.001655 0.000828 0.000828 0.000724 0.001103
0.0018 0.000931 0.000138 0.000379 0.000172 0.000483
0.002 0.000897 0.000448 0.000966 0.000724 0.000897
0.0018 0.000517 0.000897 0.001207 0.00069 0.00069
0.001833 0.000655 0.000552 0.000793 0.000517 0.00069
0.001833 0.000621 0.001069 0.00169 0.001483 0.001759
0.0011 0.000517 0.000276 0.000379 0.000138 0.000586
0.001467 0.000414 0.00069 0.000966 0.000552 0.000621
0.000367 0.000345 0.000379 0.000345 0.000276 0.000345
0.002467 0.001724 0.000862 0.000759 0.000759 0.000103
0.0011 0.000517 0.00031 0.000517 0.000379 0.000552
0.001267 0.001207 0.001103 0.000931 0.000724 0.000552
0.002067 0.001345 0.000862 0.000724 0.000517 0.001103
0.000367 0.000241 0.000241 0.000241 0.000172 0.000345
0.001467 0.001 0.000517 0.000379 0.000276 0.001103
0.0016 0.000621 0.000276 0.000276 3.4e-05 0.000448
0.003467 0.002552 0.001241 0.000655 0.000483 0.000448
0.0018 0.000931 0.000724 0.000655 0.000517 0.000862
0.0023 0.000862 0.000931 0.000931 0.000655 0.001414
0.001733 0.000621 0.001138 0.001621 0.001379 0.001724
0.001033 0.000759 0.001 0.000793 0.000552 0.001034
0.016933 0.021034 0.020517 0.015621 0.007172 0.004
0.0013 0.001862 0.001897 0.00169 0.001276 0.000931
0.001667 0.000862 3.4e-05 0.000172 0.000276 0.001207
0.001267 0.000655 3.4e-05 0.000207 0.000103 0.000483
0.000767 0.000655 0.000586 0.000517 0.000448 0.000276
0.001233 0.000862 0.002379 0.002759 0.002621 0.003034
0.0018 0.001207 0.000345 0.000241 0.000172 0.000517
0.000467 6.9e-05 0.000655 0.000966 0.000897 0.001138
0.000267 0.000724 0.001517 0.001862 0.001793 0.001966
0.000567 0.000862 0.002 0.002241 0.001828 0.002
0.003233 0.001828 0.000862 0.001241 0.001034 0.001172
0.0029 0.001552 0.00069 0.001069 0.000862 0.001345
0.0019 0.000966 0.001 0.001103 0.000828 0.001069
0.0007 0.000897 0.001414 0.001448 0.001069 0.001207
0.0018 0.001379 0.000862 0.000759 0.000966 0.00031
0.000633 0.000483 0.000276 0.000138 0.000103 0.000379
0.0022 0.000862 0.001034 0.001103 0.000655 0.000793
0.005267 0.003517 0.001103 0.000483 0.000552 0.002069
0.002633 0.001069 0.001069 0.002034 0.001655 0.001793
0.003033 0.001517 0.000517 0.001483 0.001483 0.001931
0.0011 0.000966 0.000724 0.000552 0.000414 0.000241
0.000667 0.000621 0.001552 0.001793 0.001448 0.001552
0.000733 0.00031 0.000241 0.000552 0.000793 0.001897
0.0064 0.004172 0.000172 0.001414 0.001034 0.001276
0.002533 0.001483 0.000621 0.000759 0.000793 0.001241
0.0015 0.001276 0.003 0.003276 0.002379 0.002103
0.005433 0.003793 0.000759 0.000379 0.000276 0.000793
0.001733 0.000828 0.000448 0.000759 0.000621 0.000828
0.001033 0.000414 0.000448 0.000621 0.000483 0.000724
0.000933 0.004069 0.005759 0.005655 0.004241 0.003379
0.0007 0.000345 0.000207 0.000172 0.000276 0.001276
0.000867 0.000517 0.001517 0.001586 0.001172 0.001379
0.0006 0.000276 0.000931 0.001069 0.001069 0.00169
0.003633 0.002897 0.001379 0.000414 0.000207 0.000276
0.001567 0.001724 0.001724 0.001517 0.001172 0.000966
0.0031 0.002655 0.001828 0.001379 0.001 0.000483
0.002433 0.000931 0.000828 0.00131 0.000828 0.000759
0.002033 0.001034 0.00031 0.000724 0.000448 0.000552
0.003033 0.00169 0.000103 0.00069 0.000379 0.00069
0.000133 0.000552 0.001103 0.001207 0.000862 0.000931
0.000533 0.000483 0.000517 0.000483 0.000379 0.000862
0.0004 0.002483 0.003586 0.002276 0.001172 0.002207
0.003633 0.001931 0.000379 0.000724 0.000448 0.001414
0.0006 0.004862 0.007552 0.006517 0.004379 0.003759
0.003233 0.001897 0.000897 0.000828 0.000655 0.001241
     
0.002633 0.000897 0.002034 0.002552 0.002103 0.002517
0.002567 0.001414 0.00031 0.000345 0.000414 0.001241
     
0.0014 0.001448 0.001345 0.001138 0.000897 0.000655
0.0038 0.002552 0.000931 0.00031 0.000897 0.002241
0.001867 0.000828 0.000414 0.000897 0.000862 0.001448
0.001633 0.001655 0.001552 0.001621 0.001379 0.000552
0.004533 0.003724 0.002483 0.001552 0.000655 0.002448
0.001767 0.000586 0.00069 0.001138 0.001 0.001276
0.001133 0.000172 0.001586 0.002103 0.001931 0.002069
0.000367 0.000828 0.002034 0.002759 0.002966 0.003448
0.0006 0.002241 0.004552 0.004966 0.004345 0.004069
     
0.003533 0.001276 0.000966 0.00169 0.001241 0.001552
0.0287 0.032483 0.030655 0.021586 0.007931 0.004828
0.0006 0.001897 0.002759 0.002517 0.001793 0.001897
0.0009 0.001517 0.002793 0.002276 0.001448 0.001586
0.000633 0.000552 0.000759 0.000931 0.000931 0.001345
0.001233 0.001138 0.003207 0.003586 0.003069 0.003345
0.0097 0.008621 0.006207 0.002621 0.000862 0.000966
     
0.0045 0.002828 0.001897 0.001793 0.000759 0.000724
0.002467 0.001241 0.000759 0.000862 0.000862 0.001517
0.001233 0.001655 0.003931 0.004069 0.003345 0.003276
0.000833 0.004276 0.006103 0.005931 0.005103 0.005586
0.027733 0.030448 0.025241 0.012586 0.006207 0.004862
0.0029 0.00169 0.000897 0.000828 0.000724 0.001759
0.0059 0.004586 0.002621 0.001207 0.000897 0.001207
0.020867 0.023517 0.019483 0.009966 0.004931 0.003552
0.0023 0.000966 0.000828 0.001517 0.001483 0.001931
0.0017 0.000897 0.00031 0.000828 0.000759 0.001103
     
0.001267 0.001207 0.00131 0.001448 0.001276 0.000345
     
0.0022 0.001724 0.001069 0.000828 0.000586 0.000621
0.0059 0.005138 0.003414 0.001414 0.000207 0.000862
0.0012 0.001414 0.002207 0.00231 0.001724 0.001862
0.013467 0.013276 0.011793 0.008586 0.005 0.002517
0.033367 0.037034 0.035483 0.023828 0.007862 0.004138
0.0067 0.00531 0.00269 0.000931 0.001 0.002069
0.000767 0.00331 0.004103 0.003414 0.001966 0.001586
0.0016 0.000655 0.000828 0.001759 0.001793 0.002034
0.0009 0.000655 0.000621 0.000655 0.000655 0.000483
0.000433 0.002759 0.002655 0.002138 0.006379 0.004724
0.0005 0.001966 0.003414 0.001517 0.00031 0.001034
0.007933 0.006448 0.002828 0.000379 0.001034 0.002483
0.007667 0.012759 0.013 0.010586 0.007 0.005586
     
0.001867 0.007276 0.010276 0.009345 0.006862 0.006414
0.0055 0.004172 0.00131 0.000793 0.000655 0.001586
0.020433 0.026138 0.026034 0.022793 0.013862 0.00769
0.001733 0.002069 0.002138 0.001897 0.001414 0.001069
0.0093 0.009103 0.008276 0.006655 0.003034 0.000207
0.0027 0.001793 0.000414 0.000276 0.000448 0.001552
0.0015 0.001 0.000828 0.001103 0.000621 0.002138
     
0.003667 0.000966 0.003241 0.003621 0.002724 0.002793
0.0053 0.003759 0.001138 0.00131 0.001759 0.002552
0.001833 0.000897 0.001172 0.002414 0.003103 0.004207
     
     
0.008833 0.007069 0.00431 0.00169 0.000483 0.001379
0.0599 0.063724 0.062483 0.048379 0.011793 0.005586
     
0.001867 0.00769 0.010517 0.009379 0.005759 0.004069
0.0009 0.000276 0.000897 0.001483 0.00169 0.002276
0.0048 0.003586 0.002069 0.001276 0.000931 0.003897
     
0.011067 0.016172 0.017138 0.016 0.013379 0.014034
     
0.003133 0.001621 0.000931 0.001034 0.001207 0.002655
0.015867 0.014069 0.009241 0.000897 0.001655 0.003207
     
0.083033 0.083 0.072586 0.041069 0.014138 0.009241
0.005533 0.004483 0.002345 0.001724 0.001448 0.001345
0.035267 0.033483 0.029138 0.019241 0.005034 0.00069
0.0667 0.068172 0.059069 0.021276 0.008276 0.006276
0.000367 0.002862 0.003379 0.002828 0.002414 0.002966
0.002433 0.001793 0.000793 0.000448 0.000379 0.001345
0.010733 0.02069 0.024621 0.025069 0.020034 0.014793
0.003067 0.003379 0.004034 0.004483 0.003483 0.000586
0.0024 0.000724 0.002966 0.00231 0.001 0.001207
0.0048 0.004552 0.003276 0.002 0.001103 0.000345
0.001333 0.001241 0.003 0.00331 0.002621 0.002621
0.001133 0.001276 0.002552 0.002621 0.002276 0.003276
     
0.0057 0.009483 0.012379 0.011621 0.005103 0.003931
0.013533 0.012552 0.009897 0.004966 0.00131 0.001966
     
0.002567 0.002172 0.001621 0.001345 0.001 0.001
0.001633 0.001276 0.001138 0.001103 0.001069 0.000483
     
0.0066 0.010897 0.010655 0.005897 0.001759 0.001483
     
0.0072 0.005172 0.002172 0.000828 0.000517 0.000897
0.076667 0.073241 0.065448 0.050345 0.027724 0.007759
     
0.009667 0.008483 0.005069 0.002931 0.00231 0.000759
0.0469 0.051 0.04969 0.043828 0.025414 0.011724
0.001667 0.001931 0.002069 0.001862 0.001345 0.001241
0.0122 0.012448 0.01231 0.011448 0.00831 0.000897
0.005233 0.005034 0.004103 0.004103 0.003172 0.000862
0.000533 0.000862 0.001586 0.001276 0.001793 0.004103
     
0.045833 0.048552 0.044793 0.027966 0.010138 0.006655
0.057733 0.054138 0.045138 0.02331 0.004207 0.000172
0.004267 0.003897 0.002103 0.000586 0.001621 0.003793
     
     
0.026667 0.025034 0.021724 0.015103 0.004655 0.000345
     
0.0008 0.005276 0.008103 0.00631 0.003241 0.003103
0.007467 0.013793 0.016034 0.013621 0.008138 0.005207
0.001433 0.000621 0.000621 0.001483 0.001966 0.002793
0.006867 0.006724 0.005966 0.005621 0.003552 0.003069
0.022733 0.022552 0.020931 0.017345 0.010207 0.000345
     
0.008367 0.007276 0.007828 0.010345 0.010276 0.003897
0.004733 0.003345 0.001379 0.001276 0.001483 0.002759
0.1007 0.098241 0.092552 0.070138 0.000379 0.002517
0.034767 0.03869 0.03769 0.033448 0.026 0.022724
     
0.011733 0.010655 0.008379 0.006207 0.004862 0.000655
     
     
0.006733 0.01031 0.008655 0.004379 0.001931 0.002069
0.002633 0.00169 0.000655 0.000586 0.00069 0.002241
0.0328 0.042897 0.048103 0.050448 0.04931 0.053241
0.012667 0.013138 0.012862 0.011828 0.008172 0.000793
0.011767 0.010069 0.005931 0.001759 0.001931 0.001034
0.012 0.011276 0.008897 0.005724 0.003103 0.000345
0.0115 0.014966 0.013517 0.008552 0.004241 0.003207
0.001167 0.002931 0.004172 0.003552 0.002414 0.002759
     
     
0.0342 0.032655 0.028069 0.017379 0.004 0.000931
0.021 0.024483 0.020586 0.008966 0.004379 0.003655
0.001 0.000103 0.000276 0.000138 0.000172 0.002034
