1.473809 2.281719 2.159230 1.565362 1.696523 2.892365
0.747026 0.836530 0.820872 0.908978 1.054108 1.276108
2.006683 2.600121 2.791282 2.416709 2.412170 3.762789
1.945415 2.249225 2.271332 1.818480 2.104107 2.728108
1.856050 2.348221 2.259178 1.825806 1.328023 2.900020
1.938809 2.060153 2.001926 1.908876 1.906315 2.962942
1.193860 1.559407 1.387010 2.078791 1.848860 2.834169
1.133284 1.524474 1.532256 1.673998 1.982224 3.060639
1.419267 1.997682 1.788106 1.921051 2.205036 2.847142
0.901183 0.866383 0.869470 1.021496 1.003141 1.348684
1.089390 1.297225 1.279810 1.036040 1.052395 1.805154
1.371897 1.630481 1.675184 1.455127 1.790969 2.462718
0.815757 1.275807 1.237399 1.122154 1.184597 1.729169
0.673266 0.943163 1.245034 1.491657 1.461670 1.855457
1.599630 2.342211 2.867286 2.351759 2.708229 3.698602
1.386968 1.606482 1.328201 1.201338 0.892659 2.062239
0.932162 1.421612 1.363361 1.438545 1.229187 2.226026
1.024287 1.570780 1.859503 1.559329 1.900578 2.296865
1.680880 2.162426 2.736022 2.468792 3.222837 4.113221
2.119472 2.684050 2.585582 2.200515 2.022160 3.177099
1.468906 2.109710 1.842809 1.683556 2.200537 3.727513
1.354129 1.471794 1.283450 1.524025 1.151858 2.051620
1.636430 2.380342 2.193471 1.550174 2.309252 3.942255
1.988237 2.017794 1.723477 1.539383 1.901211 3.017867
1.658738 1.922140 1.777769 2.027465 1.761208 2.907254
1.803872 1.841274 1.659688 1.986304 1.787169 2.996993
2.222709 2.396000 1.783456 2.209326 2.136127 3.218192
1.966406 2.285011 1.887475 1.595284 1.900540 3.159369
0.725662 1.035270 1.062719 0.998491 1.024418 1.323240
0.898887 1.232574 1.210999 1.094302 1.246859 1.782387
3.958137 5.282626 5.894973 4.594196 4.706562 6.983472
1.281017 1.536665 1.477592 1.488937 1.090050 2.019424
1.766376 2.543668 1.985464 2.434721 2.316361 3.335017
1.571125 2.039967 2.120188 2.517316 2.541704 3.952208
1.202690 1.415067 1.521306 1.517743 1.625432 2.381799
1.076524 1.591907 1.642983 1.639875 1.737787 3.078429
2.354271 2.737034 2.558886 3.221086 2.571841 5.063255
1.554664 2.303729 2.153981 1.962952 1.647818 2.528683
1.488085 1.899206 1.731395 1.893202 1.896374 2.689859
1.845814 2.282109 1.902172 2.897972 1.738658 3.040155
1.374145 1.562383 1.145297 1.992726 1.382841 2.207004
1.032475 1.674757 1.881924 1.642652 1.878563 2.554691
1.529527 2.133674 2.264587 2.169832 1.916349 3.152470
2.298845 3.008802 3.232290 2.522943 2.571067 4.312712
1.488017 2.095931 2.274912 1.984346 1.930140 3.126000
2.341274 2.585844 2.613428 2.210226 1.978039 3.292736
1.439686 2.017103 2.311746 2.243364 2.212903 3.028442
1.622835 2.315930 1.883499 2.012723 1.663432 3.584711
2.145815 2.631169 2.991991 2.502531 2.937824 3.591670
2.348448 2.688523 2.757574 3.014710 2.980409 4.654062
1.903070 1.834476 2.213483 2.266415 2.458262 3.895174
2.367386 3.234869 3.457348 2.495325 2.999603 5.317216
1.001521 1.484653 1.464318 1.347015 1.351373 1.782943
1.196136 1.562546 1.603896 1.471167 1.632609 2.318661
1.147484 1.448438 1.944217 2.357565 2.907867 3.295590
0.834998 1.618859 1.370503 1.322368 1.114540 1.582195
1.108163 1.007688 1.198519 1.124278 1.113891 1.297783
2.314006 2.329001 1.929486 3.206240 2.742609 3.823427
1.535704 2.351576 2.062787 2.320204 2.316510 2.828863
2.299421 3.327445 2.240803 2.913573 2.042145 3.484313
1.309091 1.779933 2.132276 2.274145 2.442041 3.419857
1.260690 1.597755 1.849417 1.970656 2.027252 2.435502
1.566688 2.151882 2.478301 2.747860 2.476983 3.545061
1.359093 1.569563 1.878415 2.333801 2.233868 3.080581
1.113578 1.173433 1.254648 1.498286 1.602780 2.124665
0.827342 0.962117 1.379657 1.425146 1.581709 1.768105
1.471826 2.058621 2.373646 2.108339 2.433820 3.029475
1.008641 1.553075 2.002942 2.164853 2.421093 2.572223
0.983251 1.562408 1.520122 1.562648 1.239436 2.092656
1.081278 1.424255 1.792386 2.052522 2.313447 2.605170
1.492000 1.690665 2.016607 1.987356 2.215695 2.785221
1.025634 1.251090 1.553509 1.738072 1.740944 2.190219
1.234166 1.648106 1.702315 1.841720 1.663418 2.767911
1.398531 2.178360 2.495733 1.892125 2.173910 3.132157
1.111686 1.587461 1.622919 1.522840 1.615608 2.263479
1.019150 1.334371 1.641984 1.773213 1.967095 2.429509
1.772073 1.966614 1.573045 2.493112 1.808976 2.681408
1.333686 2.129747 2.117472 2.031811 2.168848 3.087368
1.535454 1.638092 1.676017 2.335142 2.066612 2.547239
2.368236 3.346128 2.294734 2.717058 2.707722 4.787673
1.833652 2.626643 2.335064 2.312316 2.451079 3.588604
1.202001 1.201057 1.204390 1.260756 1.323741 1.728719
1.098524 1.463183 1.333757 1.691664 1.873166 2.683340
1.016333 1.514329 1.708589 1.618853 2.003350 2.605022
1.764164 1.898760 1.294375 1.574393 1.906417 2.376683
1.060564 1.690397 1.951592 2.177586 2.587752 2.960354
0.997373 1.347036 1.721603 1.923902 2.094154 2.632472
0.659224 0.891295 0.923013 1.102138 1.115703 1.496917
0.894353 1.534478 1.833508 2.029542 2.342926 2.639417
0.957496 1.555101 1.762110 1.734615 2.041191 2.532055
1.012007 1.457393 1.661140 1.338980 1.561224 1.996254
0.911063 1.366793 1.566070 1.787830 1.943560 2.303306
1.481837 2.007125 2.229876 1.829967 2.418334 3.342042
1.178266 1.899161 1.949282 1.464824 1.566785 2.348458
2.653685 4.183741 4.189627 3.202915 3.684047 5.770675
0.855451 1.063077 1.135663 1.463166 1.471015 2.331361
1.208358 1.458327 1.670322 1.702636 1.458455 2.278804
1.953604 2.249643 2.239671 2.296928 2.337077 4.652159
1.174207 1.522492 1.422335 1.294474 1.776566 2.719059
1.190358 1.545661 1.732724 2.009937 2.171086 2.820208
1.333236 2.282851 2.544592 2.443154 2.967896 3.641541
0.732586 0.951251 0.979053 1.200846 1.484103 1.746514
1.014530 1.470701 1.752423 1.802735 1.848329 2.245563
1.050971 1.393127 1.734248 1.709035 1.707060 2.275773
4.062797 4.778695 3.472630 4.141280 4.447816 6.804108
1.398012 1.911900 2.230504 2.355412 2.572354 2.862063
1.491413 1.798721 1.744792 1.881659 2.016024 2.297842
0.936630 1.181414 1.390415 1.368701 1.488681 1.685547
1.130627 1.934493 2.172876 2.482751 2.477712 3.239890
0.953820 1.285034 1.263748 1.621503 2.173846 2.505171
1.687462 2.020922 2.022582 2.235206 2.057221 3.437359
1.877716 2.832406 3.138610 2.549255 2.903035 4.130008
1.785398 2.049691 1.855145 1.525510 1.835285 3.061673
2.250544 2.813875 2.341623 2.078453 2.027887 3.730057
2.193701 2.952304 2.892326 2.238512 3.191296 4.445818
2.239340 3.634091 4.165093 3.284500 3.176235 5.272359
1.454233 1.830727 1.869795 2.089997 2.308874 2.813715
1.892132 2.218247 2.006260 1.667465 1.722517 2.581932
2.246028 2.648455 2.543502 2.557769 2.827192 3.725991
1.762127 2.473586 2.980123 2.901171 3.239690 4.959699
1.513957 2.030719 2.163580 2.091783 2.794298 3.401828
1.086605 1.344178 1.829356 2.019559 2.068556 2.356568
1.097616 1.936688 1.949219 1.639849 1.663797 2.619614
1.236607 1.604229 2.051104 2.099950 2.293713 2.656482
1.657654 2.123777 2.210573 1.750128 2.250867 3.290166
1.970729 2.976075 2.772563 2.441585 3.066013 4.397644
1.468539 1.625877 1.615151 2.149248 2.298706 3.470211
1.379975 1.639904 1.958088 2.250796 2.329713 3.191868
1.198706 1.840689 1.585851 1.585874 1.491312 2.389581
1.766633 1.841950 2.214449 2.320729 2.708639 3.650801
1.024843 1.343928 1.279157 1.337191 1.179594 2.028273
2.528582 2.986540 2.229700 2.996483 2.954533 4.216859
2.123194 3.002713 2.879100 2.942351 2.582137 4.191435
1.591220 1.660625 1.587367 1.659541 1.835596 2.405017
1.450382 1.829380 2.000996 2.190512 2.583707 3.337750
1.327099 1.854601 2.035695 1.908109 2.427860 3.234080
0.742323 1.240378 1.658792 1.875109 2.163521 2.306921
1.379153 2.137286 2.191534 2.436979 2.544365 3.192249
0.855010 1.100081 1.213567 1.204975 1.443330 2.089160
1.583663 2.114346 2.369896 2.575325 2.675591 3.159461
1.328028 1.778677 1.899291 2.123046 1.900207 2.670435
1.416554 1.561321 1.969536 2.262769 2.492983 2.756997
1.464664 2.095292 2.257309 2.466018 2.563973 3.394395
1.124449 1.708873 2.130170 2.476396 2.657837 3.039521
1.239973 1.520249 1.568080 1.762167 1.933897 2.438349
1.193900 1.932950 2.364807 2.611588 2.620474 2.837780
2.432797 2.766678 3.021267 2.344272 2.787687 4.302009
2.265332 2.644729 2.853261 2.390198 2.928987 5.006296
1.597233 1.964742 2.262377 2.507183 2.794483 3.679975
1.885845 2.462547 2.507065 2.522648 2.404441 2.943201
2.461843 2.959602 3.155375 3.248735 3.072747 5.415905
3.051216 3.627910 2.924969 2.638124 2.927794 4.585656
2.048240 3.304802 3.580778 3.397563 3.574443 4.367336
1.974203 2.474583 2.729246 2.804741 3.122469 3.666561
1.797296 2.338186 2.998507 3.118793 3.400006 4.523002
1.203586 1.655571 1.319482 1.671257 1.516000 1.924754
1.443468 2.486311 2.377044 2.159060 2.063517 3.156738
2.471019 2.718175 2.917617 3.328114 3.821033 5.007617
3.781124 4.128328 3.877734 3.749654 4.525802 6.615438
2.498763 3.942768 3.763107 3.271088 4.753782 6.565972
1.798499 2.348014 2.535734 2.022484 2.289853 3.837153
2.628582 3.028635 3.478382 3.403591 4.283642 4.636057
3.801938 5.273558 5.795657 4.375503 4.368207 6.873849
2.519422 3.368202 3.599620 3.603464 3.375358 4.377711
2.812869 3.623541 3.750203 3.406145 3.623487 5.232312
4.297677 5.636002 5.865909 3.997601 4.511709 8.016862
1.886977 2.369545 2.252124 2.328814 2.511525 3.262101
1.844954 2.314518 2.464282 2.881202 2.967248 3.692204
1.777326 2.462420 2.633333 2.347697 2.828494 3.319777
1.964911 2.566439 2.605308 2.851970 3.374167 4.287542
1.530432 2.180893 2.594019 2.867864 3.635579 4.855470
1.747529 2.321707 2.298369 2.122832 2.901176 3.531097
1.588112 1.633543 1.934928 1.887056 1.822442 2.858731
3.930951 3.866469 3.245708 3.790587 3.921332 5.194527
2.064624 2.665049 3.163013 3.295410 3.678320 4.188934
1.526848 2.464386 2.620776 2.128403 1.709028 3.247887
2.412424 3.761710 3.845460 2.968816 2.907834 4.843280
2.787697 3.721980 3.582487 2.513865 2.716901 5.138049
4.065972 6.402622 5.458996 4.233901 4.426148 6.061189
1.951563 2.597366 2.996299 2.666744 2.311747 3.748520
2.354579 3.509268 2.935942 3.124675 3.481240 5.389437
3.124849 3.904388 3.571761 2.813146 3.295028 4.806820
1.772900 2.049404 2.662433 2.696396 2.216793 2.846052
2.113242 2.833046 3.133809 3.001873 3.761245 4.066194
1.243709 1.568002 2.113169 2.304215 2.463616 2.984987
1.569197 2.267265 2.917185 2.642373 3.098824 4.332128
2.342364 2.485172 2.554460 2.135720 2.625686 4.491304
3.008250 3.817019 3.414867 2.857824 3.170475 4.742042
2.327441 2.750856 2.620868 3.268738 3.395300 4.679767
3.200297 4.782582 3.965804 4.293209 4.029174 7.493049
1.903221 2.600289 3.043000 2.537571 3.228196 5.142908
2.010655 2.143074 2.864379 3.208207 3.484791 4.623124
2.061371 3.406981 3.515460 3.421980 3.686397 4.760527
1.561094 2.236748 2.694960 2.859099 3.049188 4.031313
1.209260 1.863989 2.161606 2.217756 2.598203 3.961056
1.594243 2.284408 2.719901 3.102723 3.266684 4.065563
2.864958 2.933038 3.042775 3.064420 3.096726 4.690933
4.281174 4.549410 4.319566 3.175478 5.288705 6.520837
3.070966 3.191541 2.626284 4.035062 3.701022 5.575576
4.297707 5.385819 6.339732 5.274843 5.739762 7.600720
3.303060 4.200222 4.059629 4.222011 4.111503 5.904971
3.098535 3.142883 3.260882 2.512168 2.175932 4.201914
2.208508 2.505253 2.803432 2.734609 3.969479 5.599428
2.330597 2.923228 3.165170 2.769171 3.653002 5.193479
3.992174 4.392907 4.648993 4.840502 4.196766 6.215746
4.060681 4.843833 5.075521 4.829353 5.916174 7.746326
2.314238 2.865540 2.803528 2.859576 3.468538 3.768275
2.790209 3.011920 2.975245 3.618762 4.133102 5.895349
2.422988 3.003975 2.861926 2.814127 3.013685 4.254943
2.735839 3.390643 3.783426 3.467690 4.170694 5.354825
2.754970 2.909882 3.508780 3.693273 3.639921 5.411682
1.987647 3.055679 3.081070 2.540932 3.656568 4.599547
1.828608 2.607838 2.961610 2.573371 2.625817 3.866800
3.178364 3.578121 4.043789 4.309849 6.544457 6.691684
2.799380 3.172514 2.708416 3.116300 2.950251 3.653816
1.841970 2.765385 2.793819 3.236243 3.450586 4.064608
4.498642 6.285162 5.882342 5.699154 5.545716 7.499619
2.435182 2.853080 3.415939 3.159856 3.037809 5.083337
2.347509 3.633803 4.191888 3.399315 3.605352 5.067835
1.961857 2.495534 2.781975 3.145332 3.343033 4.013878
3.678675 3.842618 4.424062 4.213948 4.720040 6.809695
3.837744 4.747124 4.199203 3.417766 3.999221 6.075743
3.551110 4.795288 5.274610 4.108545 4.974154 6.892451
3.595639 4.876985 4.929541 3.182488 3.967682 7.001501
2.820123 2.644393 2.835531 3.406663 3.779170 4.772568
4.138353 5.162294 5.556672 4.107149 3.773284 7.138504
1.665440 2.604787 2.656301 2.775365 3.026632 3.766730
2.182800 2.420407 2.806736 3.799646 4.341384 4.598160
3.214710 4.198178 4.366353 4.199620 4.580804 5.855572
4.039439 5.560250 6.044001 3.981465 5.086105 7.420132
3.291839 3.805934 3.367354 3.565667 3.410040 6.235437
2.793466 4.715831 5.088756 3.504763 3.943741 5.430501
4.817796 4.719529 3.469928 3.878441 4.597355 6.117445
3.104702 3.971959 3.648706 3.929482 4.495565 5.279339
3.407243 5.352467 4.808647 4.135455 5.072343 4.658512
3.225727 3.925553 2.930333 3.363355 3.275469 5.838701
2.512543 2.349633 2.869487 3.944101 4.181628 4.934692
1.658518 2.456439 2.664726 2.890508 3.724893 5.029231
1.958142 2.556526 2.718610 3.095332 3.341484 3.728745
1.745127 2.141616 2.205873 2.138506 2.113310 3.338152
1.633454 2.171377 2.310190 2.612685 2.407519 4.150514
3.031450 2.920808 2.992194 3.258997 3.588658 4.240056
2.042383 2.624905 2.951589 3.375835 3.336028 3.924175
1.682754 2.147187 2.727156 2.595430 2.968593 3.753870
2.748114 2.888310 3.605999 3.882528 3.842653 5.066679
2.950283 3.302190 3.211888 2.667648 3.231815 5.212748
2.367971 3.143703 3.125096 3.494907 4.057318 4.411259
3.632036 5.020276 4.999415 4.417565 4.400627 5.948188
3.052145 4.372823 3.940421 3.447828 4.028860 5.592637
2.552188 3.288546 3.472998 3.346763 3.119922 4.642265
6.696397 8.450084 8.399841 5.684287 5.691780 9.882930
3.146739 3.788897 3.502880 3.489508 3.840750 4.729655
3.535827 4.584395 4.286726 4.054050 4.252964 6.166469
3.866620 5.102460 4.445317 4.918870 4.994225 6.056619
4.336677 4.684945 5.009788 4.512585 5.831170 6.073009
3.685530 4.522916 4.246440 3.581667 3.306465 5.244854
2.876094 4.026425 4.427007 3.925419 3.781704 5.135932
2.923609 3.503799 3.287532 3.516447 4.173407 5.107721
2.797706 3.972994 3.967943 3.125222 3.940500 7.153617
2.721602 3.533770 3.590494 2.996911 3.433933 4.965397
2.435991 3.033417 3.636755 3.899260 4.684626 5.267148
3.155761 3.878579 3.742270 3.753866 4.112254 5.312585
3.777738 4.012965 4.615114 4.730573 5.729429 8.801023
3.214789 4.754057 4.378934 3.901292 4.606531 7.279917
4.584088 5.307045 3.522964 5.053485 4.050439 5.922692
5.241956 5.574522 5.569155 5.872114 4.534855 7.297845
4.038628 5.986496 5.576770 3.710307 4.875165 6.190194
3.417065 3.156923 4.098347 4.732890 5.533929 5.609591
4.777262 6.396894 5.111260 5.333858 5.556946 8.189836
5.633964 6.949416 5.431603 5.542896 5.982452 8.474684
2.555220 3.052552 3.311659 3.276831 4.185111 5.395265
3.024096 3.445662 4.047388 3.531033 3.962188 5.970274
3.072054 4.769816 5.119510 4.149831 4.517011 7.278997
3.201966 4.075965 4.714436 4.218509 4.543579 5.641569
2.048299 3.000327 2.576545 2.349378 2.631580 3.523310
2.202566 2.717876 3.047217 3.567443 3.922716 4.761072
2.937472 3.418432 3.525179 3.908856 3.969661 5.913253
5.476433 6.429548 6.576937 5.231080 4.990691 7.818373
3.814849 5.176193 5.713266 5.356008 5.217843 6.168529
2.838644 4.094845 4.188661 3.734049 3.224910 5.849900
3.698488 5.000750 4.895772 4.922065 5.486809 6.734859
3.975052 4.403181 4.256741 4.306488 4.112013 7.119469
4.988227 5.408246 5.272851 6.263177 4.969690 7.218789
5.328787 5.251119 4.415278 3.923126 5.569228 8.311631
2.535948 3.144034 3.318027 3.295576 3.566530 4.967067
4.011919 4.739441 4.333151 4.430143 4.568509 5.015940
2.375155 3.166145 3.917422 3.429582 3.294509 5.559136
4.097467 4.089616 4.188721 3.951499 7.027087 8.206577
3.588536 4.243429 4.367380 3.834070 3.868148 4.943422
3.001856 4.528841 4.144873 4.274354 4.148044 5.665469
2.457719 3.365192 3.527132 3.059050 3.835036 5.485115
2.904202 3.075557 3.123368 3.293131 3.227434 4.327250
2.779385 4.226631 4.215667 4.427193 6.546042 6.351814
3.074101 3.591239 4.307540 3.841527 4.887729 5.923917
3.559046 3.126853 3.115908 3.665940 4.126550 5.045673
4.116015 3.507692 3.508156 3.638365 3.956270 5.350763
5.001140 6.577812 5.837608 4.929067 5.800455 8.321738
5.125918 7.057952 6.512071 5.517608 4.411919 10.518593
2.619495 3.083520 3.030304 3.537746 3.570250 4.353858
2.357704 3.101539 3.309807 2.823042 2.980708 4.733597
6.676494 4.022230 3.963815 3.557728 4.857725 5.072384
3.054485 3.341567 3.003791 3.393718 3.535460 5.294293
3.075268 3.806471 3.333826 3.488835 3.806933 4.818889
3.920773 4.270808 3.913703 4.860252 4.608660 6.557881
6.397347 6.410354 6.312434 6.783500 5.395471 8.665071
5.947049 6.609306 6.068682 4.584704 5.469525 8.953596
4.595101 5.892448 6.329662 4.423721 5.709886 8.649881
3.862655 4.677594 4.542458 4.175443 4.855008 5.986885
4.541706 5.465028 4.884041 5.166936 3.946536 6.618281
6.850784 6.727899 6.884811 5.908830 5.225173 9.552046
7.687252 8.524372 6.993575 6.016989 6.726952 10.874818
4.575527 5.442893 4.835813 6.326027 6.200099 7.183843
11.361853 5.181057 5.917743 6.426445 7.442223 7.065521
1.995369 2.712755 2.747384 2.960858 3.030981 4.135897
4.229414 5.378598 4.954122 4.864513 5.678699 7.466917
3.304249 4.011279 3.561194 4.709702 5.121938 6.086297
3.848752 4.337446 5.378413 3.936451 3.894264 7.452898
6.801204 6.581720 6.465549 6.923933 6.133058 9.310027
1.945583 2.537949 3.170471 3.147796 4.021016 4.998022
2.677079 3.554243 4.028792 3.998823 4.210707 4.836516
3.982354 5.543562 6.274108 5.566804 4.660670 6.568547
4.530896 4.422293 4.478463 5.414955 5.123331 7.351675
4.671907 4.997368 4.618622 4.722114 5.481365 10.032169
3.855083 5.334778 5.858657 4.439082 4.645604 6.884613
3.402679 4.346996 4.517331 4.035726 3.786474 5.352217
3.269807 4.719834 4.128306 4.073916 3.940828 6.781413
3.755178 4.343927 3.724712 3.908808 4.891290 6.745552
2.117813 3.059471 3.394648 2.962447 4.165077 5.345438
4.914446 4.953482 5.484830 4.370203 5.652364 7.769565
6.124331 7.429929 6.952701 5.602224 6.484796 7.315713
4.457728 4.027926 3.763192 4.205477 5.427411 5.360393
5.332757 5.168811 5.168410 4.731772 4.479731 5.918937
4.351657 5.107369 4.956468 4.867162 4.446289 6.877976
3.437692 4.529762 4.613544 4.948615 4.579938 5.772539
5.483325 6.054661 5.097242 4.225782 5.254505 7.723806
8.278339 8.291335 5.425194 4.951565 4.179676 6.531201
3.232105 4.031677 3.701490 3.713470 4.957427 7.022403
3.457810 3.612477 3.762127 3.389896 4.330478 5.343379
5.057552 5.098867 4.606222 4.731722 4.914015 5.247890
3.559832 3.740260 3.764096 3.882794 4.237685 6.445862
2.798832 3.698285 3.802828 3.726274 4.324755 5.739346
5.016917 4.828111 4.981778 5.853654 5.327697 5.879430
4.362662 7.252779 6.819974 4.545218 4.882559 5.911290
3.886657 3.834765 4.742082 5.424618 6.873722 6.677138
5.286055 5.075430 6.137192 4.819587 4.646704 7.113462
4.358340 3.581023 3.375081 3.994092 5.250612 7.441020
3.128876 3.843292 3.811829 3.957741 4.405759 6.429840
4.422325 5.107737 5.017490 3.701303 5.383841 7.084288
2.788358 2.992906 3.380129 3.510642 4.068532 5.862676
2.414509 3.348189 3.475219 3.507184 4.315944 5.358278
6.205240 3.596302 3.823671 4.352114 4.072475 5.250983
3.903437 4.164006 3.602088 4.133821 4.042578 4.951319
8.232600 8.527079 6.165602 8.550507 5.787833 9.796731
8.884820 8.744164 7.584216 7.074289 6.844102 10.382746
6.747281 7.680919 8.076191 6.152452 7.118064 9.962179
8.201400 7.186628 6.354507 5.435804 5.336729 7.847399
6.550470 6.899926 7.251929 7.414736 6.522764 9.179278
9.258578 8.923539 8.091624 5.968799 6.463137 8.944688
8.737643 11.537642 8.989758 6.994510 6.824539 13.578232
8.388835 9.859929 7.393074 6.076103 5.747581 10.250985
9.521574 9.321002 7.880836 6.397972 7.446000 7.220495
2.968587 3.713254 3.598395 3.580342 3.798016 6.807940
5.594602 4.807652 5.778601 4.155029 5.864107 7.390088
4.330586 6.069850 5.574647 5.880512 6.573507 7.890871
5.818862 6.896441 6.988516 5.522947 4.934832 10.404840
6.468241 7.943024 8.054685 9.575936 9.605729 9.975299
3.045853 3.608513 4.484118 4.851036 4.207210 4.879745
3.246095 3.447120 4.833598 5.088932 4.568460 5.086819
5.121375 5.376389 6.726573 5.433306 7.619349 9.372277
7.124767 6.419219 5.445896 6.664180 6.282428 8.500473
6.996242 7.243931 5.082317 5.312523 5.877433 10.347687
5.214197 5.893063 6.686464 6.377359 5.109839 7.976975
10.903276 5.514611 5.542874 5.752353 6.690002 7.267487
4.195761 4.769287 4.922888 4.688760 4.214696 7.204497
6.772211 7.295089 6.056350 6.022011 5.440733 7.785591
3.765390 5.496579 6.118522 4.851031 4.736740 6.007528
5.879061 6.445206 5.725800 5.075978 5.764014 10.922414
9.996041 9.277381 9.702285 7.043132 5.671724 10.031340
5.846038 4.930281 5.435315 4.620142 7.814672 7.515780
9.682618 7.122699 7.390565 5.544253 5.405162 6.185468
5.791244 5.984568 5.419568 4.874438 5.186831 8.922877
9.107986 7.339719 6.746919 4.785786 5.081996 7.596889
10.223612 9.415917 8.077278 5.974387 6.561144 12.016703
10.117657 9.153505 7.933586 5.682884 4.870350 7.424143
5.937394 5.558128 5.025465 4.634817 6.303272 7.253212
4.535565 5.587015 6.633252 5.016630 5.366466 7.306041
11.671005 7.402176 7.280088 5.244968 6.274283 6.722089
6.642932 5.357597 4.812554 4.426035 5.341123 5.823282
4.037841 5.419506 5.575332 4.611274 4.570113 6.493537
8.013897 6.383151 6.367836 5.977131 6.190564 7.069790
5.940921 8.380040 7.459014 5.055635 5.970136 9.867225
5.969651 5.711352 5.009543 4.785656 6.131901 9.367267
7.625988 7.438796 6.696918 5.410562 5.766389 9.482258
5.135395 5.547782 6.008887 4.342250 5.740683 5.368233
5.306449 6.331875 4.810699 4.843055 4.797481 8.093173
6.303208 6.249005 4.546586 4.372242 5.757124 7.802527
8.786361 7.403894 6.975655 5.054167 4.365701 5.754832
4.614500 5.581211 5.421607 4.401708 5.092591 7.523277
4.952942 4.844974 5.034327 4.967344 4.673882 6.304596
5.442200 4.801187 4.751250 5.514977 5.280082 6.710364
9.704436 10.396426 7.284693 10.725437 8.960889 11.612718
12.508105 12.373107 10.114466 10.863039 10.605958 13.159546
7.766174 9.657063 9.628231 6.807742 7.354490 11.702516
5.925915 5.632900 5.190502 5.192840 5.621871 8.049737
8.392566 7.767280 8.998204 8.357227 5.210873 7.658087
9.590568 9.776807 8.365004 8.364393 6.845541 10.182801
9.033761 11.927137 10.787449 9.380530 7.713742 15.518305
10.836893 11.162301 8.999037 7.578111 6.273635 11.933983
12.474675 10.471977 8.365865 6.623788 7.928875 7.176934
3.591621 4.633451 4.315871 4.515858 4.263240 8.718567
6.411133 5.181676 4.776519 4.788933 5.026028 6.487090
5.335518 6.740540 5.996599 5.374510 5.320034 10.065035
9.817219 10.035615 8.495517 7.121175 5.954352 9.899607
9.638188 8.673496 8.634629 12.036829 12.080612 12.561788
5.991868 4.854181 4.794619 5.439189 5.705883 5.611917
4.147781 6.471529 4.974529 5.127728 5.630533 5.596709
7.856753 6.695876 7.407331 5.963535 7.512586 9.696042
9.276151 10.441319 9.517314 7.446185 6.470830 10.138419
7.113096 5.211118 4.803881 6.670388 5.503415 9.393297
6.274555 7.009759 7.092385 6.938651 5.952907 9.798132
12.697215 7.284637 7.094688 7.271119 7.485879 8.810315
4.262805 4.163381 3.680644 4.553031 5.121226 9.940865
9.573002 9.074061 8.016584 5.940229 6.355230 9.640357
5.188134 5.826442 7.155266 5.623535 4.774012 6.161242
7.341978 7.387208 9.540605 6.413648 6.454946 11.222719
11.122947 9.243248 10.264144 7.291156 6.775793 11.830877
8.130474 7.544066 6.826159 8.701742 26.656640 9.914599
11.564800 7.245535 6.392517 5.583392 5.888586 7.935271
7.804490 7.885491 6.590104 7.402123 6.231778 10.897935
12.963924 13.001462 9.613302 5.993660 5.414206 7.242019
9.605975 8.477249 10.791916 7.271368 7.621022 8.751616
16.321593 14.409574 12.494116 7.178750 6.162088 7.616403
7.539915 8.045380 7.550393 5.753349 7.032695 9.249898
6.714732 7.412915 6.910774 5.164975 5.797703 9.033644
13.605211 13.682021 10.290488 7.339184 6.911862 9.518377
6.421537 6.767516 6.398158 5.951210 5.822465 8.437850
5.229913 6.591915 7.210245 6.085732 5.073303 7.825423
11.266179 8.980315 8.425345 8.361325 33.554286 10.168898
9.153666 8.121876 7.797236 8.875131 7.699751 11.146736
8.751192 5.840042 5.009199 4.603274 5.406650 10.427530
6.471045 6.599076 6.540088 4.436047 5.176245 8.990657
6.547088 5.441818 4.820392 5.240095 5.016120 6.041213
9.434618 9.354421 6.586580 7.323814 7.002725 9.766153
6.996167 5.808037 5.259217 5.262572 5.793524 7.412293
5.339184 4.778682 4.143923 5.172936 4.710739 5.618535
7.265936 7.071125 6.565364 6.056183 7.228770 9.023852
7.006136 7.141126 4.900498 5.831190 4.961177 7.907238
7.469476 6.015232 5.964424 5.259617 5.856022 7.697388
12.996679 14.550645 8.140629 12.212371 11.866479 14.043593
15.295680 14.647989 12.754624 9.636343 13.359382 31.229570
7.173550 9.941722 9.507720 7.962889 6.894565 13.770380
6.433140 5.798754 4.932068 4.116287 4.069643 7.275206
8.927823 7.332821 5.569809 5.299927 5.430712 7.053634
11.766010 10.102907 10.214007 9.197482 7.915241 12.309043
11.273863 9.986689 11.639062 11.835210 9.761638 17.160247
12.703787 12.741756 10.697620 7.681957 7.401694 12.162904
12.964275 12.284252 8.703392 7.158315 8.242852 7.860871
4.675503 5.869684 5.358284 5.156021 5.118990 9.876476
6.738872 5.932904 4.999442 5.642058 6.562174 7.775996
7.164299 7.419993 8.363484 5.655059 6.532558 12.263180
12.181557 9.189405 9.096725 8.032562 7.734036 11.938328
14.258570 11.218307 12.277454 9.458501 27.407620 28.208146
7.034727 4.520197 5.115312 4.943740 6.351864 5.988640
5.634678 6.702516 8.142772 3.896891 5.488456 5.694631
8.360272 7.907781 7.666598 8.363343 9.081022 10.594244
8.382383 5.548239 6.341146 4.863353 5.099441 8.242093
11.125255 9.340535 7.091920 9.072407 6.296621 9.098436
9.162159 8.297927 7.605496 8.625464 7.555171 12.529889
10.141009 10.276185 9.779897 6.180863 7.653567 9.109861
8.512001 9.301752 7.444898 5.985652 5.814946 11.380865
11.747526 10.976578 8.741500 9.070244 6.692348 12.004286
7.766852 7.582895 8.001017 6.223391 4.523743 7.051753
12.019237 8.222083 9.276909 9.836088 7.467192 11.363691
9.945578 10.128822 8.980895 7.460404 7.534698 13.518766
10.509611 9.828144 8.709021 7.250007 7.185596 11.562272
12.138595 8.346993 7.934040 8.635334 6.373468 9.147892
9.523269 9.697881 7.597548 8.737347 8.267879 12.108819
7.464089 9.923681 6.053674 8.063983 6.111737 7.472122
11.922606 10.276847 8.944928 6.961025 29.047475 10.035375
11.181942 11.674088 11.449145 9.197222 8.931111 8.961157
10.738793 10.817785 9.613419 7.530602 7.670130 10.095724
7.722594 8.809085 8.198304 6.493914 5.813009 9.327275
11.850369 35.987271 15.907690 7.381946 7.695769 6.549073
7.504978 7.786758 6.790872 5.705261 6.834302 11.026708
6.403379 7.453808 8.339154 6.961908 6.073128 8.663653
16.041999 12.422963 10.389850 9.111247 32.272330 24.292995
10.445501 12.315682 9.130123 11.795548 8.797989 12.697426
9.523220 13.837348 4.941925 4.638734 6.045568 9.742849
7.474643 7.932895 8.887824 4.647293 5.911199 9.344518
9.554479 5.144417 6.011097 4.912244 5.985737 6.604153
8.532050 8.422001 6.978030 6.702824 6.251339 12.536058
9.490705 7.151257 9.154011 6.814593 5.667499 6.383696
8.464535 7.311561 6.404696 6.300704 5.420430 6.949230
8.180877 8.409284 7.249427 6.835772 8.233837 9.189690
11.113563 8.149374 5.928927 6.615918 5.706681 9.238003
7.174711 6.570643 6.601175 5.954041 6.557094 9.239430
