0.000853 0.001045 0.001100 0.001234 0.001099 0.000714
0.000607 0.000808 0.000758 0.000636 0.000433 0.000408
0.001233 0.001526 0.001245 0.001522 0.001395 0.000960
0.001171 0.001284 0.001329 0.001329 0.001093 0.000680
0.000652 0.000656 0.000563 0.000799 0.000818 0.000627
0.000917 0.001222 0.001273 0.001065 0.000856 0.000589
0.001093 0.001369 0.001340 0.001084 0.000880 0.000608
0.000980 0.001354 0.001487 0.001311 0.000994 0.000673
0.001527 0.001793 0.001698 0.001555 0.001229 0.000734
0.000545 0.000723 0.000624 0.000537 0.000393 0.000393
0.000767 0.000901 0.000764 0.000619 0.000455 0.000448
0.001090 0.001398 0.001323 0.001076 0.000849 0.000583
0.000746 0.000871 0.000822 0.000745 0.000544 0.000476
0.001201 0.001450 0.001331 0.001024 0.000711 0.000516
0.001898 0.002164 0.001828 0.001878 0.001637 0.001052
0.000485 0.000553 0.000495 0.000397 0.000418 0.000428
0.000699 0.000960 0.000969 0.000837 0.000630 0.000542
0.001564 0.002050 0.002024 0.001661 0.001236 0.000687
0.001782 0.001935 0.002086 0.002065 0.001739 0.001182
0.000884 0.000787 0.000936 0.001196 0.001168 0.000826
0.001340 0.001565 0.001614 0.001620 0.001361 0.000867
0.000564 0.000718 0.000594 0.000629 0.000540 0.000501
0.000748 0.000941 0.001151 0.001483 0.001404 0.000984
0.000824 0.001289 0.001594 0.001643 0.001450 0.000902
0.000972 0.001131 0.000956 0.000905 0.000719 0.000529
0.000722 0.001099 0.001235 0.001088 0.000879 0.000602
0.001076 0.001209 0.001303 0.001278 0.001079 0.000761
0.001021 0.001323 0.001171 0.001116 0.001004 0.000674
0.000643 0.000867 0.000786 0.000634 0.000415 0.000395
0.000746 0.000972 0.001023 0.000953 0.000719 0.000550
0.002549 0.002409 0.002258 0.003130 0.003100 0.002527
0.000431 0.000575 0.000542 0.000473 0.000452 0.000454
0.001118 0.001604 0.001787 0.001534 0.001429 0.001022
0.001838 0.002198 0.002132 0.002012 0.001739 0.001144
0.001195 0.001481 0.001383 0.001266 0.000985 0.000616
0.000818 0.001023 0.001044 0.001130 0.000983 0.000666
0.001852 0.002154 0.002013 0.001869 0.001573 0.001190
0.000518 0.000548 0.000559 0.000643 0.000640 0.000559
0.001471 0.001808 0.001701 0.001431 0.001066 0.000630
0.001057 0.001389 0.001191 0.001102 0.001066 0.000761
0.000980 0.001216 0.001152 0.000922 0.000651 0.000497
0.001421 0.001915 0.001953 0.001707 0.001343 0.000787
0.001683 0.002001 0.001634 0.001373 0.001233 0.000812
0.001515 0.001572 0.001428 0.001773 0.001672 0.001139
0.001267 0.001513 0.001488 0.001482 0.001235 0.000780
0.001310 0.001545 0.001383 0.001313 0.001089 0.000728
0.002567 0.002976 0.002740 0.002145 0.001627 0.000932
0.000942 0.001195 0.001098 0.001183 0.001101 0.000768
0.001679 0.002038 0.002463 0.002365 0.002000 0.001289
0.002479 0.003071 0.002975 0.002896 0.002428 0.001580
0.002024 0.002525 0.002394 0.001829 0.001525 0.001038
0.002625 0.003231 0.003434 0.003128 0.002474 0.001491
0.001074 0.001394 0.001270 0.000983 0.000631 0.000490
0.001240 0.001480 0.001520 0.001401 0.001137 0.000686
0.002329 0.002958 0.002911 0.002433 0.001887 0.001124
0.000746 0.000947 0.000860 0.000706 0.000486 0.000443
0.000350 0.000362 0.000332 0.000315 0.000340 0.000350
0.002449 0.002848 0.002601 0.001915 0.001447 0.000964
0.001853 0.002465 0.002439 0.002030 0.001569 0.000896
0.001350 0.001690 0.001628 0.001294 0.000931 0.000630
0.003213 0.003801 0.003538 0.002683 0.001847 0.001071
0.002429 0.002791 0.002477 0.001757 0.001228 0.000698
0.002089 0.002339 0.002285 0.002021 0.001640 0.001030
0.002745 0.003165 0.002887 0.002084 0.001620 0.000963
0.001166 0.001524 0.001481 0.001225 0.000901 0.000574
0.001050 0.001391 0.001351 0.001123 0.000802 0.000539
0.001803 0.002287 0.002339 0.002126 0.001758 0.001063
0.002394 0.003019 0.002996 0.002452 0.001764 0.000963
0.000773 0.000992 0.000886 0.000702 0.000557 0.000500
0.002501 0.003025 0.002834 0.002198 0.001524 0.000835
0.001834 0.002169 0.001940 0.001715 0.001376 0.000830
0.001670 0.001917 0.001669 0.001295 0.000971 0.000608
0.001046 0.001423 0.001477 0.001308 0.000999 0.000680
0.002365 0.002852 0.002774 0.002241 0.001655 0.000930
0.001175 0.001450 0.001361 0.001225 0.000976 0.000630
0.001807 0.002246 0.002089 0.001596 0.001136 0.000644
0.001657 0.002030 0.001885 0.001456 0.001063 0.000625
0.001903 0.002663 0.002769 0.002429 0.001904 0.001110
0.001382 0.001817 0.001720 0.001317 0.001129 0.000746
0.002022 0.002386 0.002018 0.001479 0.001435 0.001128
0.002177 0.002396 0.002397 0.002105 0.001688 0.001046
0.000830 0.001050 0.000923 0.000776 0.000548 0.000459
0.001295 0.001689 0.001591 0.001347 0.001082 0.000669
0.001825 0.002240 0.002124 0.001726 0.001289 0.000757
0.000987 0.001262 0.001138 0.000876 0.000556 0.000469
0.002165 0.002647 0.002699 0.002302 0.001703 0.000965
0.001997 0.002474 0.002357 0.001841 0.001308 0.000734
0.000656 0.000877 0.000765 0.000683 0.000468 0.000428
0.002496 0.003048 0.002871 0.002192 0.001491 0.000836
0.002124 0.002537 0.002287 0.001802 0.001354 0.000762
0.001266 0.001590 0.001452 0.001159 0.000798 0.000523
0.001920 0.002426 0.002308 0.001769 0.001246 0.000689
0.001430 0.001726 0.001823 0.001811 0.001579 0.001017
0.001083 0.001272 0.001137 0.001067 0.000813 0.000552
0.002233 0.002688 0.003168 0.003603 0.003387 0.002283
0.000875 0.001183 0.001166 0.001057 0.000810 0.000569
0.001064 0.001296 0.001266 0.001154 0.000910 0.000636
0.002677 0.003223 0.003089 0.002398 0.001667 0.001207
0.000930 0.001267 0.001392 0.001263 0.001020 0.000667
0.001969 0.002525 0.002518 0.002029 0.001505 0.000878
0.003870 0.004318 0.004005 0.003013 0.002118 0.001234
0.001039 0.001336 0.001221 0.001020 0.000715 0.000514
0.002270 0.002684 0.002349 0.001730 0.001228 0.000693
0.001470 0.001786 0.001652 0.001307 0.000943 0.000602
0.003050 0.003339 0.003312 0.003250 0.003196 0.002412
0.003032 0.003589 0.003364 0.002580 0.001807 0.000989
0.002094 0.002493 0.002351 0.001789 0.001257 0.000693
0.001299 0.001579 0.001454 0.001113 0.000729 0.000497
0.003318 0.004041 0.003888 0.002981 0.002111 0.001228
0.001269 0.001782 0.001902 0.001611 0.001182 0.000672
0.001824 0.002428 0.002402 0.001955 0.001492 0.001011
0.003845 0.004286 0.003946 0.003249 0.002565 0.001510
0.001058 0.001367 0.001412 0.001379 0.001172 0.000766
0.001843 0.002115 0.002104 0.001854 0.001568 0.001026
0.002277 0.002709 0.002524 0.002084 0.001935 0.001319
0.002072 0.002269 0.002406 0.002750 0.002482 0.001674
0.002255 0.002700 0.002483 0.001815 0.001264 0.000734
0.001294 0.001653 0.001605 0.001272 0.000908 0.000603
0.003184 0.004019 0.004054 0.003461 0.002551 0.001465
0.001682 0.001825 0.002063 0.002433 0.002308 0.001610
0.002261 0.002955 0.003055 0.002632 0.001970 0.001128
0.002406 0.002891 0.002628 0.001955 0.001326 0.000731
0.001578 0.001929 0.001755 0.001323 0.000910 0.000583
0.002747 0.003197 0.002852 0.002117 0.001495 0.000834
0.001494 0.002145 0.002241 0.001934 0.001497 0.000898
0.003293 0.003752 0.003573 0.003104 0.002306 0.001420
0.001929 0.002488 0.002443 0.001995 0.001597 0.000984
0.003134 0.003784 0.003555 0.002632 0.001710 0.001072
0.001164 0.001395 0.001222 0.001030 0.000780 0.000541
0.003547 0.004089 0.003743 0.002813 0.002014 0.001134
0.000802 0.000987 0.000866 0.000728 0.000493 0.000456
0.003432 0.004250 0.004290 0.003723 0.002700 0.001633
0.003211 0.003485 0.003354 0.002966 0.002307 0.001391
0.001253 0.001482 0.001289 0.001053 0.000758 0.000560
0.002870 0.003506 0.003433 0.002694 0.002039 0.001181
0.002356 0.002680 0.002589 0.002163 0.001719 0.001038
0.002273 0.002764 0.002570 0.001930 0.001347 0.000721
0.003712 0.004155 0.003896 0.002850 0.001779 0.000952
0.000982 0.001283 0.001212 0.000990 0.000664 0.000507
0.004859 0.005404 0.004902 0.003572 0.002268 0.001193
0.001710 0.002108 0.002093 0.001802 0.001440 0.000851
0.002910 0.003518 0.003283 0.002457 0.001715 0.000951
0.003561 0.004113 0.003872 0.003009 0.002078 0.001200
0.003824 0.004483 0.004266 0.003276 0.002207 0.001213
0.001691 0.002058 0.001917 0.001529 0.001165 0.000674
0.005064 0.005571 0.005252 0.003801 0.002350 0.001223
0.002137 0.002757 0.002987 0.002775 0.002281 0.001374
0.001963 0.002326 0.002485 0.002514 0.002280 0.001568
0.003714 0.004334 0.004076 0.003127 0.002177 0.001256
0.003486 0.003831 0.003347 0.002272 0.001631 0.000953
0.005495 0.006081 0.005662 0.004112 0.002562 0.001524
0.005364 0.006080 0.006047 0.004600 0.002764 0.001641
0.007633 0.008190 0.008159 0.006500 0.004765 0.002874
0.005302 0.006079 0.005959 0.004655 0.002996 0.001657
0.006526 0.007220 0.006865 0.004774 0.003088 0.001802
0.001062 0.001336 0.001230 0.001014 0.000730 0.000525
0.002158 0.002545 0.002295 0.001992 0.001565 0.000903
0.005628 0.006305 0.005828 0.004514 0.003142 0.001795
0.004446 0.005590 0.005438 0.004815 0.004487 0.003241
0.003762 0.004183 0.004124 0.004426 0.004163 0.003004
0.001660 0.001869 0.001712 0.001435 0.001275 0.000852
0.005811 0.005923 0.005134 0.004200 0.002993 0.001790
0.004832 0.004633 0.005152 0.005607 0.005016 0.003409
0.004842 0.005549 0.005556 0.004588 0.003152 0.001788
0.004195 0.005415 0.005689 0.004953 0.003288 0.001953
0.004261 0.004148 0.004910 0.004981 0.004499 0.003740
0.002627 0.003328 0.003281 0.002718 0.002044 0.001173
0.004998 0.005856 0.005534 0.004031 0.002626 0.001544
0.002746 0.003224 0.003236 0.002750 0.002079 0.001226
0.004830 0.005480 0.005081 0.003921 0.002889 0.001765
0.005752 0.006122 0.005369 0.004267 0.002982 0.001693
0.002315 0.002829 0.002780 0.002375 0.002028 0.001283
0.001491 0.001733 0.001668 0.001342 0.000987 0.000616
0.004685 0.005971 0.006021 0.005237 0.003838 0.002390
0.005529 0.006887 0.006637 0.005167 0.003259 0.001796
0.001490 0.001796 0.001563 0.001258 0.000933 0.000691
0.004721 0.005297 0.004950 0.003841 0.002633 0.001636
0.004233 0.004731 0.004352 0.003299 0.002179 0.001285
0.004875 0.006175 0.006537 0.006220 0.005681 0.004170
0.002240 0.002802 0.002534 0.002105 0.001849 0.001183
0.002488 0.003150 0.003392 0.003273 0.002975 0.002060
0.003713 0.004333 0.004517 0.003997 0.003132 0.001985
0.001716 0.001979 0.001793 0.001332 0.001163 0.000767
0.004643 0.005572 0.005734 0.004962 0.003406 0.001958
0.002994 0.003560 0.003363 0.002604 0.001820 0.001009
0.005361 0.005937 0.005614 0.004089 0.002784 0.001579
0.001753 0.002178 0.002375 0.002283 0.002012 0.001367
0.004914 0.004879 0.004233 0.003456 0.002854 0.001875
0.003480 0.004529 0.004431 0.003460 0.002563 0.001622
0.005202 0.005619 0.004769 0.003413 0.002784 0.002288
0.002124 0.002921 0.003239 0.003011 0.002403 0.001370
0.004517 0.005386 0.005249 0.004020 0.002826 0.001751
0.003153 0.003760 0.003631 0.002852 0.002207 0.001587
0.005475 0.005938 0.005517 0.004304 0.002752 0.001498
0.002946 0.003445 0.003200 0.002551 0.001884 0.001128
0.004328 0.005343 0.005299 0.004407 0.003216 0.001877
0.003072 0.003760 0.003479 0.003215 0.002531 0.001682
0.005013 0.006184 0.006001 0.004867 0.003486 0.002518
0.004169 0.004594 0.004223 0.003585 0.002685 0.001703
0.003965 0.004509 0.004979 0.005597 0.005179 0.003698
0.005898 0.006136 0.005046 0.003615 0.003049 0.002065
0.001520 0.001921 0.001888 0.001637 0.001628 0.001192
0.003326 0.003903 0.003583 0.003379 0.002823 0.001870
0.003493 0.004069 0.004187 0.003586 0.002762 0.001801
0.005885 0.006825 0.006678 0.005041 0.003850 0.002606
0.005370 0.005915 0.006041 0.005229 0.004237 0.002957
0.004504 0.005683 0.005734 0.004648 0.003037 0.001663
0.008585 0.010147 0.010201 0.008742 0.005392 0.003157
0.005107 0.005803 0.005504 0.004154 0.002945 0.001771
0.008620 0.009354 0.009298 0.007939 0.005396 0.003316
0.007468 0.008266 0.007479 0.005439 0.003572 0.002133
0.003138 0.003419 0.003850 0.003664 0.002907 0.001746
0.002898 0.003315 0.003276 0.002827 0.002300 0.001388
0.008566 0.009513 0.008881 0.007074 0.004683 0.002769
0.004208 0.004992 0.004789 0.003895 0.002759 0.001573
0.008369 0.008961 0.008670 0.006414 0.003737 0.002034
0.006479 0.007382 0.008486 0.007774 0.006573 0.005326
0.002958 0.003548 0.003377 0.002957 0.002513 0.001615
0.005441 0.005716 0.004928 0.003602 0.002687 0.001913
0.007864 0.008402 0.008075 0.006548 0.004109 0.002307
0.007312 0.008171 0.008073 0.006040 0.003619 0.002516
0.006799 0.007496 0.007222 0.006017 0.005180 0.003566
0.008431 0.009220 0.009101 0.007082 0.004607 0.003027
0.005690 0.006467 0.006351 0.005030 0.003266 0.002259
0.007415 0.008856 0.008366 0.006042 0.003627 0.002066
0.005065 0.005451 0.004413 0.003578 0.003092 0.002500
0.003940 0.004523 0.004219 0.003245 0.002384 0.001360
0.007055 0.007628 0.006818 0.005236 0.003770 0.002270
0.004591 0.005337 0.005168 0.004812 0.004430 0.003135
0.005791 0.006959 0.007383 0.006856 0.005173 0.003388
0.008759 0.009026 0.009154 0.007427 0.004279 0.002541
0.004965 0.005512 0.005130 0.003945 0.003203 0.002050
0.013272 0.012607 0.011090 0.008209 0.005691 0.003760
0.003753 0.003904 0.003484 0.003293 0.002780 0.002077
0.008381 0.010190 0.009793 0.007383 0.004523 0.002678
0.002747 0.003405 0.003510 0.003214 0.002855 0.002006
0.006753 0.008049 0.007743 0.006157 0.004065 0.002295
0.005388 0.006280 0.006223 0.005222 0.003695 0.002132
0.007359 0.007874 0.007276 0.004997 0.002866 0.001623
0.002760 0.003180 0.002883 0.002017 0.001441 0.000922
0.002472 0.002946 0.002789 0.002071 0.001598 0.001087
0.009708 0.010077 0.009614 0.006982 0.004147 0.002471
0.008585 0.008999 0.008147 0.006025 0.003964 0.002301
0.002692 0.003250 0.003428 0.002916 0.002271 0.001357
0.006433 0.007406 0.007060 0.005753 0.003686 0.002267
0.003611 0.003804 0.003206 0.002796 0.002237 0.001386
0.008575 0.010435 0.010571 0.009075 0.005755 0.003350
0.003547 0.004441 0.004967 0.004639 0.003665 0.002559
0.007944 0.009637 0.009302 0.007652 0.004748 0.002654
0.003758 0.004221 0.004051 0.003350 0.002442 0.001384
0.010911 0.012506 0.013077 0.011404 0.007930 0.006828
0.003933 0.004437 0.004298 0.004212 0.003518 0.002140
0.004962 0.006603 0.006941 0.006668 0.005531 0.004070
0.003334 0.004246 0.004605 0.004374 0.003633 0.002464
0.009485 0.009837 0.007881 0.005955 0.004845 0.003345
0.002883 0.003232 0.002962 0.003252 0.003211 0.002389
0.007045 0.007731 0.007677 0.005902 0.003773 0.002430
0.009925 0.011083 0.010975 0.008595 0.005282 0.003162
0.006176 0.007115 0.006739 0.005392 0.003870 0.002407
0.009261 0.009843 0.009445 0.007821 0.004835 0.002807
0.010621 0.011067 0.010062 0.007294 0.004983 0.002963
0.006453 0.006615 0.006517 0.006156 0.004455 0.002710
0.012190 0.014939 0.016290 0.015408 0.011403 0.008343
0.008180 0.008711 0.008466 0.007161 0.004794 0.002889
0.007778 0.008792 0.008721 0.007778 0.005799 0.003794
0.012602 0.012062 0.010468 0.008299 0.005684 0.003962
0.007315 0.007157 0.006718 0.006665 0.005578 0.003999
0.010371 0.010586 0.009044 0.006402 0.004507 0.002769
0.006395 0.007666 0.009097 0.009711 0.008589 0.006548
0.005391 0.006000 0.006354 0.005882 0.004837 0.003972
0.012494 0.013444 0.014011 0.012588 0.008391 0.005384
0.012332 0.012897 0.012852 0.010858 0.007231 0.004519
0.005839 0.006952 0.006690 0.005695 0.004392 0.002832
0.011712 0.013183 0.013338 0.011440 0.007015 0.004152
0.002146 0.002560 0.002840 0.002710 0.002255 0.001351
0.011544 0.012514 0.011846 0.009399 0.005309 0.003006
0.007609 0.009354 0.009355 0.007518 0.005239 0.003393
0.005949 0.006207 0.007785 0.007843 0.006643 0.004996
0.008775 0.012049 0.012563 0.011673 0.007847 0.004817
0.003794 0.004081 0.003538 0.002799 0.002327 0.001835
0.011182 0.014230 0.014044 0.011777 0.007410 0.004377
0.005258 0.005360 0.004740 0.003485 0.003090 0.002251
0.002328 0.002861 0.003219 0.002851 0.002167 0.001752
0.008042 0.010355 0.011878 0.011753 0.008207 0.005282
0.003924 0.004566 0.004446 0.003395 0.002749 0.001681
0.015017 0.017913 0.017251 0.013817 0.008074 0.004940
0.003699 0.004172 0.003989 0.003304 0.002657 0.001769
0.011679 0.012676 0.011819 0.009909 0.006286 0.003758
0.004125 0.004684 0.004931 0.004792 0.003911 0.002453
0.009385 0.009547 0.009089 0.007174 0.005140 0.003416
0.007007 0.007587 0.007426 0.005565 0.003429 0.002036
0.010358 0.010503 0.010089 0.007490 0.004369 0.002769
0.008970 0.009672 0.009493 0.007132 0.004297 0.002970
0.011185 0.011615 0.009597 0.007451 0.005178 0.003119
0.011519 0.011603 0.010340 0.007419 0.004441 0.002720
0.010111 0.010375 0.009481 0.006895 0.003976 0.002421
0.009657 0.010942 0.011011 0.008658 0.005822 0.004247
0.007447 0.007971 0.008021 0.006495 0.004985 0.004131
0.011302 0.011802 0.010330 0.007252 0.003887 0.002305
0.003665 0.004035 0.003965 0.003239 0.002400 0.001618
0.012865 0.012949 0.011763 0.010322 0.007036 0.004435
0.006394 0.006881 0.006306 0.004371 0.002848 0.001662
0.006334 0.007677 0.007447 0.005689 0.003536 0.001986
0.010750 0.011228 0.011631 0.010685 0.007226 0.004644
0.003238 0.003787 0.004192 0.004180 0.003244 0.002458
0.009269 0.012209 0.012656 0.013301 0.010375 0.007353
0.009590 0.009560 0.008976 0.007719 0.006016 0.004167
0.015789 0.014557 0.014171 0.013057 0.009098 0.005918
0.009981 0.010667 0.010112 0.007605 0.005009 0.003199
0.016848 0.014456 0.012691 0.010749 0.007787 0.005598
0.010923 0.012552 0.012441 0.010345 0.007101 0.005011
0.010368 0.010719 0.008972 0.006631 0.005834 0.004129
0.041677 0.038260 0.031121 0.017649 0.008238 0.004531
0.004465 0.005188 0.004978 0.003874 0.002581 0.001487
0.009607 0.010740 0.011220 0.010472 0.008450 0.006291
0.007905 0.008994 0.008913 0.007473 0.005166 0.003290
0.004769 0.005783 0.006309 0.005859 0.005076 0.003804
0.016537 0.017067 0.016495 0.014402 0.010430 0.007319
0.008881 0.010107 0.010475 0.008621 0.005158 0.003023
0.006030 0.007926 0.008254 0.007620 0.005382 0.003270
0.006696 0.009656 0.010170 0.009644 0.007065 0.004590
0.011315 0.012866 0.012708 0.010282 0.006504 0.004610
0.013457 0.013042 0.012753 0.010107 0.005741 0.003410
0.011910 0.012469 0.012127 0.009495 0.005782 0.003702
0.011343 0.011552 0.010685 0.008185 0.005796 0.003917
0.010547 0.011184 0.010033 0.007733 0.005394 0.003510
0.009393 0.011713 0.013097 0.012554 0.008738 0.005738
0.004657 0.006090 0.006578 0.006366 0.004809 0.002999
0.015314 0.014473 0.013357 0.010825 0.007360 0.004822
0.023024 0.018640 0.016297 0.010630 0.009249 0.008033
0.015287 0.014497 0.014497 0.011666 0.007061 0.004717
0.015635 0.014654 0.014043 0.011854 0.007943 0.005121
0.006368 0.007733 0.008420 0.007634 0.005330 0.003329
0.012684 0.013224 0.012936 0.010084 0.006562 0.004332
0.005846 0.007755 0.008340 0.008619 0.007710 0.006124
0.033773 0.028269 0.018559 0.009308 0.006404 0.004274
0.009098 0.009881 0.009803 0.008121 0.005211 0.003389
0.019161 0.016951 0.015868 0.011769 0.006641 0.003919
0.024190 0.018321 0.014122 0.010141 0.006768 0.004326
0.008519 0.009268 0.009255 0.007128 0.004364 0.002537
0.007442 0.008022 0.007796 0.005711 0.003703 0.002580
0.017163 0.020516 0.020748 0.016944 0.009694 0.006021
0.007008 0.007351 0.007817 0.007793 0.006663 0.004851
0.014900 0.014387 0.012213 0.008814 0.006197 0.003969
0.007619 0.008520 0.009144 0.008920 0.007049 0.005142
0.016194 0.015681 0.014030 0.009423 0.005337 0.003180
0.007180 0.008212 0.008098 0.006670 0.004544 0.002829
0.013833 0.015588 0.015040 0.012494 0.008709 0.006000
0.015173 0.013619 0.012756 0.008926 0.005790 0.003566
0.011471 0.011901 0.010786 0.007512 0.004474 0.002698
0.014126 0.013507 0.013638 0.010236 0.005571 0.003366
0.008004 0.009628 0.009315 0.007514 0.004792 0.002714
0.004045 0.004439 0.005675 0.006055 0.005632 0.005026
0.017273 0.019266 0.018438 0.015554 0.012785 0.010869
0.019691 0.015469 0.014626 0.011554 0.007790 0.006221
0.022882 0.024662 0.024043 0.018673 0.010930 0.007202
0.012093 0.013129 0.013746 0.011565 0.009136 0.007685
0.040543 0.032851 0.020617 0.013975 0.009677 0.007060
0.019636 0.017367 0.016472 0.015348 0.010744 0.007510
0.013869 0.013051 0.009994 0.011122 0.010403 0.008775
0.015561 0.016004 0.016429 0.014525 0.009277 0.005689
0.007391 0.008031 0.007406 0.005176 0.003693 0.002555
0.018703 0.018625 0.015780 0.014352 0.010972 0.007760
0.010482 0.010958 0.011843 0.011160 0.007451 0.004512
0.006971 0.009403 0.010217 0.009720 0.008553 0.007170
0.017377 0.017067 0.016449 0.015707 0.012112 0.010572
0.011837 0.012567 0.011450 0.008832 0.005264 0.003222
0.008488 0.011113 0.011868 0.010559 0.006983 0.004204
0.009212 0.013729 0.014854 0.014419 0.010896 0.007613
0.012758 0.018250 0.019447 0.016888 0.011239 0.007415
0.025948 0.022344 0.017395 0.012353 0.007370 0.004653
0.021399 0.017793 0.015875 0.012444 0.007744 0.004640
0.056590 0.051803 0.040057 0.017900 0.009691 0.006018
0.018744 0.018113 0.015661 0.011710 0.007033 0.004629
0.013665 0.018421 0.018096 0.014601 0.010992 0.008229
0.006847 0.009630 0.009952 0.009156 0.006496 0.004090
0.020445 0.018463 0.018706 0.017206 0.011746 0.007983
0.033991 0.030390 0.021546 0.013241 0.010371 0.008858
0.016780 0.015743 0.015005 0.011974 0.008563 0.005335
0.030455 0.029099 0.025864 0.018767 0.010843 0.006760
0.010081 0.010896 0.009633 0.007439 0.005430 0.004533
0.021911 0.019854 0.019871 0.016080 0.009760 0.006566
0.020197 0.019893 0.020368 0.019084 0.015225 0.012473
0.060861 0.053796 0.028986 0.015487 0.010928 0.007605
0.011262 0.012866 0.013114 0.012451 0.009788 0.007673
0.022521 0.022187 0.015720 0.013200 0.009145 0.006021
0.051883 0.044370 0.024761 0.014298 0.009021 0.005520
0.013180 0.012655 0.013396 0.011652 0.007738 0.005086
0.008453 0.009713 0.009716 0.007996 0.004907 0.003039
0.027227 0.033865 0.038023 0.049706 0.057294 0.057283
0.006750 0.010049 0.012641 0.012631 0.010553 0.008110
0.018903 0.018087 0.016491 0.012930 0.008890 0.006393
0.010824 0.011478 0.010613 0.009017 0.008808 0.007304
0.022561 0.020357 0.019424 0.013065 0.006968 0.004157
0.017213 0.015798 0.014255 0.010193 0.006481 0.004439
0.031342 0.029776 0.023685 0.019023 0.013017 0.009263
0.066694 0.057160 0.040239 0.017827 0.008455 0.004952
0.023577 0.018712 0.015640 0.011531 0.008223 0.006025
0.025572 0.020970 0.017149 0.012139 0.006810 0.004395
0.009523 0.012837 0.013423 0.012063 0.007821 0.004940
0.005319 0.005569 0.006909 0.007067 0.006695 0.005850
0.023695 0.023035 0.021792 0.024280 0.024008 0.021126
0.029277 0.020625 0.017097 0.014618 0.012366 0.010238
0.029996 0.023010 0.024558 0.019234 0.013025 0.009885
0.038524 0.032025 0.025727 0.019845 0.013037 0.009577
0.038475 0.033136 0.026115 0.017707 0.013313 0.009922
0.028286 0.028174 0.025140 0.018701 0.014975 0.011578
0.023549 0.017485 0.012417 0.012200 0.011242 0.009931
0.057284 0.050308 0.041795 0.029367 0.016027 0.009218
0.008817 0.009100 0.009047 0.007093 0.004777 0.003585
0.030599 0.027462 0.023383 0.018164 0.012534 0.008510
0.013011 0.013623 0.013438 0.012527 0.009573 0.007767
0.009728 0.010111 0.011904 0.011875 0.012482 0.010994
0.010745 0.013589 0.019776 0.022475 0.021732 0.019617
0.032502 0.026203 0.020088 0.013596 0.008525 0.005581
0.020565 0.016708 0.014184 0.011889 0.008816 0.005877
0.010621 0.013330 0.017010 0.017059 0.014209 0.010713
0.013904 0.015684 0.016821 0.014061 0.008887 0.005714
0.021246 0.016489 0.013807 0.008374 0.005649 0.004340
0.029372 0.022631 0.020671 0.014487 0.009493 0.006309
0.082368 0.077622 0.071095 0.033604 0.011028 0.007033
0.019229 0.017102 0.014995 0.009148 0.006602 0.005139
0.019388 0.027085 0.028782 0.021462 0.012448 0.008257
0.008187 0.011773 0.012663 0.012260 0.009009 0.005891
0.019739 0.025539 0.025939 0.019618 0.014942 0.012079
0.032947 0.032756 0.030520 0.024594 0.013877 0.011849
0.060586 0.051687 0.044071 0.036466 0.030629 0.021452
0.036808 0.032832 0.031005 0.027025 0.016837 0.011221
0.011792 0.013358 0.013614 0.010257 0.007895 0.006251
0.043313 0.035921 0.025694 0.019982 0.013147 0.008833
0.035143 0.030736 0.024437 0.019980 0.015624 0.013501
0.111265 0.097598 0.063805 0.023653 0.013484 0.010184
0.018192 0.015959 0.015824 0.014483 0.013274 0.011992
0.058590 0.052164 0.040226 0.017602 0.010268 0.007163
0.089350 0.082198 0.050935 0.019105 0.012285 0.008229
0.024417 0.019018 0.014762 0.012150 0.009120 0.006649
0.010538 0.011450 0.010727 0.009139 0.006536 0.004792
0.031846 0.042545 0.046755 0.044158 0.027907 0.021582
0.011124 0.014765 0.018456 0.018092 0.014508 0.011627
0.031644 0.026317 0.018985 0.011400 0.007688 0.005923
0.019550 0.018050 0.016043 0.011087 0.006828 0.005283
0.027418 0.023112 0.018869 0.014027 0.008867 0.005529
0.015846 0.017567 0.017008 0.014123 0.010279 0.008216
0.014816 0.015304 0.016975 0.015822 0.011121 0.007387
0.073895 0.064599 0.046281 0.020562 0.011073 0.006884
0.032627 0.029082 0.020396 0.014456 0.011651 0.009514
0.025685 0.019061 0.013999 0.008556 0.005784 0.003875
0.010172 0.014999 0.017067 0.015882 0.011799 0.008664
0.007336 0.008226 0.009054 0.009241 0.008228 0.007214
0.018855 0.022750 0.030653 0.042835 0.061094 0.070893
0.039425 0.032412 0.021498 0.015191 0.014271 0.012231
0.037479 0.032949 0.028880 0.013267 0.006689 0.003766
0.049874 0.040970 0.025938 0.014753 0.009148 0.006494
0.097341 0.086939 0.069914 0.050317 0.024007 0.015671
0.028816 0.027314 0.025853 0.020695 0.017255 0.014768
0.029130 0.020467 0.015710 0.014815 0.013588 0.012413
0.096523 0.086196 0.074121 0.048064 0.020665 0.011717
0.012098 0.012950 0.011198 0.007461 0.004975 0.003584
0.035426 0.031882 0.029533 0.022321 0.016693 0.012988
0.018092 0.017743 0.017505 0.015341 0.016126 0.014870
0.016728 0.016594 0.015297 0.016061 0.016912 0.015556
0.013598 0.024577 0.042761 0.061400 0.067053 0.072209
0.076597 0.067725 0.047056 0.017538 0.011857 0.007812
0.083022 0.071268 0.045480 0.015570 0.007665 0.005180
0.017590 0.017888 0.016871 0.016686 0.014975 0.011977
0.019434 0.018665 0.015039 0.007443 0.005225 0.003162
0.032471 0.029220 0.022428 0.014547 0.007971 0.005526
0.045606 0.040192 0.031669 0.018204 0.011839 0.008238
0.016978 0.016709 0.016411 0.014637 0.010348 0.006880
0.027121 0.026648 0.023408 0.015624 0.009029 0.006476
0.028565 0.033916 0.036209 0.025449 0.013794 0.009172
0.008078 0.012615 0.014467 0.014601 0.011464 0.007916
0.023441 0.030200 0.031600 0.025339 0.015160 0.011849
0.045338 0.046669 0.044218 0.035963 0.018982 0.014232
0.011905 0.024854 0.028088 0.024783 0.017234 0.012713
0.048568 0.041734 0.033053 0.030527 0.019535 0.013023
0.020315 0.018599 0.015441 0.012344 0.010368 0.008449
0.115280 0.109864 0.092797 0.043267 0.010773 0.008224
0.056403 0.052212 0.048040 0.043923 0.034388 0.025860
0.137698 0.134537 0.087312 0.020250 0.012568 0.009214
0.030193 0.025340 0.020528 0.017144 0.013705 0.012359
0.031722 0.032903 0.032240 0.032341 0.071907 0.071171
0.271771 0.267780 0.219121 0.019267 0.010412 0.006480
0.032960 0.028557 0.017773 0.010942 0.009629 0.007619
0.013277 0.012807 0.012246 0.010052 0.008987 0.007004
0.049417 0.053553 0.060475 0.067832 0.094893 0.096361
0.029331 0.026314 0.028340 0.022303 0.016958 0.013078
0.037547 0.028654 0.017894 0.012040 0.008359 0.006503
0.029852 0.025125 0.021311 0.015137 0.009233 0.006514
0.044390 0.036482 0.023539 0.014886 0.008866 0.005624
0.019855 0.019170 0.018615 0.014432 0.010051 0.008282
0.025684 0.031311 0.032247 0.026783 0.015102 0.009800
0.168344 0.161250 0.132426 0.040143 0.011969 0.008328
0.058155 0.050563 0.035771 0.017183 0.012661 0.010360
0.054927 0.046875 0.023527 0.012742 0.009123 0.006632
0.014664 0.013760 0.014245 0.014813 0.013256 0.010805
