0.001983
0.001595
0.002425
0.002273
0.001563
0.002165
0.002321
0.002376
0.002784
0.001413
0.001668
0.002345
0.001672
0.002398
0.003131
0.001221
0.001823
0.003138
0.003190
0.001966
0.002609
0.001407
0.002327
0.002591
0.001985
0.002064
0.002181
0.002182
0.001625
0.001845
0.004259
0.001234
0.002801
0.003277
0.002432
0.001951
0.003218
0.001328
0.002762
0.002258
0.002104
0.003006
0.002998
0.002596
0.002451
0.002471
0.004050
0.002029
0.003561
0.004178
0.003627
0.004587
0.002267
0.002461
0.004083
0.001769
0.000923
0.003919
0.003589
0.002682
0.004963
0.003832
0.003439
0.004296
0.002526
0.002356
0.003410
0.004173
0.001813
0.004134
0.003205
0.002891
0.002420
0.004014
0.002378
0.003279
0.003074
0.003840
0.002833
0.003453
0.003499
0.001875
0.002641
0.003261
0.002156
0.003822
0.003543
0.001618
0.004158
0.003625
0.002509
0.003477
0.002827
0.002141
0.004553
0.002096
0.002228
0.004374
0.002269
0.003643
0.005665
0.002212
0.003783
0.002748
0.004459
0.004775
0.003626
0.002536
0.005191
0.002958
0.003563
0.005653
0.002328
0.003208
0.003786
0.003789
0.003773
0.002658
0.005175
0.003340
0.004145
0.003987
0.002913
0.004345
0.003293
0.004969
0.003599
0.004932
0.002300
0.005122
0.001819
0.005467
0.004663
0.002375
0.004660
0.003755
0.003845
0.005503
0.002180
0.006672
0.003201
0.004653
0.005340
0.005704
0.003100
0.006735
0.004062
0.003597
0.005545
0.004841
0.007422
0.007324
0.009337
0.007383
0.008586
0.002263
0.003638
0.007219
0.006665
0.005540
0.002819
0.006980
0.006837
0.006733
0.006629
0.005955
0.004469
0.007018
0.004357
0.006543
0.006977
0.003928
0.002737
0.007058
0.007827
0.002753
0.006424
0.006063
0.007600
0.003842
0.004428
0.005668
0.003007
0.006722
0.004714
0.007284
0.003434
0.006079
0.005637
0.006841
0.004323
0.006542
0.004893
0.007038
0.004520
0.006431
0.004790
0.007214
0.005621
0.006482
0.007404
0.003006
0.004959
0.005295
0.007916
0.007144
0.006864
0.011234
0.007134
0.011025
0.009451
0.004972
0.004523
0.010210
0.006057
0.010478
0.009315
0.004655
0.006692
0.009775
0.009517
0.008523
0.010364
0.007931
0.009697
0.006687
0.005731
0.008903
0.006405
0.008295
0.010786
0.006935
0.015264
0.005139
0.010911
0.004600
0.008923
0.007474
0.009269
0.004232
0.004115
0.011859
0.010374
0.004590
0.008285
0.004871
0.011458
0.005999
0.010452
0.005483
0.013690
0.005838
0.007940
0.005696
0.011076
0.004395
0.008885
0.012480
0.008077
0.011381
0.011701
0.008189
0.016568
0.009411
0.010294
0.013200
0.008145
0.011364
0.010535
0.007334
0.015026
0.013543
0.008028
0.014081
0.003931
0.013743
0.010324
0.009320
0.013305
0.005088
0.014788
0.006609
0.004265
0.012678
0.005810
0.017968
0.005258
0.013095
0.006021
0.010378
0.009145
0.012388
0.010915
0.013495
0.013212
0.012205
0.012069
0.009328
0.012335
0.005159
0.014814
0.008223
0.008683
0.012853
0.005356
0.013605
0.011264
0.016901
0.011554
0.015609
0.013210
0.011207
0.035070
0.006311
0.012078
0.009985
0.007427
0.017310
0.011486
0.009166
0.011084
0.013542
0.014926
0.014214
0.012050
0.011669
0.013250
0.007824
0.014777
0.021686
0.016372
0.016597
0.009318
0.014091
0.009573
0.032798
0.011536
0.017106
0.022939
0.010805
0.009126
0.021358
0.008896
0.014884
0.010160
0.017290
0.009371
0.016489
0.014852
0.013374
0.015478
0.010455
0.006895
0.019013
0.018916
0.024414
0.014693
0.039288
0.017662
0.015880
0.017037
0.009271
0.018381
0.012732
0.011284
0.018888
0.012961
0.012457
0.015634
0.019723
0.023731
0.017665
0.047465
0.017825
0.018894
0.010740
0.019122
0.031100
0.017889
0.031309
0.011813
0.021016
0.020181
0.050063
0.013749
0.021202
0.042265
0.015270
0.010773
0.034457
0.013662
0.017778
0.012658
0.021890
0.015970
0.028913
0.053141
0.022203
0.020571
0.013968
0.008115
0.024728
0.022078
0.028345
0.031649
0.035582
0.026355
0.022787
0.046374
0.010347
0.027661
0.015015
0.013503
0.021815
0.030475
0.020406
0.017851
0.017254
0.020407
0.026991
0.069937
0.016982
0.027385
0.013571
0.024296
0.031769
0.048375
0.030850
0.014303
0.040336
0.029447
0.093560
0.019128
0.053355
0.075367
0.020386
0.012807
0.042893
0.019103
0.024118
0.019625
0.022765
0.017798
0.016607
0.059872
0.030229
0.020500
0.016896
0.010207
0.061515
0.032030
0.035359
0.046067
0.087782
0.027529
0.027037
0.081133
0.013204
0.032290
0.019066
0.017306
0.051081
0.062384
0.076336
0.018948
0.019942
0.029906
0.041983
0.017210
0.024862
0.033171
0.015571
0.029614
0.043186
0.025481
0.043475
0.019705
0.102754
0.047562
0.118982
0.028082
0.031107
0.235681
0.028639
0.014951
0.058586
0.026816
0.035759
0.028301
0.034476
0.019880
0.028919
0.120773
0.053445
0.044084
0.015428
