0.101160
0.135938
0.112406
0.123539
0.087151
0.133852
0.107455
0.129756
0.160327
0.069576
0.140666
0.118083
0.098441
0.144595
0.169554
0.057767
0.104830
0.145590
0.151598
0.073600
0.151343
0.067464
0.114138
0.124621
0.089256
0.105778
0.121119
0.119295
0.097531
0.105092
0.166736
0.035175
0.125377
0.157999
0.124480
0.113968
0.186454
0.065328
0.144660
0.101108
0.145590
0.119340
0.140576
0.132559
0.149130
0.117490
0.214750
0.093486
0.170377
0.222161
0.185829
0.253830
0.129900
0.139969
0.224777
0.099848
0.077741
0.219217
0.182183
0.143544
0.262546
0.171515
0.198080
0.197975
0.168465
0.145071
0.179588
0.233554
0.089343
0.245984
0.152821
0.145809
0.139325
0.193496
0.131070
0.192522
0.193647
0.158732
0.162071
0.195659
0.213231
0.092535
0.129865
0.184365
0.090544
0.188882
0.205138
0.060938
0.224793
0.150878
0.112190
0.183896
0.160650
0.132306
0.223323
0.080409
0.136096
0.257644
0.119431
0.193852
0.398223
0.120638
0.196492
0.149771
0.285446
0.304622
0.222693
0.168913
0.257773
0.140061
0.183453
0.254782
0.132463
0.158343
0.173295
0.190420
0.188677
0.111718
0.266734
0.130253
0.230567
0.222011
0.147693
0.242091
0.156534
0.283937
0.170349
0.241840
0.141244
0.261649
0.102109
0.295959
0.280673
0.121802
0.220891
0.217161
0.217694
0.237842
0.104772
0.356718
0.172548
0.253447
0.296107
0.198743
0.169800
0.308511
0.217840
0.199444
0.345336
0.225599
0.341256
0.286470
0.410053
0.275223
0.374383
0.111213
0.195716
0.362556
0.483451
0.274979
0.141839
0.381875
0.304081
0.299524
0.396672
0.289735
0.238913
0.350926
0.231008
0.408008
0.338521
0.209269
0.141524
0.410200
0.409649
0.147427
0.299614
0.422347
0.466638
0.180461
0.234451
0.277193
0.162983
0.448735
0.224976
0.445021
0.183686
0.219574
0.295680
0.356957
0.217869
0.353630
0.327330
0.425694
0.279839
0.368476
0.269521
0.356681
0.464714
0.410317
0.410977
0.140021
0.286377
0.388432
0.452326
0.322420
0.329131
0.467258
0.321355
0.567581
0.511755
0.282531
0.272362
0.504539
0.332653
0.488616
0.649404
0.251141
0.455756
0.592712
0.475067
0.398798
0.417117
0.587984
0.533898
0.493872
0.389341
0.512663
0.353751
0.491293
0.407789
0.335842
0.427238
0.294810
0.545178
0.237330
0.478697
0.398117
0.496850
0.227514
0.202304
0.688784
0.431039
0.230445
0.541558
0.235017
0.362979
0.214924
0.570433
0.253391
0.451411
0.273415
0.595325
0.294298
0.572047
0.194898
0.384499
0.630252
0.713460
0.446395
0.635582
0.392907
0.519072
0.701698
0.311722
0.387042
0.600092
0.577822
0.803481
0.397199
0.770497
0.517149
0.379183
0.493726
0.173106
0.835975
0.489662
0.289935
0.768860
0.276703
0.769336
0.341746
0.191279
0.743141
0.272792
0.928771
0.367339
0.680480
0.305931
0.842309
0.441422
0.802022
0.444427
0.478878
0.619854
0.496873
0.562579
0.793033
0.670391
0.306980
0.497199
0.348679
0.443749
0.629977
0.241112
0.936747
0.477899
0.622263
0.393062
0.488037
0.581029
0.780783
1.306231
0.395710
0.812269
0.675539
0.554505
0.655594
0.494439
0.743500
0.515454
0.836647
0.693261
0.570947
0.724112
0.711886
0.845578
0.459444
0.470084
0.664623
0.781931
0.626795
0.385708
1.061955
0.434908
0.519881
0.556372
1.010876
0.626533
0.439379
0.343705
1.170208
0.756549
0.728473
0.579467
0.826611
0.546412
0.965078
0.729512
0.553335
0.733397
0.392094
0.361667
1.405120
0.716849
0.933395
0.589593
0.732055
0.871544
1.171174
1.959347
0.593565
1.218404
1.013308
0.831758
0.983391
0.741659
1.115250
0.773181
1.254970
1.039891
0.856421
1.086168
1.067828
1.268367
0.689167
0.705125
0.996934
1.172897
0.940192
0.578562
1.592933
0.652362
0.779821
0.834558
1.516314
0.939799
0.659069
0.515557
1.755313
1.134823
1.092709
0.869200
1.239917
0.819618
1.447617
1.094268
0.830002
1.100095
0.588140
0.482223
1.873494
0.955798
1.244527
0.786124
0.976074
1.162058
1.561566
2.612462
0.791420
1.624539
1.351077
1.109011
1.311188
0.988879
1.487001
1.030908
1.673294
1.386522
1.141894
1.448223
1.423771
1.691156
0.918889
0.940167
1.329246
1.563863
1.253589
0.771416
2.123911
0.869816
1.039761
1.112745
2.021752
1.253066
0.878759
0.687409
2.340417
1.513097
1.456945
1.158934
1.653222
1.092825
1.930156
1.459023
1.106669
1.466793
0.784187
0.602779
2.341867
1.194748
1.555658
0.982656
1.220092
1.452573
1.951957
3.265578
0.989275
2.030673
1.688847
1.386264
1.638985
1.236098
1.858751
1.288635
2.091617
1.733152
1.427368
1.810279
1.779714
2.113945
1.148611
1.175209
1.661557
1.954829
1.566986
0.964270
2.654888
1.087269
1.299701
1.390931
2.527190
1.566332
1.098448
0.859262
2.925521
1.891372
1.821181
1.448667
2.066528
1.366031
2.412695
1.823779
1.383337
1.833491
0.980234
