0.001524
0.001124
0.001692
0.001729
0.000869
0.001677
0.001791
0.001841
0.002169
0.001048
0.001122
0.001773
0.001197
0.001699
0.002129
0.000912
0.001404
0.002379
0.002439
0.001325
0.002124
0.000984
0.001585
0.001887
0.001292
0.001549
0.001719
0.001624
0.001229
0.001450
0.002408
0.000961
0.002053
0.002448
0.001821
0.001547
0.002406
0.000953
0.002125
0.001462
0.001560
0.002306
0.002044
0.001861
0.001777
0.001850
0.002918
0.001553
0.002764
0.003240
0.002700
0.003609
0.001698
0.001944
0.003186
0.001305
0.000615
0.002858
0.002723
0.002032
0.003720
0.002829
0.002683
0.003171
0.001857
0.001775
0.002664
0.003073
0.001329
0.003107
0.002302
0.002096
0.001837
0.002965
0.001754
0.002380
0.002228
0.002992
0.002052
0.002339
0.002708
0.001367
0.002027
0.002409
0.001596
0.002956
0.002660
0.001217
0.003089
0.002559
0.001897
0.002691
0.002187
0.001573
0.003276
0.001616
0.001742
0.003288
0.001768
0.002776
0.004151
0.001686
0.002667
0.002032
0.003385
0.003407
0.002566
0.001832
0.003861
0.002257
0.002611
0.004055
0.001770
0.002445
0.002790
0.002774
0.002648
0.001974
0.003900
0.002394
0.003225
0.002906
0.002168
0.002996
0.002502
0.003754
0.002776
0.003581
0.001629
0.003747
0.001312
0.004228
0.003398
0.001741
0.003458
0.002875
0.002774
0.003854
0.001670
0.004652
0.002432
0.003354
0.003933
0.004218
0.002278
0.004645
0.003196
0.002886
0.004148
0.003501
0.005092
0.005024
0.006703
0.005475
0.005827
0.001650
0.002541
0.005296
0.005090
0.004319
0.002039
0.004798
0.004732
0.005126
0.004903
0.004519
0.003427
0.005001
0.003340
0.004701
0.004968
0.003004
0.002017
0.005424
0.005734
0.001917
0.004468
0.004322
0.005554
0.002780
0.003380
0.004458
0.002177
0.005011
0.003537
0.005076
0.002616
0.004026
0.004048
0.004759
0.003313
0.004869
0.003578
0.005067
0.003375
0.004789
0.003580
0.005130
0.004212
0.004607
0.004596
0.002210
0.003727
0.004050
0.005636
0.005142
0.005216
0.008450
0.005104
0.007739
0.006476
0.003730
0.003471
0.007500
0.004545
0.007109
0.006961
0.003458
0.004675
0.006620
0.006760
0.006163
0.007456
0.005570
0.006897
0.004451
0.004165
0.006107
0.004897
0.006358
0.007222
0.004830
0.009195
0.003588
0.007768
0.003546
0.006536
0.005652
0.006177
0.003080
0.002947
0.007764
0.007079
0.003432
0.005951
0.003451
0.008739
0.004437
0.007703
0.004169
0.009811
0.004126
0.006003
0.004468
0.006950
0.003251
0.006392
0.008715
0.005671
0.007586
0.008146
0.006065
0.012606
0.006929
0.007263
0.008657
0.006020
0.007834
0.007664
0.005537
0.010931
0.009922
0.005716
0.010679
0.002946
0.009439
0.007268
0.006992
0.009698
0.003687
0.010861
0.004675
0.002991
0.009392
0.004196
0.012901
0.003815
0.009638
0.004766
0.007609
0.006249
0.007941
0.007541
0.008217
0.008542
0.007920
0.008659
0.006764
0.008685
0.003790
0.009859
0.005531
0.006333
0.009482
0.003723
0.009865
0.007967
0.011563
0.007958
0.011143
0.009889
0.007673
0.025138
0.004734
0.008956
0.007285
0.005620
0.013500
0.008398
0.006871
0.008350
0.009725
0.010235
0.009737
0.008557
0.008025
0.010414
0.005950
0.010334
0.013383
0.010997
0.011574
0.006975
0.010074
0.007198
0.015561
0.008052
0.012067
0.012327
0.007607
0.006286
0.015093
0.006813
0.010253
0.007304
0.011484
0.006739
0.012438
0.009749
0.008866
0.010272
0.007647
0.004610
0.013110
0.011952
0.016680
0.011950
0.019851
0.012792
0.009466
0.012313
0.006413
0.012938
0.009087
0.009148
0.013572
0.009589
0.009127
0.011475
0.013871
0.013976
0.012266
0.031547
0.012090
0.013523
0.008140
0.013933
0.019077
0.011925
0.013789
0.008158
0.016956
0.015927
0.043345
0.010284
0.020674
0.026047
0.010640
0.007662
0.022657
0.010163
0.013860
0.008734
0.012211
0.011407
0.027193
0.054747
0.013143
0.014685
0.009937
0.005625
0.015160
0.014968
0.016867
0.026433
0.038721
0.017109
0.012858
0.037581
0.007446
0.018251
0.010821
0.011072
0.019191
0.020145
0.015549
0.012313
0.012333
0.012649
0.015019
0.017730
0.011741
0.018286
0.009910
0.016717
0.024420
0.034640
0.018832
0.009996
0.023072
0.021869
0.017055
0.017352
0.030384
0.355442
0.012605
0.008678
0.030142
0.014429
0.015422
0.012574
0.015966
0.012894
0.055753
0.079956
0.021079
0.019779
0.013204
0.007582
0.027299
0.020818
0.018227
0.025188
0.067814
0.024850
0.020735
0.135000
0.008931
0.021524
0.013720
0.011973
0.028137
0.061191
0.055145
0.013505
0.016803
0.234431
0.040034
0.012855
0.012640
0.021919
0.011010
0.021627
0.031296
0.017899
0.022271
0.016248
0.060321
0.049684
0.033738
0.016659
0.081434
0.066512
0.017248
0.010402
0.045234
0.020995
0.016763
0.017796
0.023617
0.014314
0.039601
0.019975
0.063798
0.028360
0.010898
