0.000233 0.000103 3.4e-05 3.4e-05 6.9e-05 0.000345
0.0002 0.000103 0.000103 0.000103 6.9e-05 0.000276
0.0003 0.000172 6.9e-05 6.9e-05 3.4e-05 0.00031
0.000267 0.000138 0.000138 0.000103 6.9e-05 0.000276
0.0002 6.9e-05 3.4e-05 3.4e-05 3.4e-05 0.000345
0.000267 0.000138 3.4e-05 3.4e-05 3.4e-05 0.000276
0.000267 0.000207 0.000207 0.000172 0.000138 0.00031
0.000267 0.000207 0.000207 0.000172 0.000138 0.00031
0.000367 0.000241 0.000207 0.000172 0.000138 0.00031
0.000233 0.000276 0.000276 0.000241 0.000172 0.000276
0.0002 6.9e-05 6.9e-05 6.9e-05 3.4e-05 0.000276
0.000267 0.000138 3.4e-05 3.4e-05 3.4e-05 0.000276
0.000233 0.000103 3.4e-05 3.4e-05 3.4e-05 0.000276
0.000267 0.000138 0.0 3.4e-05 3.4e-05 0.000276
0.0003 0.000138 6.9e-05 6.9e-05 3.4e-05 0.000276
0.0002 0.000103 6.9e-05 6.9e-05 6.9e-05 0.000276
0.000233 0.000241 0.000241 0.000241 0.000172 0.00031
0.000333 0.000241 0.000207 0.000172 0.000138 0.000345
0.000333 0.000172 3.4e-05 3.4e-05 3.4e-05 0.000345
0.000233 0.000103 6.9e-05 6.9e-05 3.4e-05 0.00031
0.0003 0.000172 6.9e-05 6.9e-05 3.4e-05 0.000276
0.000133 3.4e-05 6.9e-05 6.9e-05 6.9e-05 0.000276
0.000233 0.000103 6.9e-05 0.000103 0.000103 0.000172
0.000233 0.000103 3.4e-05 6.9e-05 0.000138 0.000414
0.000267 0.000138 0.000103 6.9e-05 6.9e-05 0.000276
0.000233 0.000103 0.000103 0.000103 6.9e-05 0.00031
0.000267 0.000172 0.000138 0.000138 0.000103 0.00031
0.000267 0.000172 0.000103 6.9e-05 6.9e-05 0.000241
0.000233 0.000103 3.4e-05 3.4e-05 3.4e-05 0.000276
0.000233 0.000103 3.4e-05 6.9e-05 0.000103 0.000345
0.0004 0.000207 0.000207 0.000241 0.000172 0.000379
0.0002 0.000172 0.000172 0.000138 0.000103 0.000207
0.0003 0.000172 0.000103 6.9e-05 6.9e-05 0.000345
0.000333 0.000172 0.000103 0.000103 6.9e-05 0.00031
0.000267 0.000138 0.000103 6.9e-05 6.9e-05 0.00031
0.000233 0.000138 6.9e-05 6.9e-05 6.9e-05 0.000207
0.0004 0.000207 0.000103 6.9e-05 6.9e-05 0.000345
0.0002 0.000207 0.000207 0.000207 0.000138 0.000276
0.000333 0.000172 0.000103 6.9e-05 6.9e-05 0.000241
0.000233 0.000103 0.000103 0.000103 0.000103 0.000345
0.000267 0.000138 6.9e-05 3.4e-05 6.9e-05 0.00031
0.000333 0.000172 6.9e-05 6.9e-05 0.000103 0.000379
0.000333 0.000172 0.000103 0.000103 6.9e-05 0.00031
0.000267 0.000138 0.000103 0.000103 6.9e-05 0.000345
0.000367 0.000483 0.000483 0.000414 0.00031 0.00031
0.0003 0.000172 0.000138 0.000138 0.000103 0.00031
0.000433 0.000207 0.000172 0.000172 0.000138 0.000379
0.000267 0.000138 6.9e-05 6.9e-05 6.9e-05 0.000241
0.0004 0.000517 0.000517 0.000483 0.000379 0.000379
0.000433 0.000414 0.000379 0.000345 0.000276 0.000448
0.000433 0.000621 0.000621 0.000552 0.000448 0.000379
0.000567 0.000828 0.000862 0.000759 0.000586 0.000483
0.000267 0.000138 3.4e-05 3.4e-05 3.4e-05 0.000276
0.0003 0.000138 3.4e-05 6.9e-05 0.000103 0.000379
0.000433 0.00031 0.000276 0.000241 0.000207 0.000276
0.000233 0.000103 0.0 3.4e-05 3.4e-05 0.000276
0.000167 3.4e-05 0.0 0.0 0.0 0.000241
0.0004 0.000207 0.000103 0.000103 0.000103 0.00031
0.000367 0.000172 0.000138 0.000103 0.000103 0.000379
0.000367 0.000448 0.000448 0.000379 0.000276 0.00031
0.000533 0.000345 0.000138 0.000103 0.000103 0.000345
0.000367 0.000138 3.4e-05 6.9e-05 0.000103 0.000345
0.000367 0.000207 3.4e-05 3.4e-05 3.4e-05 0.000345
0.000433 0.000207 3.4e-05 6.9e-05 0.000138 0.000414
0.0003 0.000138 3.4e-05 3.4e-05 6.9e-05 0.00031
0.000267 0.000138 3.4e-05 3.4e-05 6.9e-05 0.00031
0.000367 0.000172 3.4e-05 6.9e-05 0.000103 0.000379
0.000433 0.000241 6.9e-05 0.000103 0.000103 0.000379
0.000233 0.000103 6.9e-05 6.9e-05 3.4e-05 0.000276
0.000467 0.000276 0.000103 0.000103 0.000103 0.000345
0.000367 0.000207 6.9e-05 3.4e-05 3.4e-05 0.00031
0.000267 0.000241 0.000276 0.000241 0.000172 0.00031
0.0003 0.00031 0.000345 0.000276 0.000241 0.00031
0.000467 0.000379 0.000345 0.00031 0.000276 0.000414
0.000267 0.000207 0.000172 0.000172 0.000138 0.000345
0.000333 0.000172 3.4e-05 3.4e-05 6.9e-05 0.000345
0.000333 0.000172 0.000103 6.9e-05 6.9e-05 0.00031
0.000367 0.000172 0.000138 0.000138 0.000138 0.000414
0.0003 0.000207 0.000172 0.000138 0.000103 0.00031
0.000333 0.000172 0.000103 0.000103 6.9e-05 0.000241
0.000467 0.000655 0.00069 0.000586 0.000483 0.000414
0.000267 0.00031 0.00031 0.000276 0.000207 0.000276
0.0003 0.000241 0.000207 0.000172 0.000138 0.000207
0.000333 0.000276 0.000276 0.000241 0.000172 0.00031
0.000267 0.000138 3.4e-05 3.4e-05 6.9e-05 0.000276
0.0004 0.000241 0.000138 0.000103 0.000103 0.00031
0.000367 0.000207 0.000103 0.000103 0.000103 0.000345
0.000233 0.000138 0.000138 0.000103 0.000103 0.000276
0.000433 0.000414 0.000414 0.000345 0.000276 0.000345
0.000367 0.000207 0.000103 0.000103 0.000103 0.000345
0.0003 0.000172 0.000103 0.000103 6.9e-05 0.00031
0.0004 0.000241 0.000172 0.000138 0.000138 0.000345
0.000267 0.000172 0.000138 0.000138 0.000103 0.000345
0.000233 0.000138 0.000103 6.9e-05 6.9e-05 0.000276
0.0004 0.000241 0.000172 0.000172 0.000138 0.000483
0.000267 0.000138 6.9e-05 3.4e-05 3.4e-05 0.000241
0.000267 0.000207 0.000172 0.000172 0.000138 0.000276
0.000433 0.000276 0.000241 0.000207 0.000172 0.000345
0.000233 0.000138 3.4e-05 3.4e-05 3.4e-05 0.000276
0.0004 0.000241 0.000103 6.9e-05 3.4e-05 0.00031
0.000833 0.000724 0.00069 0.000621 0.000483 0.000483
0.0005 0.000828 0.000862 0.000759 0.000586 0.000448
0.0004 0.000276 0.000138 0.000103 6.9e-05 0.000241
0.000333 0.000207 6.9e-05 3.4e-05 3.4e-05 0.000276
0.000333 0.000207 0.000207 0.000207 0.000207 0.000552
0.0006 0.000517 0.000483 0.000448 0.000345 0.000414
0.0004 0.000207 0.000103 0.000103 0.000138 0.000379
0.0003 0.000172 0.000138 0.000138 0.000103 0.00031
0.000533 0.00031 0.000103 6.9e-05 6.9e-05 0.00031
0.0003 0.000207 0.000103 6.9e-05 3.4e-05 0.000276
0.000333 0.000241 0.000207 0.000207 0.000172 0.000379
0.000833 0.000517 0.000345 0.000345 0.00031 0.000517
0.0003 0.000172 0.000138 0.000138 0.000103 0.00031
0.000333 0.000172 6.9e-05 6.9e-05 3.4e-05 0.000345
0.000633 0.001 0.001034 0.000931 0.000724 0.000552
0.000567 0.000793 0.000862 0.000759 0.000586 0.000448
0.0003 0.000103 3.4e-05 6.9e-05 0.000103 0.000345
0.000267 0.000103 3.4e-05 3.4e-05 6.9e-05 0.00031
0.0005 0.000241 0.000138 0.000172 0.000241 0.000483
0.0003 0.000207 0.000207 0.000172 0.000172 0.000448
0.0004 0.00031 0.000276 0.000276 0.000207 0.000414
0.0004 0.000241 0.000103 0.000103 0.000103 0.000345
0.000333 0.000172 0.000103 0.000103 0.000103 0.00031
0.000533 0.00031 0.000207 0.000172 0.000138 0.000345
0.000267 6.9e-05 6.9e-05 0.000103 0.000138 0.000414
0.000567 0.00031 0.000103 3.4e-05 6.9e-05 0.000414
0.000367 0.000379 0.000345 0.00031 0.000241 0.000241
0.000433 0.000241 0.000103 0.000103 0.000103 0.000379
0.000267 0.000103 6.9e-05 6.9e-05 6.9e-05 0.00031
0.0004 0.000379 0.000414 0.000379 0.000276 0.000414
0.000233 0.000138 0.000138 0.000103 6.9e-05 0.000276
0.0006 0.000379 0.000138 6.9e-05 0.000138 0.000448
0.000633 0.000793 0.000828 0.000759 0.000586 0.000517
0.0003 0.000345 0.000345 0.00031 0.000241 0.00031
0.000533 0.00031 6.9e-05 6.9e-05 0.000172 0.000448
0.000433 0.000241 0.000138 0.000138 0.000103 0.000345
0.0004 0.000414 0.000414 0.000345 0.000276 0.000379
0.0007 0.000379 0.000207 0.000241 0.000207 0.000414
0.000267 0.000138 6.9e-05 6.9e-05 6.9e-05 0.000276
0.000933 0.000448 0.000172 0.000414 0.000414 0.000552
0.000333 0.000276 0.000241 0.000241 0.000172 0.000379
0.0005 0.00031 0.000138 0.000103 0.000138 0.000379
0.000833 0.00069 0.000586 0.000552 0.000414 0.000414
0.000667 0.000448 0.000379 0.000345 0.000276 0.000414
0.000333 0.000172 3.4e-05 6.9e-05 0.000103 0.000379
0.001167 0.000655 0.000241 0.000552 0.000552 0.000621
0.0004 0.00031 0.00031 0.000276 0.000241 0.000448
0.000367 0.000241 0.000207 0.000207 0.000138 0.00031
0.000667 0.000414 0.000241 0.000207 0.000172 0.000379
0.000433 0.000172 0.000103 0.000138 0.000138 0.000379
0.001133 0.000586 0.000138 0.00031 0.000345 0.000552
0.001767 0.001034 0.000207 0.000897 0.001069 0.001034
0.002467 0.001414 0.000586 0.001241 0.001448 0.001483
0.0011 0.000621 6.9e-05 0.000345 0.000379 0.000586
0.001567 0.000931 0.000276 0.000345 0.00031 0.000483
0.0003 0.000345 0.000345 0.000276 0.000207 0.000276
0.0004 0.00031 0.000276 0.000241 0.000172 0.000379
0.000467 0.000448 0.000552 0.000517 0.000448 0.000586
0.0007 0.000379 0.000207 0.00031 0.000483 0.000931
0.0007 0.000448 0.000241 0.000207 0.000172 0.000483
0.0003 0.000172 0.000138 0.000103 0.000103 0.000276
0.000667 0.000207 0.000172 0.000241 0.000241 0.000552
0.000833 0.000621 0.000586 0.000552 0.000414 0.000414
0.000867 0.000552 0.000207 0.000172 0.000172 0.000448
0.000733 0.000379 0.000138 0.000241 0.000414 0.000655
0.000867 0.000483 0.000138 0.000103 0.000276 0.000966
0.000433 0.000207 6.9e-05 0.000138 0.000172 0.000448
0.001267 0.000793 0.000241 0.000448 0.000552 0.00069
0.0005 0.00031 0.000207 0.000172 0.000138 0.00031
0.000933 0.000414 0.00031 0.000414 0.000379 0.000552
0.000767 0.000517 0.000483 0.000448 0.000345 0.000414
0.000433 0.000552 0.000552 0.000483 0.000379 0.000448
0.0003 0.000207 0.000207 0.000172 0.000138 0.000345
0.0007 0.000379 0.000172 0.000276 0.000448 0.000759
0.000767 0.00031 0.000379 0.000621 0.000621 0.000724
0.0003 0.00031 0.00031 0.000276 0.000207 0.000345
0.001 0.000517 0.000414 0.000586 0.000621 0.000724
0.000767 0.000448 0.000172 0.000207 0.000207 0.000414
0.000833 0.000655 0.000241 0.000172 0.00069 0.001414
0.0004 0.000241 0.000172 0.000138 0.000103 0.000379
0.000433 0.000241 0.000138 0.000103 0.000103 0.000345
0.000733 0.000483 0.00031 0.000241 0.000172 0.000379
0.000333 0.000207 0.000207 0.000172 0.000138 0.000345
0.000867 0.000448 0.000103 0.00031 0.000414 0.000621
0.0005 0.000276 0.000103 0.000103 0.000138 0.000414
0.001133 0.000655 0.000241 0.00031 0.000345 0.000552
0.000367 0.000241 0.000138 0.000103 6.9e-05 0.000276
0.000533 0.000207 0.000138 0.000138 0.000138 0.000414
0.0005 0.000517 0.000517 0.000483 0.000379 0.000448
0.001 0.000586 0.000345 0.000276 0.000207 0.00031
0.000333 0.000207 0.000172 0.000138 0.000138 0.000414
0.000867 0.000552 0.000172 0.000103 0.000172 0.000517
0.000467 0.000207 3.4e-05 0.000103 0.000138 0.000483
0.001133 0.000621 0.000103 0.000345 0.00031 0.000483
0.000467 0.000241 0.000172 0.000138 0.000138 0.000379
0.000667 0.00031 0.000276 0.00031 0.000379 0.000655
0.0004 0.000241 0.000138 0.000138 0.000103 0.000448
0.0004 0.000276 0.000414 0.000345 0.000276 0.000483
0.000633 0.000414 0.000172 0.000172 0.000138 0.000414
0.000867 0.000552 0.000207 0.000172 0.000379 0.001069
0.0011 0.000552 0.000207 0.000207 0.000172 0.000448
0.000333 0.000172 0.000138 0.000103 0.000103 0.000414
0.000567 0.000345 0.000241 0.000241 0.000172 0.000241
0.000567 0.000276 6.9e-05 3.4e-05 3.4e-05 0.000414
0.001367 0.00069 0.000207 0.000586 0.000621 0.000793
0.001267 0.000724 0.000241 0.000241 0.00031 0.000793
0.001 0.000828 0.000724 0.000621 0.000448 0.000379
0.002233 0.001793 0.000897 0.000517 0.000586 0.000931
0.001167 0.000828 0.000586 0.000483 0.000414 0.000483
0.0025 0.00169 0.00069 0.000724 0.001069 0.001241
0.002267 0.001483 0.000276 0.000483 0.000621 0.000828
0.000533 0.000276 0.000241 0.000241 0.000276 0.000586
0.0006 0.000414 0.000414 0.000379 0.00031 0.000517
0.000433 0.000517 0.00131 0.001483 0.00131 0.001207
0.0007 0.000345 0.000207 0.000276 0.000379 0.000586
0.002433 0.001552 0.000172 0.000552 0.00069 0.000793
0.0013 0.000931 0.000483 0.000241 0.000552 0.00169
0.000467 0.000276 0.000172 0.000138 0.000138 0.000414
0.0006 0.000207 0.000172 0.000207 0.000172 0.000517
0.001767 0.000897 0.00031 0.000828 0.000862 0.000862
0.0019 0.001138 0.000207 0.000448 0.000517 0.000759
0.001967 0.001207 0.00031 0.000621 0.000966 0.001345
0.0022 0.001069 0.000586 0.001172 0.001345 0.001517
0.001367 0.000586 0.00031 0.000586 0.000621 0.000793
0.001 0.000276 0.000586 0.000897 0.000759 0.000759
0.000933 0.000552 0.000103 6.9e-05 0.000276 0.000793
0.0007 0.000379 0.000172 0.000207 0.000207 0.000483
0.001467 0.000828 0.000172 0.000483 0.000621 0.000793
0.000633 0.000414 0.000345 0.000345 0.000379 0.000862
0.0014 0.000862 0.00069 0.000759 0.000862 0.001241
0.003133 0.001724 0.000759 0.001379 0.001586 0.001448
0.0012 0.000724 0.000103 0.000379 0.000448 0.00069
0.004267 0.00269 0.001828 0.001621 0.001241 0.001069
0.000967 0.00131 0.001345 0.001207 0.000966 0.000759
0.000567 0.000345 0.000931 0.001241 0.001138 0.001103
0.000433 0.000276 0.000138 0.000103 6.9e-05 0.000276
0.000567 6.9e-05 0.000793 0.001034 0.001 0.001034
0.0011 0.000724 0.000138 0.000103 0.000138 0.000414
0.001567 0.00069 0.000379 0.000655 0.000483 0.000517
0.000433 0.000345 0.000345 0.00031 0.000241 0.000379
0.000567 0.000379 0.000241 0.000207 0.000138 0.00031
0.002667 0.001655 0.000207 0.000862 0.000931 0.000931
0.002033 0.001069 0.000207 0.000793 0.000793 0.000828
0.000467 0.000276 0.000103 0.000103 0.000138 0.000448
0.0012 0.000586 0.000241 0.000552 0.000552 0.000724
0.000533 0.000655 0.000655 0.000586 0.000448 0.000448
0.0028 0.002069 0.000862 6.9e-05 0.000379 0.000621
0.000767 0.000448 0.000138 6.9e-05 0.000138 0.000586
0.0007 0.000724 0.001069 0.001345 0.001241 0.001172
0.000767 0.000448 0.00031 0.00031 0.000276 0.000483
0.003533 0.002103 0.000448 0.000621 0.001034 0.002
0.001067 0.00069 0.00031 0.000448 0.000621 0.000862
0.000967 0.000793 0.000828 0.000862 0.001034 0.001586
0.0005 0.000517 0.000552 0.000517 0.000414 0.000586
0.002233 0.001517 0.00069 0.000517 0.000345 0.000793
0.0006 0.000345 0.000172 0.000172 0.000241 0.000655
0.001567 0.000724 0.000448 0.000931 0.001 0.001103
0.003133 0.002241 0.000517 0.000655 0.001069 0.001172
0.001767 0.001207 0.000586 0.000517 0.000517 0.000759
0.003133 0.001862 0.001 0.001103 0.001414 0.001483
0.002033 0.001552 0.001483 0.001448 0.001138 0.000897
0.0012 0.000793 0.000483 0.000345 0.00031 0.00069
0.0046 0.004103 0.003034 0.002241 0.001138 0.000448
0.0015 0.000966 0.000241 6.9e-05 0.000138 0.000586
0.0025 0.001517 0.000517 0.000724 0.001172 0.001517
0.0023 0.000759 0.000931 0.001172 0.001241 0.001724
0.001233 0.00069 0.000345 0.000552 0.001034 0.00169
0.0017 0.000586 0.001 0.001483 0.001276 0.001207
0.0017 0.001414 0.001138 0.000966 0.001379 0.002931
0.001 0.000552 0.000345 0.00031 0.000241 0.00069
0.005 0.003552 0.001276 0.00031 0.001034 0.001379
0.003667 0.001517 0.00131 0.002414 0.002655 0.002655
0.001233 0.000862 0.000379 0.000172 6.9e-05 0.000345
0.003867 0.003276 0.001897 0.000793 0.000172 0.00069
0.000367 0.000207 0.000103 0.000138 0.000207 0.000483
0.0035 0.002207 0.000621 0.001241 0.001552 0.001414
0.002067 0.001172 0.000138 0.000862 0.001 0.001069
0.001267 0.000931 0.000793 0.000828 0.000448 0.000759
0.001667 0.000828 0.000517 0.001483 0.002 0.002172
0.000467 0.000276 0.000276 0.000276 0.000241 0.000517
0.0007 0.000966 0.002207 0.002862 0.002793 0.002483
0.001 0.000448 0.000379 0.000414 0.000414 0.000655
0.0004 0.00031 0.000276 0.000241 0.000207 0.000345
0.0021 0.001897 0.001069 0.000483 0.000345 0.00131
0.000767 0.000379 0.000138 0.00031 0.000379 0.000655
0.000333 0.001862 0.003483 0.003931 0.003448 0.002655
0.0007 0.000724 0.000724 0.000655 0.000517 0.000517
0.000733 0.000379 0.001586 0.002103 0.002034 0.001897
0.000733 0.000483 0.000379 0.000345 0.000276 0.000483
0.001167 0.000483 0.000517 0.000655 0.000621 0.000897
0.001933 0.001241 0.000379 0.000414 0.000655 0.000862
0.004 0.002345 0.000759 0.001379 0.001724 0.001724
0.002533 0.001448 0.000172 0.000724 0.000793 0.001
0.002933 0.001552 0.000379 0.001103 0.001103 0.001172
0.002633 0.001207 0.000862 0.001483 0.001138 0.000931
0.0027 0.001241 0.000483 0.001207 0.001172 0.001103
0.002967 0.001345 0.000966 0.002069 0.00231 0.002483
0.001767 0.001034 0.000138 0.000276 0.000345 0.000862
0.002133 0.000724 0.000931 0.001448 0.001207 0.001034
0.000533 0.000345 0.000345 0.00031 0.000276 0.000517
0.003667 0.002483 0.000966 0.000552 0.000207 0.000517
0.001567 0.000793 0.000345 0.000759 0.000724 0.000793
0.001867 0.001483 0.001138 0.000931 0.000724 0.00069
0.002967 0.002 0.000931 0.00069 0.000793 0.001724
0.0006 0.000345 0.000207 0.000207 0.000207 0.000517
0.002133 0.00169 0.000759 0.000207 0.000517 0.002034
0.002367 0.001276 0.000103 0.000172 0.000103 0.000621
0.004933 0.003483 0.001172 0.000172 0.000655 0.00131
0.002467 0.001241 0.000793 0.000931 0.000931 0.001103
0.0042 0.001621 0.002034 0.002276 0.001793 0.002207
0.002767 0.001103 0.000931 0.001862 0.002103 0.002517
0.0017 0.000724 0.001138 0.001069 0.000966 0.001517
0.027333 0.028931 0.024966 0.015276 0.007207 0.004241
0.001433 0.001828 0.001828 0.001621 0.001241 0.000931
0.002833 0.001897 0.000517 0.000414 0.001069 0.001862
0.0019 0.001138 3.4e-05 0.000586 0.000724 0.001
0.001133 0.000931 0.000621 0.000448 0.000345 0.000448
0.002433 0.000276 0.003103 0.003759 0.003724 0.003862
0.002567 0.001793 0.000448 0.000414 0.000655 0.000862
0.0009 0.00031 0.000517 0.001034 0.00131 0.001448
0.000433 0.000483 0.00131 0.001828 0.002069 0.002172
0.001167 0.000345 0.001897 0.002483 0.002414 0.002345
0.0055 0.003345 0.000586 0.002 0.002207 0.001966
0.004133 0.002379 0.000517 0.001828 0.001966 0.001931
0.003033 0.001276 0.000931 0.001517 0.001483 0.001517
0.0012 0.000828 0.001172 0.001414 0.00131 0.001414
0.0027 0.002172 0.001138 0.000448 0.000207 0.000448
0.001 0.000793 0.000345 0.000138 0.00031 0.000655
0.002967 0.000931 0.001655 0.002034 0.001552 0.001345
0.008333 0.005621 0.000621 0.001034 0.00169 0.003241
0.0058 0.003207 0.002034 0.002897 0.002379 0.001862
0.004933 0.002414 0.001517 0.002724 0.002828 0.002586
0.001567 0.001276 0.00069 0.000379 0.000276 0.000552
0.001167 0.000414 0.001793 0.002138 0.001793 0.001586
0.001433 0.000862 0.000138 0.000724 0.001517 0.002586
0.0091 0.005034 0.001655 0.002517 0.002069 0.001897
0.003333 0.002 0.000621 0.000828 0.001172 0.001517
0.003367 0.001172 0.002862 0.003897 0.003552 0.002862
0.007467 0.004759 0.000897 0.001276 0.001103 0.001172
0.002367 0.00131 0.000448 0.001034 0.001172 0.001207
0.001567 0.000793 0.000345 0.00069 0.000793 0.001034
0.000367 0.003655 0.005931 0.006103 0.005 0.003793
0.001067 0.000862 0.000483 0.000207 0.000517 0.001586
0.001233 0.000586 0.00231 0.002448 0.002 0.001931
0.001 0.000103 0.000828 0.001138 0.001448 0.001931
0.0051 0.003897 0.001655 0.000414 6.9e-05 0.000345
0.002167 0.001862 0.001621 0.001414 0.001172 0.001172
0.004133 0.003483 0.002069 0.001 0.000414 0.001483
0.0035 0.001724 0.000862 0.001517 0.001138 0.000931
0.003133 0.002034 0.00031 0.001 0.001 0.000966
0.0044 0.002241 0.000897 0.001759 0.001414 0.001138
0.000533 0.000138 0.000966 0.00131 0.001207 0.001172
0.0008 0.000586 0.000517 0.000448 0.000414 0.001
0.001633 0.000897 0.002379 0.001207 0.000724 0.002379
0.005667 0.002897 0.00169 0.001345 0.000897 0.001448
0.000233 0.004034 0.007379 0.006655 0.004621 0.003379
0.006467 0.004172 0.001276 0.001655 0.001897 0.002448
0.0116 0.008138 0.000759 0.000931 0.000586 0.000828
0.0046 0.001621 0.002448 0.003276 0.003345 0.003862
0.0041 0.002552 0.000586 0.000414 0.000414 0.002
     
0.0019 0.001655 0.001379 0.001138 0.000862 0.000655
0.0061 0.004034 0.000862 0.001138 0.002552 0.003448
0.0028 0.001586 0.000207 0.001207 0.001759 0.002138
0.0023 0.00231 0.002 0.001828 0.000966 0.001276
0.006667 0.00531 0.00269 0.000586 0.001276 0.004276
0.0026 0.001069 0.001034 0.002069 0.002103 0.001931
0.001867 0.000552 0.001276 0.00231 0.002586 0.002552
0.001033 0.000483 0.001586 0.002724 0.003483 0.003897
0.001367 0.001483 0.004379 0.005138 0.004759 0.004172
0.009767 0.007103 0.001448 0.001621 0.001448 0.001172
0.005767 0.003379 0.000448 0.001552 0.001897 0.001931
0.0401 0.041345 0.036034 0.021241 0.008828 0.00569
0.0016 0.001345 0.003379 0.003172 0.002483 0.002172
0.001733 0.000828 0.002931 0.002862 0.002517 0.002379
0.0011 0.000621 0.00069 0.001103 0.001448 0.001724
0.0032 0.000759 0.001862 0.002966 0.003138 0.003621
0.014 0.010966 0.005793 0.000379 0.000828 0.002517
     
     
0.003567 0.002172 0.000655 0.001103 0.001448 0.001966
0.0032 0.007414 0.008621 0.006862 0.004034 0.002379
     
0.079733 0.079897 0.06969 0.012897 0.006034 0.005552
0.0043 0.002793 0.001034 0.000897 0.001586 0.003517
0.0266 0.023621 0.016069 0.004103 0.000621 0.001414
     
0.003833 0.001793 0.001448 0.002448 0.002586 0.002552
0.002467 0.001448 0.00031 0.001103 0.001345 0.001517
0.006833 0.013517 0.01569 0.014966 0.010552 0.00631
0.002067 0.002138 0.002103 0.001897 0.001103 0.00131
0.000467 0.003069 0.004931 0.00431 0.003414 0.003103
     
     
0.0015 0.001103 0.002207 0.002414 0.002103 0.002172
0.038233 0.03469 0.026897 0.014448 0.005241 0.001517
     
0.010167 0.007759 0.002966 0.000793 0.00169 0.003
0.0019 0.005172 0.005828 0.004345 0.002207 0.001345
0.002433 0.001448 0.000448 0.001862 0.002586 0.002724
0.0013 0.001103 0.000966 0.000793 0.000379 0.000862
     
0.001733 0.005034 0.005966 0.002862 0.000828 0.000966
0.0183 0.014345 0.002069 0.000483 0.001241 0.002345
0.023233 0.025414 0.021862 0.012931 0.007759 0.006103
     
0.001567 0.003655 0.007897 0.008345 0.006724 0.006448
0.0097 0.007586 0.002 0.001207 0.000897 0.002586
0.036633 0.038862 0.037586 0.026862 0.010586 0.006448
0.002267 0.002103 0.002034 0.001793 0.001345 0.001069
0.014567 0.012448 0.00869 0.004966 0.000966 0.001931
0.004133 0.003172 0.001207 0.000103 0.000828 0.002207
0.0025 0.002241 0.001966 0.001862 0.00069 0.002759
     
0.014833 0.017793 0.016517 0.009448 0.005138 0.003793
0.015733 0.012862 0.004931 0.000241 0.00169 0.002517
0.0029 0.001897 0.000862 0.002862 0.004207 0.005138
     
     
0.012967 0.010138 0.003966 0.000621 0.001414 0.002483
     
     
0.0019 0.008172 0.011 0.009448 0.005897 0.003655
0.0017 0.000724 0.000655 0.001655 0.00231 0.002759
0.007667 0.006241 0.003483 0.000897 0.002207 0.00431
0.011767 0.009448 0.005034 0.001414 0.001517 0.004103
0.016267 0.019586 0.019103 0.016172 0.012931 0.010828
0.0022 0.000276 0.001103 0.001759 0.001931 0.000345
0.0046 0.003103 0.001 0.001172 0.002172 0.003345
0.0307 0.026448 0.015966 0.000862 0.002862 0.003379
0.019867 0.021897 0.018828 0.012966 0.008448 0.007
     
0.013767 0.012138 0.008655 0.005724 0.003241 0.002103
     
     
0.000333 0.003586 0.004069 0.003241 0.002724 0.002759
0.003233 0.002276 0.000759 0.000517 0.001241 0.002241
0.012633 0.02131 0.024138 0.024103 0.019034 0.011379
0.0042 0.004414 0.004483 0.004448 0.001793 0.002862
0.0044 0.001 0.004414 0.003793 0.002414 0.001759
0.0069 0.005586 0.002621 0.000931 0.000103 0.000897
0.0022 0.005759 0.007034 0.005621 0.003621 0.002552
0.002333 0.001069 0.001655 0.002414 0.002897 0.004
0.108033 0.104621 0.091138 0.02169 0.004724 0.000655
     
     
0.0172 0.019345 0.016276 0.007862 0.003759 0.00269
0.003533 0.003103 0.002241 0.001552 0.000276 0.002138
0.002167 0.001966 0.001586 0.001379 0.000862 0.001103
     
0.018233 0.021552 0.018345 0.007966 0.001966 0.001345
0.005467 0.009034 0.008931 0.005414 0.003552 0.003448
0.021867 0.018552 0.009483 0.002414 0.001448 0.001
     
     
0.026333 0.02269 0.013103 0.004586 0.003103 0.000759
     
0.002267 0.001897 0.001931 0.001828 0.001483 0.001655
0.020467 0.018 0.013414 0.008414 0.00269 0.002034
0.007367 0.006621 0.005 0.003138 0.001759 0.000448
0.001067 0.000586 0.000897 0.001103 0.002034 0.005552
     
     
     
0.006467 0.005414 0.00331 0.000552 0.002517 0.004172
     
     
0.072667 0.068931 0.058483 0.019034 0.002759 0.002276
     
     
0.011733 0.016897 0.017379 0.013483 0.006552 0.003793
0.002333 0.001586 0.000345 0.00169 0.002793 0.003621
0.015867 0.014759 0.011931 0.008414 0.002448 0.003034
0.0385 0.035759 0.029207 0.018069 0.00431 0.002
     
0.0003 0.002621 0.002897 0.00169 0.001931 0.000621
0.0011 0.003897 0.007552 0.006345 0.005069 0.005034
     
0.065033 0.065483 0.057207 0.041345 0.025 0.015276
     
0.0072 0.002793 0.003 0.002345 0.001483 0.00269
     
     
0.012533 0.015724 0.013276 0.005862 0.002828 0.002724
0.0043 0.003069 0.001103 0.000517 0.000966 0.002862
0.0441 0.047862 0.047552 0.040103 0.036931 0.035724
0.020767 0.019034 0.015345 0.011103 0.004828 0.002172
0.017 0.012552 0.001621 0.000621 0.000448 0.000241
0.024433 0.021034 0.011931 0.001828 0.000345 0.000897
0.025867 0.027793 0.023069 0.01131 0.004793 0.002897
0.0014 0.002724 0.004103 0.003793 0.003379 0.004034
0.048533 0.044586 0.036793 0.021034 0.003276 0.000759
     
     
0.036867 0.038862 0.033483 0.011172 0.00531 0.004552
0.001633 0.000517 0.000414 0.000759 0.001345 0.00369
