0.001399 0.001863 0.001855 0.001947 0.001953 0.001874
0.001063 0.001463 0.001527 0.001351 0.001064 0.000981
0.001850 0.002500 0.002335 0.002177 0.002207 0.002268
0.001864 0.002369 0.002185 0.002165 0.001846 0.001646
0.000900 0.001336 0.001112 0.001212 0.001437 0.001549
0.001562 0.002206 0.002140 0.002027 0.001608 0.001318
0.001661 0.002308 0.002318 0.002160 0.001756 0.001701
0.001549 0.002231 0.002342 0.002342 0.001967 0.001634
0.002249 0.002870 0.002750 0.002536 0.002114 0.001878
0.001050 0.001493 0.001411 0.001241 0.001037 0.000981
0.001020 0.001497 0.001540 0.001324 0.001032 0.001032
0.001690 0.002366 0.002308 0.002034 0.001579 0.001288
0.001233 0.001645 0.001624 0.001440 0.001213 0.001149
0.001701 0.002338 0.002338 0.002042 0.001565 0.001331
0.002253 0.003014 0.003073 0.002786 0.002479 0.001906
0.000935 0.001249 0.001226 0.001052 0.000831 0.001014
0.001234 0.001745 0.001817 0.001755 0.001456 0.001279
0.002213 0.002979 0.003107 0.002921 0.002377 0.001936
0.002399 0.002906 0.003067 0.003139 0.002728 0.002510
0.001279 0.001598 0.001592 0.001809 0.001942 0.001987
0.001973 0.002598 0.002601 0.002568 0.002309 0.001938
0.000650 0.001321 0.001410 0.001207 0.001163 0.001206
0.001346 0.001594 0.001788 0.002251 0.002242 0.001539
0.001330 0.001848 0.002302 0.002550 0.002447 0.002237
0.001573 0.002027 0.001758 0.001614 0.001399 0.001295
0.001354 0.001727 0.002044 0.002090 0.001794 0.001623
0.001564 0.002082 0.002155 0.002160 0.002016 0.001891
0.001633 0.002265 0.002151 0.001952 0.001864 0.001544
0.001198 0.001702 0.001645 0.001390 0.001036 0.000953
0.001312 0.001730 0.001826 0.001780 0.001555 0.001406
0.003676 0.003626 0.002979 0.003813 0.004181 0.003815
0.000960 0.001334 0.001284 0.001138 0.001041 0.000784
0.001895 0.002577 0.002857 0.002590 0.002305 0.002295
0.002256 0.003081 0.003279 0.003031 0.002620 0.002172
0.001767 0.002450 0.002443 0.002235 0.001957 0.001713
0.001324 0.001856 0.001849 0.001939 0.001745 0.001096
0.002674 0.003307 0.003039 0.002984 0.002750 0.002471
0.000907 0.001108 0.001232 0.001170 0.001291 0.001319
0.002204 0.002870 0.002693 0.002451 0.001912 0.001366
0.001393 0.001957 0.002232 0.001780 0.001868 0.001918
0.001510 0.002111 0.002063 0.001834 0.001494 0.001317
0.002166 0.002895 0.002981 0.002889 0.002469 0.002104
0.002454 0.003118 0.002712 0.002318 0.002116 0.001992
0.001995 0.002548 0.002316 0.002400 0.002568 0.002501
0.002019 0.002467 0.002329 0.002212 0.001957 0.001785
0.001863 0.002420 0.002410 0.002266 0.002069 0.001863
0.003609 0.004114 0.004001 0.003495 0.002814 0.002275
0.001670 0.002122 0.002072 0.001918 0.001878 0.001444
0.002363 0.003145 0.003538 0.003486 0.003131 0.002828
0.003194 0.004094 0.004074 0.004018 0.003443 0.003057
0.002637 0.003455 0.003600 0.003290 0.002605 0.002212
0.003309 0.004432 0.004706 0.004366 0.003463 0.002604
0.001664 0.002320 0.002236 0.001904 0.001444 0.001271
0.001901 0.002449 0.002435 0.002399 0.002112 0.001856
0.003132 0.004154 0.004069 0.003637 0.002921 0.001852
0.001266 0.001816 0.001765 0.001499 0.001213 0.001125
0.000613 0.000786 0.000874 0.000759 0.000606 0.000679
0.002893 0.003699 0.003858 0.003376 0.002536 0.001963
0.002617 0.003302 0.003510 0.003356 0.002846 0.002360
0.002021 0.002742 0.002692 0.002312 0.001853 0.001758
0.004351 0.005232 0.004732 0.003925 0.002994 0.002458
0.002589 0.003641 0.003811 0.003279 0.002534 0.001986
0.002847 0.003506 0.003402 0.003073 0.002507 0.002176
0.003689 0.004475 0.004222 0.003714 0.002831 0.002396
0.001742 0.002458 0.002437 0.002265 0.001846 0.001581
0.001556 0.002155 0.002285 0.002150 0.001777 0.001526
0.002769 0.003292 0.003439 0.003331 0.002903 0.002458
0.003279 0.004142 0.004049 0.003809 0.003079 0.002437
0.001329 0.001852 0.001793 0.001548 0.001204 0.001190
0.003393 0.004287 0.004017 0.003458 0.002775 0.002206
0.002681 0.003368 0.003001 0.002754 0.002361 0.002036
0.001962 0.002750 0.002916 0.002436 0.001937 0.001644
0.001694 0.002326 0.002374 0.002291 0.001917 0.001695
0.003162 0.003921 0.003868 0.003690 0.003046 0.002461
0.001778 0.002402 0.002354 0.002149 0.001815 0.001612
0.002502 0.003320 0.003204 0.002885 0.002230 0.001763
0.002293 0.003031 0.002947 0.002586 0.002097 0.001747
0.002500 0.003302 0.003845 0.003774 0.003197 0.002626
0.002021 0.002777 0.002763 0.002478 0.002015 0.001849
0.002705 0.003378 0.003113 0.002621 0.002235 0.001894
0.003186 0.003594 0.003452 0.003292 0.002805 0.002371
0.001402 0.001955 0.001857 0.001637 0.001355 0.001243
0.001870 0.002643 0.002594 0.002327 0.001914 0.001201
0.002543 0.003331 0.003150 0.002659 0.002029 0.001837
0.001609 0.002231 0.002138 0.001820 0.001387 0.001244
0.003137 0.003892 0.003784 0.003367 0.002611 0.002070
0.002773 0.003617 0.003429 0.003157 0.002515 0.002019
0.001208 0.001726 0.001663 0.001462 0.001178 0.001064
0.003350 0.004253 0.003960 0.003291 0.002603 0.002051
0.002880 0.003621 0.003312 0.002985 0.002429 0.001974
0.002000 0.002679 0.002537 0.002289 0.001785 0.001460
0.002718 0.003630 0.003477 0.003121 0.002437 0.001950
0.001825 0.002501 0.002764 0.002748 0.002578 0.002354
0.001407 0.001931 0.002054 0.001882 0.001519 0.001329
0.003110 0.003874 0.003905 0.004252 0.004398 0.004072
0.001507 0.002136 0.002134 0.001940 0.001575 0.001177
0.001533 0.002229 0.002232 0.002039 0.001741 0.001620
0.003603 0.004517 0.004249 0.003799 0.002923 0.002268
0.001328 0.001948 0.002205 0.002252 0.001971 0.001702
0.002825 0.003748 0.003648 0.003090 0.002370 0.002024
0.005124 0.005887 0.005202 0.004751 0.003753 0.002856
0.001632 0.002273 0.002199 0.002076 0.001709 0.001461
0.003172 0.003880 0.003443 0.002745 0.002053 0.001392
0.002224 0.002864 0.002658 0.002282 0.001735 0.001502
0.003143 0.003944 0.004244 0.004127 0.004294 0.004098
0.004040 0.004825 0.004395 0.004006 0.003124 0.002406
0.002693 0.003450 0.003434 0.003121 0.002424 0.001897
0.001870 0.002503 0.002458 0.002187 0.001715 0.001426
0.004395 0.005444 0.005013 0.004040 0.002996 0.002327
0.001928 0.002809 0.002971 0.002688 0.002072 0.001517
0.002472 0.003173 0.003447 0.003264 0.002641 0.002234
0.005206 0.005916 0.005139 0.004578 0.004054 0.003347
0.001772 0.002259 0.002332 0.002269 0.002035 0.001836
0.002770 0.003081 0.003154 0.003015 0.002619 0.002333
0.002653 0.003350 0.003653 0.003464 0.003017 0.002671
0.003249 0.003464 0.003340 0.003690 0.003341 0.002663
0.002261 0.003283 0.003640 0.003225 0.002431 0.001993
0.001718 0.002448 0.002685 0.002412 0.001887 0.001551
0.004057 0.004798 0.005098 0.004933 0.004051 0.003140
0.002252 0.002886 0.002761 0.003165 0.003339 0.003161
0.002956 0.004038 0.004121 0.003954 0.003316 0.002648
0.003329 0.004113 0.003713 0.003162 0.002474 0.001952
0.002262 0.003007 0.002900 0.002612 0.002026 0.001620
0.003644 0.004375 0.003843 0.003274 0.002617 0.002134
0.001745 0.002647 0.003264 0.003238 0.002731 0.002281
0.004372 0.005082 0.004763 0.004305 0.003542 0.003039
0.002617 0.003605 0.003546 0.003139 0.002536 0.001536
0.004001 0.005010 0.004633 0.003727 0.002791 0.002382
0.001503 0.002005 0.002213 0.001969 0.001639 0.001475
0.003686 0.004707 0.005071 0.004499 0.003523 0.002716
0.001367 0.001859 0.001831 0.001534 0.001220 0.001148
0.004442 0.005579 0.005479 0.005186 0.004241 0.003366
0.004473 0.004775 0.004485 0.004226 0.003592 0.002947
0.001871 0.002500 0.002355 0.002062 0.001669 0.001472
0.003768 0.004747 0.004468 0.004116 0.003408 0.002727
0.002976 0.003888 0.003703 0.003326 0.002620 0.002162
0.002862 0.003653 0.003708 0.003333 0.002588 0.002021
0.004883 0.005618 0.004865 0.004138 0.003075 0.002337
0.001586 0.002226 0.002185 0.001901 0.001498 0.001265
0.006480 0.006871 0.005856 0.005417 0.004088 0.002959
0.002437 0.003238 0.003189 0.002970 0.002477 0.002090
0.003826 0.004739 0.004337 0.003939 0.003118 0.002420
0.004697 0.005569 0.005018 0.004407 0.003455 0.002623
0.005060 0.005943 0.005350 0.004439 0.003481 0.002646
0.002391 0.003102 0.003056 0.002800 0.002359 0.001983
0.006124 0.006598 0.006439 0.005764 0.004231 0.002983
0.002937 0.003759 0.003916 0.004056 0.003646 0.003123
0.002602 0.003411 0.003528 0.003569 0.003171 0.002396
0.005033 0.005851 0.005233 0.004371 0.003352 0.002770
0.003216 0.004723 0.004846 0.004000 0.003103 0.002372
0.007265 0.007528 0.006389 0.005845 0.004449 0.003333
0.007059 0.007368 0.006959 0.006692 0.005174 0.003585
0.010636 0.009910 0.009256 0.008900 0.007154 0.005389
0.007150 0.007846 0.006874 0.006228 0.004738 0.003354
0.008618 0.008783 0.007106 0.005895 0.004262 0.003395
0.001621 0.002289 0.002223 0.002024 0.001652 0.001433
0.002912 0.003662 0.003425 0.003126 0.002623 0.002199
0.004716 0.006647 0.007145 0.006464 0.005097 0.003751
0.005246 0.005847 0.006634 0.006488 0.005743 0.005219
0.005181 0.005605 0.005377 0.005514 0.005027 0.003634
0.002051 0.002732 0.002676 0.002294 0.002187 0.001774
0.005749 0.006708 0.006553 0.005862 0.004751 0.003807
0.006348 0.005937 0.006146 0.006716 0.005688 0.003702
0.005792 0.006836 0.006605 0.005612 0.004071 0.003194
0.005477 0.006083 0.006561 0.006709 0.005416 0.003984
0.005737 0.005427 0.005463 0.005764 0.005611 0.005639
0.003235 0.004169 0.004412 0.004167 0.003412 0.002733
0.006510 0.007198 0.006393 0.005699 0.004263 0.003351
0.003825 0.004507 0.004271 0.003800 0.002988 0.002308
0.006435 0.006696 0.006330 0.005766 0.004577 0.003516
0.006035 0.006868 0.006932 0.005855 0.004193 0.003226
0.003322 0.004056 0.003831 0.003519 0.003188 0.002805
0.002198 0.002762 0.002671 0.002477 0.002007 0.001763
0.005463 0.006122 0.007126 0.007115 0.005834 0.004641
0.006024 0.006918 0.007712 0.007302 0.005624 0.003951
0.002136 0.002798 0.002562 0.002271 0.001846 0.001680
0.005529 0.006098 0.006055 0.005516 0.004138 0.003160
0.005674 0.006355 0.005484 0.004793 0.003503 0.002573
0.005841 0.007460 0.007528 0.006976 0.007075 0.006427
0.003147 0.004056 0.003732 0.003061 0.002846 0.002537
0.003293 0.003999 0.004311 0.004321 0.003731 0.002903
0.004892 0.005682 0.005568 0.005102 0.004173 0.003285
0.002397 0.003108 0.002994 0.002535 0.002002 0.001787
0.005996 0.006875 0.006603 0.006630 0.005375 0.003868
0.004156 0.004975 0.004615 0.004205 0.003275 0.002525
0.007256 0.007575 0.006410 0.005768 0.004643 0.003501
0.002652 0.003241 0.003469 0.003331 0.002906 0.002121
0.004991 0.005847 0.005536 0.004840 0.004092 0.003367
0.004011 0.004725 0.005475 0.005157 0.004037 0.003236
0.006835 0.007103 0.005989 0.004943 0.004045 0.003160
0.002597 0.003290 0.004052 0.004290 0.003832 0.003144
0.005922 0.006841 0.006285 0.005164 0.004397 0.003570
0.003686 0.004481 0.004844 0.004277 0.003431 0.003033
0.006871 0.007290 0.006853 0.005961 0.004305 0.003137
0.003911 0.004660 0.004469 0.004114 0.003319 0.002597
0.005629 0.006232 0.006319 0.006105 0.005041 0.003912
0.003052 0.004343 0.004811 0.004330 0.003849 0.003451
0.004628 0.006220 0.007139 0.006682 0.005277 0.004043
0.004480 0.005459 0.005447 0.004725 0.003805 0.003264
0.005338 0.006180 0.005816 0.006173 0.006402 0.005852
0.007669 0.007511 0.006329 0.005799 0.004314 0.003454
0.002292 0.002904 0.002867 0.002652 0.002436 0.002522
0.004405 0.005030 0.004919 0.004601 0.003893 0.002678
0.004542 0.005446 0.005179 0.004615 0.003791 0.003396
0.007099 0.007389 0.007895 0.007279 0.005629 0.004552
0.007049 0.006821 0.006744 0.006547 0.005858 0.004907
0.005913 0.007182 0.006769 0.005479 0.003835 0.002638
0.010887 0.011770 0.011057 0.008949 0.007163 0.005346
0.006689 0.007401 0.006453 0.004966 0.003752 0.003117
0.011101 0.011425 0.009863 0.009836 0.008140 0.005621
0.009598 0.009765 0.008133 0.007266 0.005718 0.004091
0.004018 0.004562 0.004598 0.004949 0.004430 0.003602
0.003943 0.004716 0.004456 0.004220 0.003759 0.003147
0.005612 0.009325 0.010098 0.009343 0.007316 0.005107
0.004645 0.005577 0.005995 0.005614 0.004556 0.003531
0.011293 0.010897 0.008893 0.007850 0.005927 0.003934
0.008272 0.008841 0.009310 0.008348 0.007675 0.007317
0.004130 0.004886 0.004646 0.004084 0.003651 0.003174
0.005225 0.006513 0.006524 0.005275 0.003945 0.003434
0.010476 0.010161 0.008958 0.008641 0.006666 0.004540
0.009495 0.009805 0.008319 0.006774 0.005131 0.004164
0.008303 0.008915 0.008285 0.007937 0.006790 0.005898
0.011066 0.010519 0.010259 0.009606 0.007363 0.005555
0.007736 0.008105 0.007294 0.006570 0.004943 0.003830
0.007553 0.008528 0.009646 0.008775 0.006135 0.004238
0.006661 0.006759 0.005621 0.005073 0.004557 0.004601
0.005031 0.005912 0.005392 0.004884 0.003978 0.003106
0.009208 0.009166 0.007412 0.007046 0.005804 0.004504
0.005062 0.006019 0.006315 0.005957 0.005522 0.004728
0.007574 0.008132 0.007957 0.008383 0.007460 0.005770
0.012367 0.011523 0.010013 0.009729 0.007337 0.004865
0.006498 0.007031 0.006051 0.005699 0.004708 0.004026
0.017420 0.014894 0.010713 0.009335 0.007508 0.005412
0.005154 0.005260 0.004485 0.004410 0.003880 0.003586
0.006337 0.009336 0.010706 0.010053 0.007200 0.004862
0.003439 0.004644 0.004668 0.004233 0.003653 0.002857
0.005492 0.007677 0.008817 0.008361 0.006456 0.004642
0.006851 0.007748 0.007240 0.006144 0.004568 0.003412
0.009751 0.009529 0.008166 0.006946 0.004703 0.003285
0.003421 0.004143 0.004260 0.003700 0.002880 0.002403
0.003448 0.004197 0.003755 0.003155 0.002581 0.002191
0.013007 0.012318 0.009842 0.009205 0.006561 0.004440
0.011513 0.010807 0.008954 0.008296 0.006313 0.004425
0.003592 0.004498 0.004552 0.004182 0.003584 0.002961
0.008152 0.008559 0.008139 0.007043 0.005403 0.004226
0.003898 0.004686 0.004668 0.004036 0.003357 0.002956
0.010942 0.012054 0.011231 0.009096 0.006167 0.004337
0.004496 0.005101 0.005504 0.005640 0.004961 0.004109
0.006131 0.008872 0.010341 0.009953 0.007717 0.005056
0.004970 0.005799 0.005270 0.004721 0.003707 0.002928
0.016018 0.013591 0.013225 0.012918 0.010409 0.007834
0.005357 0.005998 0.005416 0.005309 0.005129 0.004397
0.006477 0.007186 0.007401 0.007756 0.007360 0.006374
0.004661 0.004618 0.005511 0.005780 0.005177 0.004299
0.012133 0.011196 0.008262 0.006970 0.006556 0.005794
0.004081 0.004466 0.004203 0.003972 0.004345 0.004220
0.008901 0.009077 0.008806 0.008296 0.006285 0.004464
0.013069 0.012991 0.010889 0.008723 0.006473 0.004812
0.007508 0.007990 0.007740 0.007343 0.005675 0.004077
0.012251 0.011675 0.010312 0.010081 0.007869 0.005255
0.010811 0.010704 0.011618 0.010172 0.007024 0.004530
0.008263 0.008349 0.008010 0.007287 0.006432 0.004813
0.016266 0.016683 0.016268 0.014353 0.009793 0.005755
0.008116 0.009145 0.009140 0.008153 0.006136 0.004733
0.010790 0.010757 0.009296 0.009336 0.008141 0.006418
0.014429 0.012477 0.011938 0.010876 0.008275 0.006703
0.007272 0.007654 0.007482 0.007692 0.007317 0.006616
0.009832 0.010902 0.010948 0.009093 0.006873 0.005096
0.008116 0.009548 0.009545 0.010669 0.010843 0.009574
0.007117 0.006582 0.007094 0.007287 0.006235 0.005461
0.017152 0.016100 0.013445 0.010717 0.008271 0.005647
0.016274 0.014548 0.013427 0.012655 0.009670 0.007022
0.007711 0.008337 0.007265 0.006241 0.004965 0.003662
0.015142 0.014755 0.013973 0.011351 0.007110 0.004910
0.002888 0.003713 0.003649 0.003936 0.003563 0.002961
0.014679 0.014253 0.012335 0.011938 0.008759 0.005457
0.008957 0.009439 0.010060 0.009860 0.007527 0.004945
0.007386 0.007627 0.008702 0.008984 0.007113 0.005838
0.010019 0.009945 0.012814 0.013432 0.011280 0.007648
0.004143 0.004980 0.005099 0.004252 0.003392 0.003237
0.006795 0.012147 0.014754 0.014404 0.011208 0.007169
0.007036 0.006654 0.006582 0.005802 0.004437 0.003764
0.002743 0.003516 0.003820 0.004140 0.003534 0.003043
0.010331 0.011998 0.012656 0.011245 0.007995 0.007154
0.005016 0.005769 0.005636 0.005154 0.004372 0.003644
0.008438 0.015761 0.017859 0.016827 0.012102 0.007162
0.005051 0.005175 0.005240 0.004732 0.003909 0.003393
0.006644 0.011534 0.012882 0.012267 0.009731 0.006529
0.004520 0.005591 0.006158 0.005939 0.004725 0.003571
0.007753 0.009913 0.010273 0.009428 0.007252 0.005398
0.009273 0.009496 0.007875 0.006891 0.005397 0.003907
0.014407 0.012788 0.010325 0.009805 0.007409 0.005101
0.012089 0.011444 0.009967 0.008980 0.006392 0.004971
0.015508 0.013737 0.009925 0.009293 0.007711 0.005505
0.014860 0.013675 0.011794 0.010324 0.007233 0.004916
0.014217 0.012481 0.009813 0.008933 0.006696 0.004746
0.011473 0.010810 0.011968 0.011160 0.008870 0.006886
0.010091 0.009702 0.008672 0.008148 0.006798 0.005425
0.012611 0.011908 0.012223 0.010162 0.006873 0.004731
0.004485 0.004924 0.005060 0.004786 0.003862 0.003355
0.017112 0.014828 0.012030 0.010394 0.007277 0.004650
0.008306 0.008360 0.007196 0.006119 0.004809 0.003679
0.008419 0.009135 0.008074 0.006793 0.005351 0.003755
0.014195 0.013316 0.012399 0.010279 0.008269 0.007334
0.004556 0.005330 0.004958 0.005341 0.004993 0.004201
0.012186 0.011947 0.013379 0.013055 0.010152 0.008883
0.012781 0.011421 0.010211 0.008813 0.006852 0.005247
0.019126 0.017552 0.014112 0.012303 0.009366 0.006025
0.010809 0.010764 0.011393 0.009874 0.007660 0.005238
0.022001 0.018480 0.015246 0.012099 0.009272 0.008456
0.012698 0.011800 0.012900 0.012763 0.010503 0.008147
0.011361 0.010789 0.011366 0.008770 0.007244 0.006483
0.039015 0.039377 0.033968 0.022564 0.012898 0.007813
0.005533 0.006356 0.006366 0.006012 0.004734 0.003479
0.012773 0.011846 0.011983 0.012246 0.010114 0.006977
0.010567 0.010415 0.009805 0.009612 0.007531 0.005166
0.006383 0.007377 0.007389 0.007021 0.006007 0.003897
0.017440 0.015750 0.017513 0.017073 0.014377 0.010498
0.011618 0.012085 0.010562 0.008144 0.005911 0.004259
0.007085 0.007970 0.008873 0.009227 0.007944 0.005873
0.004951 0.008107 0.010599 0.011129 0.009764 0.007124
0.009701 0.011083 0.013499 0.013145 0.009940 0.007083
0.018723 0.016624 0.013637 0.012784 0.009490 0.006163
0.016226 0.015125 0.012425 0.011889 0.008916 0.006055
0.013577 0.012111 0.012046 0.010716 0.008086 0.006064
0.008238 0.011320 0.011708 0.009820 0.007792 0.005773
0.011811 0.013445 0.013326 0.011653 0.008398 0.004940
0.005949 0.007571 0.007922 0.007199 0.006081 0.004542
0.017346 0.014726 0.014723 0.012852 0.008671 0.005611
0.027491 0.023969 0.014650 0.012447 0.011132 0.010820
0.023457 0.020409 0.015153 0.014214 0.010051 0.006329
0.022665 0.019586 0.015444 0.015264 0.012050 0.008059
0.007804 0.009135 0.009183 0.007988 0.005880 0.004173
0.009113 0.012951 0.014152 0.012694 0.009099 0.006076
0.007207 0.007975 0.009080 0.010056 0.010063 0.009023
0.038012 0.031433 0.017820 0.013504 0.009202 0.006950
0.012150 0.012032 0.010041 0.008700 0.007243 0.005601
0.017225 0.015081 0.016331 0.015035 0.010778 0.006677
0.029524 0.023837 0.013624 0.011034 0.007761 0.005849
0.011413 0.011303 0.009863 0.009488 0.007356 0.005035
0.008827 0.009118 0.008651 0.007795 0.005745 0.004687
0.008509 0.018018 0.021405 0.020344 0.014794 0.008940
0.006193 0.007763 0.008509 0.008666 0.008342 0.007114
0.011716 0.014272 0.014227 0.011972 0.009214 0.006754
0.007183 0.008438 0.009391 0.009846 0.008946 0.007249
0.019270 0.017909 0.013657 0.009669 0.006453 0.004368
0.009835 0.009894 0.009100 0.008203 0.006420 0.004536
0.017047 0.017280 0.015594 0.012978 0.009147 0.007642
0.017111 0.015343 0.013673 0.011886 0.008083 0.004996
0.014953 0.014017 0.010916 0.010283 0.007129 0.004690
0.019214 0.016766 0.013008 0.011051 0.007410 0.004842
0.005894 0.008839 0.010147 0.009624 0.007533 0.005133
0.005307 0.005527 0.005935 0.006898 0.006833 0.006529
0.021509 0.016321 0.017695 0.016834 0.013180 0.010508
0.027114 0.021419 0.015643 0.012936 0.009502 0.007434
0.018105 0.021239 0.023432 0.020936 0.014195 0.008733
0.021069 0.019354 0.013843 0.013369 0.010936 0.008281
0.047367 0.040835 0.021746 0.014776 0.008807 0.005880
0.021603 0.018891 0.016947 0.017321 0.015434 0.011540
0.018305 0.015070 0.010792 0.011588 0.009958 0.008431
0.015608 0.015088 0.016249 0.016231 0.012930 0.008542
0.009518 0.009577 0.008110 0.006593 0.005555 0.004260
0.024130 0.021706 0.016298 0.015141 0.013453 0.010506
0.014181 0.012942 0.012123 0.013006 0.011124 0.007561
0.008590 0.010669 0.011609 0.011287 0.009062 0.008269
0.022162 0.021507 0.017471 0.015515 0.014052 0.013552
0.013601 0.012451 0.013011 0.011751 0.008664 0.005622
0.010063 0.009835 0.012178 0.012557 0.010566 0.007351
0.007831 0.010139 0.014713 0.015870 0.014151 0.010542
0.012623 0.014384 0.019565 0.019369 0.015544 0.010171
0.030580 0.026342 0.016755 0.012682 0.007817 0.004973
0.021706 0.019679 0.016590 0.013877 0.009927 0.006534
0.049500 0.050100 0.043400 0.027746 0.014347 0.009668
0.015944 0.017306 0.017466 0.014079 0.009751 0.006559
0.015956 0.015649 0.018959 0.018021 0.013573 0.008319
0.006766 0.008076 0.010545 0.010903 0.009268 0.006545
0.018731 0.018494 0.018626 0.017950 0.014865 0.011055
0.037984 0.034408 0.024754 0.015943 0.013145 0.010539
0.019455 0.018569 0.014679 0.014151 0.012082 0.008613
0.017777 0.021840 0.020104 0.013234 0.006271 0.003846
0.013469 0.012305 0.010761 0.009709 0.007464 0.006241
0.023367 0.025537 0.023125 0.017995 0.011448 0.006216
0.013497 0.018798 0.020192 0.019230 0.015856 0.012225
0.080780 0.081072 0.070894 0.020846 0.014676 0.010610
0.014991 0.013377 0.012644 0.013739 0.013058 0.011353
0.040752 0.036828 0.028741 0.013433 0.008826 0.007190
0.045440 0.044661 0.034136 0.018305 0.013359 0.008733
0.018547 0.015254 0.014563 0.013871 0.010746 0.007112
0.010876 0.011003 0.010613 0.010300 0.007952 0.005603
0.016385 0.027423 0.032321 0.030669 0.020736 0.011858
0.009077 0.011479 0.013575 0.013420 0.010615 0.008132
0.016226 0.019764 0.018862 0.015953 0.012421 0.009116
0.014511 0.013304 0.010702 0.007969 0.005292 0.003152
0.020014 0.018572 0.014296 0.011302 0.008021 0.005690
0.012815 0.015495 0.015511 0.012781 0.009202 0.007002
0.050105 0.045595 0.035809 0.021284 0.012740 0.006318
0.103631 0.103526 0.093397 0.023243 0.013184 0.008004
0.026484 0.023293 0.016378 0.013215 0.011476 0.009377
0.019726 0.022476 0.020260 0.014715 0.008430 0.005337
0.011344 0.012495 0.013545 0.014221 0.011689 0.008178
0.007023 0.007201 0.008060 0.007974 0.007285 0.006487
0.013247 0.020014 0.020204 0.024448 0.024269 0.013249
0.023029 0.024959 0.020532 0.013853 0.011024 0.008076
0.039794 0.033901 0.016141 0.015199 0.012315 0.009547
0.039990 0.041005 0.034083 0.021694 0.015683 0.011412
0.076924 0.072770 0.060307 0.019182 0.015586 0.013543
0.026255 0.024479 0.022781 0.020298 0.018075 0.014732
0.025613 0.022174 0.013141 0.012831 0.011857 0.011891
0.058018 0.059030 0.053024 0.036310 0.018111 0.010943
0.011396 0.010782 0.009739 0.008851 0.006846 0.004974
0.035569 0.031079 0.024049 0.017529 0.010751 0.008152
0.017440 0.015602 0.014088 0.013799 0.012862 0.009644
0.010503 0.012163 0.014009 0.014914 0.012648 0.013087
0.015708 0.017006 0.018279 0.023741 0.032569 0.043666
0.030941 0.032496 0.027285 0.017577 0.012302 0.008266
0.035805 0.030899 0.017640 0.012843 0.011591 0.008884
0.013741 0.013822 0.015596 0.018397 0.017239 0.014021
0.016391 0.015360 0.016805 0.016467 0.012874 0.008899
0.025391 0.022681 0.013701 0.011184 0.007808 0.006111
0.032829 0.027860 0.018219 0.014485 0.010818 0.007721
0.011701 0.022685 0.025939 0.023353 0.015302 0.010168
0.014480 0.015805 0.016405 0.014146 0.008951 0.005883
0.016067 0.022930 0.026863 0.024571 0.016811 0.009641
0.007932 0.008976 0.012693 0.013718 0.012067 0.008780
0.024281 0.024409 0.022729 0.017719 0.015324 0.013923
0.035919 0.035414 0.033036 0.027088 0.017488 0.013814
0.047913 0.048803 0.044465 0.034909 0.024137 0.018562
0.040326 0.033950 0.026090 0.020816 0.012943 0.005982
0.015470 0.015132 0.013064 0.011775 0.010389 0.008312
0.049325 0.044497 0.032780 0.021753 0.016819 0.010510
0.031697 0.031824 0.027329 0.022216 0.017245 0.013893
0.012987 0.019510 0.021560 0.020397 0.016764 0.013108
0.028717 0.026412 0.021019 0.017158 0.013001 0.009669
0.061251 0.056807 0.046176 0.015014 0.010478 0.009216
0.709873 0.759262 0.758414 0.045061 0.065353 0.062539
0.021347 0.020228 0.017298 0.013539 0.010055 0.007923
0.013684 0.013127 0.011116 0.010024 0.008536 0.007105
0.019711 0.034084 0.041175 0.040951 0.031665 0.018736
0.015248 0.016260 0.018184 0.018598 0.014207 0.013620
0.026366 0.023628 0.021754 0.016430 0.010551 0.006256
0.023401 0.021338 0.015069 0.009509 0.006658 0.006229
0.026478 0.024762 0.021227 0.015256 0.011228 0.007201
0.011567 0.014404 0.017022 0.016377 0.012888 0.010481
0.108448 0.105004 0.091476 0.030171 0.012761 0.006392
0.152201 0.148669 0.146115 0.031496 0.014670 0.008518
0.044423 0.039158 0.028064 0.015758 0.013827 0.012373
0.031447 0.032696 0.026623 0.015884 0.009890 0.006900
0.012091 0.015929 0.017250 0.016244 0.012182 0.009564
0.009611 0.010052 0.010085 0.009997 0.008568 0.007467
0.016117 0.018093 0.024441 0.037543 0.044164 0.046865
0.033037 0.035094 0.029234 0.016392 0.012766 0.010030
0.031881 0.028966 0.024662 0.017230 0.013403 0.009866
0.053600 0.048823 0.030222 0.012125 0.008455 0.006635
0.131687 0.125402 0.105047 0.039484 0.015888 0.009488
0.032131 0.034613 0.031458 0.024766 0.019802 0.016776
0.041869 0.037208 0.024108 0.016234 0.015779 0.014221
0.199147 0.200205 0.187534 0.174373 0.035799 0.012789
0.012247 0.012595 0.013398 0.010801 0.007243 0.006150
0.042673 0.037553 0.027942 0.020881 0.014404 0.011532
0.021981 0.019480 0.018220 0.015240 0.013670 0.009919
0.009600 0.013548 0.015273 0.015004 0.015848 0.018092
0.014893 0.018037 0.029290 0.033998 0.048716 0.064721
0.114276 0.112730 0.107304 0.021552 0.014488 0.010500
0.114334 0.111221 0.096264 0.015300 0.009983 0.006541
0.020884 0.020225 0.017135 0.016086 0.015839 0.013295
0.022537 0.021263 0.024811 0.026002 0.021606 0.014768
0.502278 0.498315 0.437951 0.016154 0.013472 0.011909
0.078714 0.074220 0.062835 0.025695 0.010701 0.009501
0.013738 0.013931 0.016246 0.016001 0.013517 0.010046
0.021403 0.019190 0.018568 0.014933 0.008203 0.004757
0.020610 0.028876 0.031981 0.028293 0.016965 0.009522
0.010228 0.011525 0.013695 0.015759 0.014503 0.011268
0.032320 0.029583 0.029114 0.026375 0.016443 0.014391
0.049614 0.047038 0.044410 0.034504 0.018706 0.015673
0.006951 0.016673 0.024989 0.025589 0.021346 0.016247
0.042936 0.039919 0.032150 0.019756 0.012894 0.005921
0.030108 0.025875 0.021299 0.016481 0.012273 0.010682
0.128764 0.125393 0.109346 0.013186 0.010373 0.007127
0.073468 0.072779 0.062886 0.045767 0.029889 0.020031
0.056261 0.056544 0.045663 0.024638 0.016188 0.010638
0.034032 0.028190 0.023089 0.015285 0.014434 0.013655
0.125746 0.126262 0.119732 0.094730 0.015038 0.011121
0.128334 0.129018 0.113152 0.025167 0.014746 0.009134
0.025289 0.028756 0.024009 0.014502 0.009556 0.007810
0.017219 0.015780 0.013193 0.010864 0.010589 0.009186
0.047817 0.051374 0.050926 0.048003 0.047266 0.045426
0.034045 0.031201 0.027487 0.023043 0.016145 0.014436
0.040016 0.033500 0.021898 0.014620 0.007997 0.004882
0.039385 0.034233 0.022408 0.012245 0.007878 0.006909
0.040380 0.040678 0.031923 0.017763 0.011024 0.006693
0.011838 0.017545 0.019334 0.017205 0.012830 0.010691
0.075949 0.069697 0.055011 0.028975 0.010710 0.005986
0.036860 0.034708 0.025955 0.019446 0.014811 0.011407
0.133120 0.130156 0.112781 0.019020 0.014333 0.012595
0.045068 0.047521 0.040706 0.019855 0.013033 0.010157
0.011029 0.014152 0.014813 0.014408 0.011552 0.012237
