0.001953
0.001527
0.002500
0.002369
0.001549
0.002206
0.002318
0.002342
0.002870
0.001493
0.001540
0.002366
0.001645
0.002338
0.003073
0.001249
0.001817
0.003107
0.003139
0.001987
0.002601
0.001410
0.002251
0.002550
0.002027
0.002090
0.002160
0.002265
0.001702
0.001826
0.004181
0.001334
0.002857
0.003279
0.002450
0.001939
0.003307
0.001319
0.002870
0.002232
0.002111
0.002981
0.003118
0.002568
0.002467
0.002420
0.004114
0.002122
0.003538
0.004094
0.003600
0.004706
0.002320
0.002449
0.004154
0.001816
0.000874
0.003858
0.003510
0.002742
0.005232
0.003811
0.003506
0.004475
0.002458
0.002285
0.003439
0.004142
0.001852
0.004287
0.003368
0.002916
0.002374
0.003921
0.002402
0.003320
0.003031
0.003845
0.002777
0.003378
0.003594
0.001955
0.002643
0.003331
0.002231
0.003892
0.003617
0.001726
0.004253
0.003621
0.002679
0.003630
0.002764
0.002054
0.004398
0.002136
0.002232
0.004517
0.002252
0.003748
0.005887
0.002273
0.003880
0.002864
0.004294
0.004825
0.003450
0.002503
0.005444
0.002971
0.003447
0.005916
0.002332
0.003154
0.003653
0.003690
0.003640
0.002685
0.005098
0.003339
0.004121
0.004113
0.003007
0.004375
0.003264
0.005082
0.003605
0.005010
0.002213
0.005071
0.001859
0.005579
0.004775
0.002500
0.004747
0.003888
0.003708
0.005618
0.002226
0.006871
0.003238
0.004739
0.005569
0.005943
0.003102
0.006598
0.004056
0.003569
0.005851
0.004846
0.007528
0.007368
0.010636
0.007846
0.008783
0.002289
0.003662
0.007145
0.006634
0.005605
0.002732
0.006708
0.006716
0.006836
0.006709
0.005764
0.004412
0.007198
0.004507
0.006696
0.006932
0.004056
0.002762
0.007126
0.007712
0.002798
0.006098
0.006355
0.007528
0.004056
0.004321
0.005682
0.003108
0.006875
0.004975
0.007575
0.003469
0.005847
0.005475
0.007103
0.004290
0.006841
0.004844
0.007290
0.004660
0.006319
0.004811
0.007139
0.005459
0.006402
0.007669
0.002904
0.005030
0.005446
0.007895
0.007049
0.007182
0.011770
0.007401
0.011425
0.009765
0.004949
0.004716
0.010098
0.005995
0.011293
0.009310
0.004886
0.006524
0.010476
0.009805
0.008915
0.011066
0.008105
0.009646
0.006759
0.005912
0.009208
0.006315
0.008383
0.012367
0.007031
0.017420
0.005260
0.010706
0.004668
0.008817
0.007748
0.009751
0.004260
0.004197
0.013007
0.011513
0.004552
0.008559
0.004686
0.012054
0.005640
0.010341
0.005799
0.016018
0.005998
0.007756
0.005780
0.012133
0.004466
0.009077
0.013069
0.007990
0.012251
0.011618
0.008349
0.016683
0.009145
0.010790
0.014429
0.007692
0.010948
0.010843
0.007287
0.017152
0.016274
0.008337
0.015142
0.003936
0.014679
0.010060
0.008984
0.013432
0.005099
0.014754
0.007036
0.004140
0.012656
0.005769
0.017859
0.005240
0.012882
0.006158
0.010273
0.009496
0.014407
0.012089
0.015508
0.014860
0.014217
0.011968
0.010091
0.012611
0.005060
0.017112
0.008360
0.009135
0.014195
0.005341
0.013379
0.012781
0.019126
0.011393
0.022001
0.012900
0.011366
0.039377
0.006366
0.012773
0.010567
0.007389
0.017513
0.012085
0.009227
0.011129
0.013499
0.018723
0.016226
0.013577
0.011708
0.013445
0.007922
0.017346
0.027491
0.023457
0.022665
0.009183
0.014152
0.010063
0.038012
0.012150
0.017225
0.029524
0.011413
0.009118
0.021405
0.008666
0.014272
0.009846
0.019270
0.009894
0.017280
0.017111
0.014953
0.019214
0.010147
0.006898
0.021509
0.027114
0.023432
0.021069
0.047367
0.021603
0.018305
0.016249
0.009577
0.024130
0.014181
0.011609
0.022162
0.013601
0.012557
0.015870
0.019565
0.030580
0.021706
0.050100
0.017466
0.018959
0.010903
0.018731
0.037984
0.019455
0.021840
0.013469
0.025537
0.020192
0.081072
0.014991
0.040752
0.045440
0.018547
0.011003
0.032321
0.013575
0.019764
0.014511
0.020014
0.015511
0.050105
0.103631
0.026484
0.022476
0.014221
0.008060
0.024448
0.024959
0.039794
0.041005
0.076924
0.026255
0.025613
0.059030
0.011396
0.035569
0.017440
0.014914
0.043666
0.032496
0.035805
0.018397
0.016805
0.025391
0.032829
0.025939
0.016405
0.026863
0.013718
0.024409
0.035919
0.048803
0.040326
0.015470
0.049325
0.031824
0.021560
0.028717
0.061251
0.759262
0.021347
0.013684
0.041175
0.018598
0.026366
0.023401
0.026478
0.017022
0.108448
0.152201
0.044423
0.032696
0.017250
0.010085
0.046865
0.035094
0.031881
0.053600
0.131687
0.034613
0.041869
0.200205
0.013398
0.042673
0.021981
0.018092
0.064721
0.114276
0.114334
0.020884
0.026002
0.502278
0.078714
0.016246
0.021403
0.031981
0.015759
0.032320
0.049614
0.025589
0.042936
0.030108
0.128764
0.073468
0.056544
0.034032
0.126262
0.129018
0.028756
0.017219
0.051374
0.034045
0.040016
0.039385
0.040678
0.019334
0.075949
0.036860
0.133120
0.047521
0.014813
