0.101170
0.135801
0.112401
0.123689
0.086962
0.133852
0.107551
0.129823
0.160445
0.069613
0.140664
0.118344
0.098480
0.144620
0.169602
0.057771
0.104626
0.145708
0.151676
0.073631
0.151341
0.067494
0.114154
0.124709
0.089463
0.105581
0.121160
0.119323
0.097394
0.105066
0.166716
0.035244
0.125512
0.158230
0.124542
0.113930
0.186453
0.065306
0.144736
0.101141
0.145608
0.119573
0.140734
0.132562
0.149025
0.117755
0.214844
0.093576
0.170560
0.222505
0.185980
0.253752
0.129717
0.139935
0.224891
0.099848
0.077676
0.219153
0.182376
0.143294
0.262907
0.171669
0.198067
0.198281
0.168391
0.145089
0.179827
0.233545
0.089488
0.246088
0.153004
0.145854
0.139053
0.193654
0.131123
0.192556
0.193671
0.159042
0.162157
0.195560
0.213387
0.092583
0.129896
0.184231
0.090702
0.188988
0.205099
0.061027
0.224985
0.150942
0.112050
0.183980
0.160684
0.132296
0.223420
0.080524
0.136115
0.257642
0.119470
0.193941
0.398394
0.120432
0.196479
0.149781
0.285429
0.304479
0.222461
0.168980
0.257867
0.140151
0.183095
0.254989
0.132447
0.158378
0.173154
0.190595
0.188332
0.111673
0.266877
0.130432
0.230573
0.222043
0.147509
0.242201
0.156608
0.284203
0.170389
0.241663
0.141128
0.261732
0.102086
0.296359
0.280879
0.121866
0.220697
0.217185
0.218142
0.237420
0.105058
0.356415
0.172617
0.253491
0.296360
0.198827
0.169793
0.307745
0.217949
0.199377
0.345811
0.225802
0.341249
0.287102
0.410404
0.275339
0.374312
0.111377
0.195555
0.362672
0.483894
0.275059
0.141542
0.382048
0.304200
0.299051
0.396425
0.289955
0.239009
0.350988
0.231159
0.407259
0.338667
0.209300
0.141491
0.410754
0.409792
0.147537
0.299151
0.422393
0.466936
0.180678
0.234654
0.277137
0.163248
0.448924
0.225162
0.445081
0.183665
0.219623
0.295837
0.356777
0.217940
0.353793
0.327765
0.425676
0.280034
0.368665
0.269717
0.356845
0.466015
0.409600
0.411094
0.140029
0.286468
0.388836
0.452380
0.322454
0.329209
0.466917
0.321566
0.566538
0.511412
0.282587
0.272138
0.504699
0.332786
0.488702
0.649818
0.251443
0.456362
0.592688
0.475058
0.399678
0.416472
0.588048
0.534060
0.494277
0.389612
0.512925
0.353060
0.491693
0.407876
0.335816
0.427295
0.295146
0.545415
0.237556
0.478882
0.398374
0.496861
0.227534
0.202855
0.688199
0.430756
0.230345
0.541956
0.235141
0.362315
0.214837
0.570722
0.253391
0.451797
0.273793
0.596409
0.294810
0.572210
0.194909
0.384020
0.630539
0.713626
0.446442
0.635856
0.392965
0.520283
0.701700
0.311599
0.386940
0.600107
0.577907
0.804944
0.397890
0.771156
0.517366
0.379251
0.493661
0.173152
0.837799
0.488766
0.289817
0.769129
0.276909
0.769726
0.341745
0.191372
0.743483
0.273534
0.927982
0.367037
0.680697
0.306429
0.842665
0.441404
0.800032
0.443802
0.478763
0.620143
0.497004
0.561709
0.793119
0.670406
0.307007
0.497086
0.348567
0.443854
0.629517
0.241230
0.937179
0.477985
0.622181
0.392908
0.487908
0.581085
0.779997
1.306791
0.395034
0.812583
0.675974
0.554986
0.655462
0.494737
0.744706
0.515622
0.837035
0.693408
0.570903
0.723476
0.711964
0.845885
0.459739
0.470669
0.664901
0.782296
0.626959
0.386335
1.062404
0.434858
0.519995
0.556349
1.008368
0.626390
0.439238
0.344640
1.169214
0.756568
0.728580
0.579619
0.826777
0.546770
0.963305
0.728750
0.553555
0.732915
0.391923
0.361844
1.405768
0.716978
0.933272
0.589362
0.731863
0.871627
1.169996
1.960186
0.592550
1.218874
1.013961
0.832479
0.983193
0.742106
1.117059
0.773432
1.255552
1.040112
0.856354
1.085214
1.067947
1.268827
0.689608
0.706003
0.997351
1.173444
0.940439
0.579502
1.593606
0.652288
0.779993
0.834524
1.512551
0.939586
0.658857
0.516960
1.753821
1.134852
1.092869
0.869429
1.240165
0.820155
1.444958
1.093126
0.830333
1.099372
0.587885
0.482459
1.874357
0.955970
1.244363
0.785816
0.975817
1.162170
1.559995
2.613582
0.790067
1.625166
1.351948
1.109972
1.310924
0.989474
1.489412
1.031243
1.674069
1.386816
1.141805
1.446952
1.423929
1.691770
0.919478
0.941337
1.329802
1.564592
1.253919
0.772670
2.124808
0.869717
1.039990
1.112699
2.016735
1.252781
0.878476
0.689280
2.338427
1.513135
1.457159
1.159239
1.653554
1.093540
1.926611
1.457501
1.107110
1.465830
0.783846
0.603074
2.342947
1.194963
1.555453
0.982270
1.219771
1.452712
1.949994
3.266977
0.987584
2.031457
1.689935
1.387464
1.638655
1.236843
1.861765
1.289054
2.092587
1.733520
1.427256
1.808690
1.779911
2.114712
1.149347
1.176672
1.662252
1.955741
1.567398
0.965837
2.656010
1.087146
1.299988
1.390873
2.520919
1.565976
1.098095
0.861600
2.923034
1.891419
1.821449
1.449049
2.066942
1.366925
2.408264
1.821876
1.383888
1.832287
0.979808
