0.264354
0.216831
0.294673
0.298658
0.222046
0.258540
0.268351
0.256764
0.324319
0.211690
0.231629
0.265478
0.244627
0.276585
0.341461
0.199246
0.223745
0.302117
0.333742
0.293242
0.300356
0.203818
0.259199
0.254078
0.262885
0.256722
0.279860
0.257652
0.224472
0.239654
0.426198
0.203353
0.294143
0.340489
0.273229
0.243441
0.337839
0.229465
0.306842
0.274148
0.248428
0.297612
0.320691
0.333399
0.304611
0.286492
0.402876
0.283129
0.310440
0.379808
0.329476
0.360611
0.269312
0.287951
0.345223
0.234019
0.185193
0.369326
0.339387
0.291997
0.411909
0.386549
0.352885
0.397008
0.271577
0.263605
0.350833
0.357815
0.235482
0.371491
0.337764
0.321603
0.262505
0.360742
0.284464
0.322132
0.311526
0.333615
0.297652
0.342092
0.386455
0.247638
0.267758
0.325184
0.262120
0.365652
0.334871
0.226487
0.362904
0.349120
0.286222
0.328925
0.312451
0.266173
0.375179
0.245072
0.267145
0.381076
0.241902
0.336103
0.447651
0.256115
0.369172
0.307075
0.474272
0.397890
0.340618
0.284980
0.399720
0.280800
0.322569
0.419973
0.295582
0.373139
0.354957
0.395814
0.348941
0.295069
0.426634
0.336326
0.360719
0.369672
0.303016
0.388505
0.285051
0.421973
0.312491
0.407773
0.265229
0.430246
0.242050
0.406196
0.451768
0.293773
0.366499
0.383939
0.346574
0.419526
0.251905
0.489812
0.321212
0.386477
0.424200
0.433449
0.317291
0.467711
0.352267
0.348436
0.431334
0.450112
0.488598
0.475036
0.545403
0.479724
0.509160
0.262042
0.348269
0.493745
0.445643
0.440640
0.315689
0.537733
0.521082
0.470138
0.450770
0.504800
0.369045
0.470713
0.417239
0.485104
0.504000
0.376609
0.310874
0.455868
0.454670
0.304797
0.442170
0.449310
0.487775
0.368412
0.382847
0.449153
0.336675
0.458799
0.407732
0.502132
0.369941
0.517874
0.427948
0.499086
0.342453
0.457776
0.403597
0.496490
0.399561
0.466916
0.376258
0.482329
0.502095
0.423273
0.528520
0.340756
0.437588
0.433607
0.519218
0.561949
0.472342
0.540538
0.474084
0.540198
0.533069
0.411100
0.396918
0.536862
0.439539
0.545110
0.537783
0.430931
0.519772
0.549614
0.522996
0.540509
0.563363
0.493838
0.494544
0.505028
0.440087
0.535190
0.456819
0.486734
0.552084
0.505731
0.614090
0.480280
0.496589
0.387542
0.490153
0.490221
0.540836
0.390394
0.381087
0.560328
0.573338
0.378779
0.512967
0.444253
0.507380
0.488210
0.497586
0.459193
0.624708
0.429604
0.487818
0.467671
0.586879
0.431770
0.518665
0.570263
0.484700
0.553416
0.595302
0.522579
0.602760
0.563776
0.536978
0.670474
0.542966
0.599748
0.494860
0.532069
0.569767
0.610599
0.504978
0.590955
0.347925
0.580495
0.524621
0.566476
0.536869
0.452062
0.513172
0.533391
0.390637
0.549081
0.457657
0.545620
0.482148
0.551668
0.452286
0.625977
0.502083
0.593270
0.592410
0.611136
0.656120
0.638834
0.587146
0.556502
0.600935
0.474479
0.648373
0.546094
0.485376
0.636140
0.431086
0.578422
0.627428
0.614808
0.583109
0.688339
0.574372
0.636048
0.538620
0.446661
0.585865
0.546599
0.441314
0.627132
0.514980
0.474692
0.487686
0.591352
0.633957
0.596789
0.616872
0.584224
0.526962
0.435332
0.638211
0.603413
0.667368
0.699073
0.524951
0.643877
0.566054
0.727416
0.557682
0.624433
0.611227
0.603600
0.514293
0.552283
0.517162
0.627722
0.556383
0.647534
0.519097
0.587754
0.605712
0.592301
0.650014
0.484956
0.500572
0.648977
0.663890
0.635650
0.637207
0.693533
0.618420
0.650328
0.599736
0.541990
0.593936
0.580623
0.525669
0.608053
0.590755
0.541472
0.563760
0.593668
0.647222
0.592307
0.575004
0.624435
0.584489
0.479826
0.624338
0.614004
0.574332
0.618065
0.611740
0.692367
0.650921
0.532174
0.598467
0.628286
0.545177
0.667902
0.515536
0.592207
0.588739
0.664196
0.628205
0.647391
0.637591
0.573732
0.628690
0.633087
0.664637
0.562630
0.555001
0.573885
0.662881
0.602642
0.676167
0.658471
0.625780
0.672116
0.668274
0.580604
0.593496
0.554399
0.569193
0.608952
0.638439
0.639108
0.653782
0.632523
0.597888
0.634908
0.553614
0.635434
0.662675
0.520195
0.688675
0.653042
0.586145
0.627886
0.634998
0.724511
0.669062
0.582378
0.658094
0.611928
1.666885
0.698216
0.578266
0.632575
0.668844
0.659729
0.628205
0.643266
0.600852
0.648434
0.599488
0.626634
0.591444
0.607442
0.594719
0.645237
0.654072
0.643316
0.694500
0.716445
0.624787
0.675211
0.704822
0.599022
0.659664
0.613989
0.590280
0.576420
0.663031
0.655742
0.706176
0.688892
0.884358
0.639580
0.597252
0.682984
0.671524
0.503806
0.648988
0.664531
0.527920
0.613805
0.674246
0.672697
0.684131
0.678926
0.632127
0.660805
0.710809
0.623023
0.620152
0.621222
0.690126
0.622002
0.631272
0.648637
0.642179
0.672941
0.592784
0.604485
0.561662
0.590879
