0.070000 0.030000 0.010000 0.010000 0.020000 0.100000
0.060000 0.030000 0.030000 0.030000 0.020000 0.080000
0.090000 0.050000 0.020000 0.020000 0.010000 0.090000
0.080000 0.040000 0.040000 0.030000 0.020000 0.080000
0.060000 0.020000 0.010000 0.010000 0.010000 0.100000
0.080000 0.040000 0.010000 0.010000 0.010000 0.080000
0.080000 0.060000 0.060000 0.050000 0.040000 0.090000
0.080000 0.060000 0.060000 0.050000 0.040000 0.090000
0.110000 0.070000 0.060000 0.050000 0.040000 0.090000
0.070000 0.080000 0.080000 0.070000 0.050000 0.080000
0.060000 0.020000 0.020000 0.020000 0.010000 0.080000
0.080000 0.040000 0.010000 0.010000 0.010000 0.080000
0.070000 0.030000 0.010000 0.010000 0.010000 0.080000
0.080000 0.040000 0.000000 0.010000 0.010000 0.080000
0.090000 0.040000 0.020000 0.020000 0.010000 0.080000
0.060000 0.030000 0.020000 0.020000 0.020000 0.080000
0.070000 0.070000 0.070000 0.070000 0.050000 0.090000
0.100000 0.070000 0.060000 0.050000 0.040000 0.100000
0.100000 0.050000 0.010000 0.010000 0.010000 0.100000
0.070000 0.030000 0.020000 0.020000 0.010000 0.090000
0.090000 0.050000 0.020000 0.020000 0.010000 0.080000
0.040000 0.010000 0.020000 0.020000 0.020000 0.080000
0.070000 0.030000 0.020000 0.030000 0.030000 0.050000
0.070000 0.030000 0.010000 0.020000 0.040000 0.120000
0.080000 0.040000 0.030000 0.020000 0.020000 0.080000
0.070000 0.030000 0.030000 0.030000 0.020000 0.090000
0.080000 0.050000 0.040000 0.040000 0.030000 0.090000
0.080000 0.050000 0.030000 0.020000 0.020000 0.070000
0.070000 0.030000 0.010000 0.010000 0.010000 0.080000
0.070000 0.030000 0.010000 0.020000 0.030000 0.100000
0.120000 0.060000 0.060000 0.070000 0.050000 0.110000
0.060000 0.050000 0.050000 0.040000 0.030000 0.060000
0.090000 0.050000 0.030000 0.020000 0.020000 0.100000
0.100000 0.050000 0.030000 0.030000 0.020000 0.090000
0.080000 0.040000 0.030000 0.020000 0.020000 0.090000
0.070000 0.040000 0.020000 0.020000 0.020000 0.060000
0.120000 0.060000 0.030000 0.020000 0.020000 0.100000
0.060000 0.060000 0.060000 0.060000 0.040000 0.080000
0.100000 0.050000 0.030000 0.020000 0.020000 0.070000
0.070000 0.030000 0.030000 0.030000 0.030000 0.100000
0.080000 0.040000 0.020000 0.010000 0.020000 0.090000
0.100000 0.050000 0.020000 0.020000 0.030000 0.110000
0.100000 0.050000 0.030000 0.030000 0.020000 0.090000
0.080000 0.040000 0.030000 0.030000 0.020000 0.100000
0.110000 0.140000 0.140000 0.120000 0.090000 0.090000
0.090000 0.050000 0.040000 0.040000 0.030000 0.090000
0.130000 0.060000 0.050000 0.050000 0.040000 0.110000
0.080000 0.040000 0.020000 0.020000 0.020000 0.070000
0.120000 0.150000 0.150000 0.140000 0.110000 0.110000
0.130000 0.120000 0.110000 0.100000 0.080000 0.130000
0.130000 0.180000 0.180000 0.160000 0.130000 0.110000
0.170000 0.240000 0.250000 0.220000 0.170000 0.140000
0.080000 0.040000 0.010000 0.010000 0.010000 0.080000
0.090000 0.040000 0.010000 0.020000 0.030000 0.110000
0.130000 0.090000 0.080000 0.070000 0.060000 0.080000
0.070000 0.030000 0.000000 0.010000 0.010000 0.080000
0.050000 0.010000 0.000000 0.000000 0.000000 0.070000
0.120000 0.060000 0.030000 0.030000 0.030000 0.090000
0.110000 0.050000 0.040000 0.030000 0.030000 0.110000
0.110000 0.130000 0.130000 0.110000 0.080000 0.090000
0.160000 0.100000 0.040000 0.030000 0.030000 0.100000
0.110000 0.040000 0.010000 0.020000 0.030000 0.100000
0.110000 0.060000 0.010000 0.010000 0.010000 0.100000
0.130000 0.060000 0.010000 0.020000 0.040000 0.120000
0.090000 0.040000 0.010000 0.010000 0.020000 0.090000
0.080000 0.040000 0.010000 0.010000 0.020000 0.090000
0.110000 0.050000 0.010000 0.020000 0.030000 0.110000
0.130000 0.070000 0.020000 0.030000 0.030000 0.110000
0.070000 0.030000 0.020000 0.020000 0.010000 0.080000
0.140000 0.080000 0.030000 0.030000 0.030000 0.100000
0.110000 0.060000 0.020000 0.010000 0.010000 0.090000
0.080000 0.070000 0.080000 0.070000 0.050000 0.090000
0.090000 0.090000 0.100000 0.080000 0.070000 0.090000
0.140000 0.110000 0.100000 0.090000 0.080000 0.120000
0.080000 0.060000 0.050000 0.050000 0.040000 0.100000
0.100000 0.050000 0.010000 0.010000 0.020000 0.100000
0.100000 0.050000 0.030000 0.020000 0.020000 0.090000
0.110000 0.050000 0.040000 0.040000 0.040000 0.120000
0.090000 0.060000 0.050000 0.040000 0.030000 0.090000
0.100000 0.050000 0.030000 0.030000 0.020000 0.070000
0.140000 0.190000 0.200000 0.170000 0.140000 0.120000
0.080000 0.090000 0.090000 0.080000 0.060000 0.080000
0.090000 0.070000 0.060000 0.050000 0.040000 0.060000
0.100000 0.080000 0.080000 0.070000 0.050000 0.090000
0.080000 0.040000 0.010000 0.010000 0.020000 0.080000
0.120000 0.070000 0.040000 0.030000 0.030000 0.090000
0.110000 0.060000 0.030000 0.030000 0.030000 0.100000
0.070000 0.040000 0.040000 0.030000 0.030000 0.080000
0.130000 0.120000 0.120000 0.100000 0.080000 0.100000
0.110000 0.060000 0.030000 0.030000 0.030000 0.100000
0.090000 0.050000 0.030000 0.030000 0.020000 0.090000
0.120000 0.070000 0.050000 0.040000 0.040000 0.100000
0.080000 0.050000 0.040000 0.040000 0.030000 0.100000
0.070000 0.040000 0.030000 0.020000 0.020000 0.080000
0.120000 0.070000 0.050000 0.050000 0.040000 0.140000
0.080000 0.040000 0.020000 0.010000 0.010000 0.070000
0.080000 0.060000 0.050000 0.050000 0.040000 0.080000
0.130000 0.080000 0.070000 0.060000 0.050000 0.100000
0.070000 0.040000 0.010000 0.010000 0.010000 0.080000
0.120000 0.070000 0.030000 0.020000 0.010000 0.090000
0.250000 0.210000 0.200000 0.180000 0.140000 0.140000
0.150000 0.240000 0.250000 0.220000 0.170000 0.130000
0.120000 0.080000 0.040000 0.030000 0.020000 0.070000
0.100000 0.060000 0.020000 0.010000 0.010000 0.080000
0.100000 0.060000 0.060000 0.060000 0.060000 0.160000
0.180000 0.150000 0.140000 0.130000 0.100000 0.120000
0.120000 0.060000 0.030000 0.030000 0.040000 0.110000
0.090000 0.050000 0.040000 0.040000 0.030000 0.090000
0.160000 0.090000 0.030000 0.020000 0.020000 0.090000
0.090000 0.060000 0.030000 0.020000 0.010000 0.080000
0.100000 0.070000 0.060000 0.060000 0.050000 0.110000
0.250000 0.150000 0.100000 0.100000 0.090000 0.150000
0.090000 0.050000 0.040000 0.040000 0.030000 0.090000
0.100000 0.050000 0.020000 0.020000 0.010000 0.100000
0.190000 0.290000 0.300000 0.270000 0.210000 0.160000
0.170000 0.230000 0.250000 0.220000 0.170000 0.130000
0.090000 0.030000 0.010000 0.020000 0.030000 0.100000
0.080000 0.030000 0.010000 0.010000 0.020000 0.090000
0.150000 0.070000 0.040000 0.050000 0.070000 0.140000
0.090000 0.060000 0.060000 0.050000 0.050000 0.130000
0.120000 0.090000 0.080000 0.080000 0.060000 0.120000
0.120000 0.070000 0.030000 0.030000 0.030000 0.100000
0.100000 0.050000 0.030000 0.030000 0.030000 0.090000
0.160000 0.090000 0.060000 0.050000 0.040000 0.100000
0.080000 0.020000 0.020000 0.030000 0.040000 0.120000
0.170000 0.090000 0.030000 0.010000 0.020000 0.120000
0.110000 0.110000 0.100000 0.090000 0.070000 0.070000
0.130000 0.070000 0.030000 0.030000 0.030000 0.110000
0.080000 0.030000 0.020000 0.020000 0.020000 0.090000
0.120000 0.110000 0.120000 0.110000 0.080000 0.120000
0.070000 0.040000 0.040000 0.030000 0.020000 0.080000
0.180000 0.110000 0.040000 0.020000 0.040000 0.130000
0.190000 0.230000 0.240000 0.220000 0.170000 0.150000
0.090000 0.100000 0.100000 0.090000 0.070000 0.090000
0.160000 0.090000 0.020000 0.020000 0.050000 0.130000
0.130000 0.070000 0.040000 0.040000 0.030000 0.100000
0.120000 0.120000 0.120000 0.100000 0.080000 0.110000
0.210000 0.110000 0.060000 0.070000 0.060000 0.120000
0.080000 0.040000 0.020000 0.020000 0.020000 0.080000
0.280000 0.130000 0.050000 0.120000 0.120000 0.160000
0.100000 0.080000 0.070000 0.070000 0.050000 0.110000
0.150000 0.090000 0.040000 0.030000 0.040000 0.110000
0.250000 0.200000 0.170000 0.160000 0.120000 0.120000
0.200000 0.130000 0.110000 0.100000 0.080000 0.120000
0.100000 0.050000 0.010000 0.020000 0.030000 0.110000
0.350000 0.190000 0.070000 0.160000 0.160000 0.180000
0.120000 0.090000 0.090000 0.080000 0.070000 0.130000
0.110000 0.070000 0.060000 0.060000 0.040000 0.090000
0.200000 0.120000 0.070000 0.060000 0.050000 0.110000
0.130000 0.050000 0.030000 0.040000 0.040000 0.110000
0.340000 0.170000 0.040000 0.090000 0.100000 0.160000
0.530000 0.300000 0.060000 0.260000 0.310000 0.300000
0.740000 0.410000 0.170000 0.360000 0.420000 0.430000
0.330000 0.180000 0.020000 0.100000 0.110000 0.170000
0.470000 0.270000 0.080000 0.100000 0.090000 0.140000
0.090000 0.100000 0.100000 0.080000 0.060000 0.080000
0.120000 0.090000 0.080000 0.070000 0.050000 0.110000
0.140000 0.130000 0.160000 0.150000 0.130000 0.170000
0.210000 0.110000 0.060000 0.090000 0.140000 0.270000
0.210000 0.130000 0.070000 0.060000 0.050000 0.140000
0.090000 0.050000 0.040000 0.030000 0.030000 0.080000
0.200000 0.060000 0.050000 0.070000 0.070000 0.160000
0.250000 0.180000 0.170000 0.160000 0.120000 0.120000
0.260000 0.160000 0.060000 0.050000 0.050000 0.130000
0.220000 0.110000 0.040000 0.070000 0.120000 0.190000
0.260000 0.140000 0.040000 0.030000 0.080000 0.280000
0.130000 0.060000 0.020000 0.040000 0.050000 0.130000
0.380000 0.230000 0.070000 0.130000 0.160000 0.200000
0.150000 0.090000 0.060000 0.050000 0.040000 0.090000
0.280000 0.120000 0.090000 0.120000 0.110000 0.160000
0.230000 0.150000 0.140000 0.130000 0.100000 0.120000
0.130000 0.160000 0.160000 0.140000 0.110000 0.130000
0.090000 0.060000 0.060000 0.050000 0.040000 0.100000
0.210000 0.110000 0.050000 0.080000 0.130000 0.220000
0.230000 0.090000 0.110000 0.180000 0.180000 0.210000
0.090000 0.090000 0.090000 0.080000 0.060000 0.100000
0.300000 0.150000 0.120000 0.170000 0.180000 0.210000
0.230000 0.130000 0.050000 0.060000 0.060000 0.120000
0.250000 0.190000 0.070000 0.050000 0.200000 0.410000
0.120000 0.070000 0.050000 0.040000 0.030000 0.110000
0.130000 0.070000 0.040000 0.030000 0.030000 0.100000
0.220000 0.140000 0.090000 0.070000 0.050000 0.110000
0.100000 0.060000 0.060000 0.050000 0.040000 0.100000
0.260000 0.130000 0.030000 0.090000 0.120000 0.180000
0.150000 0.080000 0.030000 0.030000 0.040000 0.120000
0.340000 0.190000 0.070000 0.090000 0.100000 0.160000
0.110000 0.070000 0.040000 0.030000 0.020000 0.080000
0.160000 0.060000 0.040000 0.040000 0.040000 0.120000
0.150000 0.150000 0.150000 0.140000 0.110000 0.130000
0.300000 0.170000 0.100000 0.080000 0.060000 0.090000
0.100000 0.060000 0.050000 0.040000 0.040000 0.120000
0.260000 0.160000 0.050000 0.030000 0.050000 0.150000
0.140000 0.060000 0.010000 0.030000 0.040000 0.140000
0.340000 0.180000 0.030000 0.100000 0.090000 0.140000
0.140000 0.070000 0.050000 0.040000 0.040000 0.110000
0.200000 0.090000 0.080000 0.090000 0.110000 0.190000
0.120000 0.070000 0.040000 0.040000 0.030000 0.130000
0.120000 0.080000 0.120000 0.100000 0.080000 0.140000
0.190000 0.120000 0.050000 0.050000 0.040000 0.120000
0.260000 0.160000 0.060000 0.050000 0.110000 0.310000
0.330000 0.160000 0.060000 0.060000 0.050000 0.130000
0.100000 0.050000 0.040000 0.030000 0.030000 0.120000
0.170000 0.100000 0.070000 0.070000 0.050000 0.070000
0.170000 0.080000 0.020000 0.010000 0.010000 0.120000
0.410000 0.200000 0.060000 0.170000 0.180000 0.230000
0.380000 0.210000 0.070000 0.070000 0.090000 0.230000
0.300000 0.240000 0.210000 0.180000 0.130000 0.110000
0.670000 0.520000 0.260000 0.150000 0.170000 0.270000
0.350000 0.240000 0.170000 0.140000 0.120000 0.140000
0.750000 0.490000 0.200000 0.210000 0.310000 0.360000
0.680000 0.430000 0.080000 0.140000 0.180000 0.240000
0.160000 0.080000 0.070000 0.070000 0.080000 0.170000
0.180000 0.120000 0.120000 0.110000 0.090000 0.150000
0.130000 0.150000 0.380000 0.430000 0.380000 0.350000
0.210000 0.100000 0.060000 0.080000 0.110000 0.170000
0.730000 0.450000 0.050000 0.160000 0.200000 0.230000
0.390000 0.270000 0.140000 0.070000 0.160000 0.490000
0.140000 0.080000 0.050000 0.040000 0.040000 0.120000
0.180000 0.060000 0.050000 0.060000 0.050000 0.150000
0.530000 0.260000 0.090000 0.240000 0.250000 0.250000
0.570000 0.330000 0.060000 0.130000 0.150000 0.220000
0.590000 0.350000 0.090000 0.180000 0.280000 0.390000
0.660000 0.310000 0.170000 0.340000 0.390000 0.440000
0.410000 0.170000 0.090000 0.170000 0.180000 0.230000
0.300000 0.080000 0.170000 0.260000 0.220000 0.220000
0.280000 0.160000 0.030000 0.020000 0.080000 0.230000
0.210000 0.110000 0.050000 0.060000 0.060000 0.140000
0.440000 0.240000 0.050000 0.140000 0.180000 0.230000
0.190000 0.120000 0.100000 0.100000 0.110000 0.250000
0.420000 0.250000 0.200000 0.220000 0.250000 0.360000
0.940000 0.500000 0.220000 0.400000 0.460000 0.420000
0.360000 0.210000 0.030000 0.110000 0.130000 0.200000
1.280000 0.780000 0.530000 0.470000 0.360000 0.310000
0.290000 0.380000 0.390000 0.350000 0.280000 0.220000
0.170000 0.100000 0.270000 0.360000 0.330000 0.320000
0.130000 0.080000 0.040000 0.030000 0.020000 0.080000
0.170000 0.020000 0.230000 0.300000 0.290000 0.300000
0.330000 0.210000 0.040000 0.030000 0.040000 0.120000
0.470000 0.200000 0.110000 0.190000 0.140000 0.150000
0.130000 0.100000 0.100000 0.090000 0.070000 0.110000
0.170000 0.110000 0.070000 0.060000 0.040000 0.090000
0.800000 0.480000 0.060000 0.250000 0.270000 0.270000
0.610000 0.310000 0.060000 0.230000 0.230000 0.240000
0.140000 0.080000 0.030000 0.030000 0.040000 0.130000
0.360000 0.170000 0.070000 0.160000 0.160000 0.210000
0.160000 0.190000 0.190000 0.170000 0.130000 0.130000
0.840000 0.600000 0.250000 0.020000 0.110000 0.180000
0.230000 0.130000 0.040000 0.020000 0.040000 0.170000
0.210000 0.210000 0.310000 0.390000 0.360000 0.340000
0.230000 0.130000 0.090000 0.090000 0.080000 0.140000
1.060000 0.610000 0.130000 0.180000 0.300000 0.580000
0.320000 0.200000 0.090000 0.130000 0.180000 0.250000
0.290000 0.230000 0.240000 0.250000 0.300000 0.460000
0.150000 0.150000 0.160000 0.150000 0.120000 0.170000
0.670000 0.440000 0.200000 0.150000 0.100000 0.230000
0.180000 0.100000 0.050000 0.050000 0.070000 0.190000
0.470000 0.210000 0.130000 0.270000 0.290000 0.320000
0.940000 0.650000 0.150000 0.190000 0.310000 0.340000
0.530000 0.350000 0.170000 0.150000 0.150000 0.220000
0.940000 0.540000 0.290000 0.320000 0.410000 0.430000
0.610000 0.450000 0.430000 0.420000 0.330000 0.260000
0.360000 0.230000 0.140000 0.100000 0.090000 0.200000
1.380000 1.190000 0.880000 0.650000 0.330000 0.130000
0.450000 0.280000 0.070000 0.020000 0.040000 0.170000
0.750000 0.440000 0.150000 0.210000 0.340000 0.440000
0.690000 0.220000 0.270000 0.340000 0.360000 0.500000
0.370000 0.200000 0.100000 0.160000 0.300000 0.490000
0.510000 0.170000 0.290000 0.430000 0.370000 0.350000
0.510000 0.410000 0.330000 0.280000 0.400000 0.850000
0.300000 0.160000 0.100000 0.090000 0.070000 0.200000
1.500000 1.030000 0.370000 0.090000 0.300000 0.400000
1.100000 0.440000 0.380000 0.700000 0.770000 0.770000
0.370000 0.250000 0.110000 0.050000 0.020000 0.100000
1.160000 0.950000 0.550000 0.230000 0.050000 0.200000
0.110000 0.060000 0.030000 0.040000 0.060000 0.140000
1.050000 0.640000 0.180000 0.360000 0.450000 0.410000
0.620000 0.340000 0.040000 0.250000 0.290000 0.310000
0.380000 0.270000 0.230000 0.240000 0.130000 0.220000
0.500000 0.240000 0.150000 0.430000 0.580000 0.630000
0.140000 0.080000 0.080000 0.080000 0.070000 0.150000
0.210000 0.280000 0.640000 0.830000 0.810000 0.720000
0.300000 0.130000 0.110000 0.120000 0.120000 0.190000
0.120000 0.090000 0.080000 0.070000 0.060000 0.100000
0.630000 0.550000 0.310000 0.140000 0.100000 0.380000
0.230000 0.110000 0.040000 0.090000 0.110000 0.190000
0.100000 0.540000 1.010000 1.140000 1.000000 0.770000
0.210000 0.210000 0.210000 0.190000 0.150000 0.150000
0.220000 0.110000 0.460000 0.610000 0.590000 0.550000
0.220000 0.140000 0.110000 0.100000 0.080000 0.140000
0.350000 0.140000 0.150000 0.190000 0.180000 0.260000
0.580000 0.360000 0.110000 0.120000 0.190000 0.250000
1.200000 0.680000 0.220000 0.400000 0.500000 0.500000
0.760000 0.420000 0.050000 0.210000 0.230000 0.290000
0.880000 0.450000 0.110000 0.320000 0.320000 0.340000
0.790000 0.350000 0.250000 0.430000 0.330000 0.270000
0.810000 0.360000 0.140000 0.350000 0.340000 0.320000
0.890000 0.390000 0.280000 0.600000 0.670000 0.720000
0.530000 0.300000 0.040000 0.080000 0.100000 0.250000
0.640000 0.210000 0.270000 0.420000 0.350000 0.300000
0.160000 0.100000 0.100000 0.090000 0.080000 0.150000
1.100000 0.720000 0.280000 0.160000 0.060000 0.150000
0.470000 0.230000 0.100000 0.220000 0.210000 0.230000
0.560000 0.430000 0.330000 0.270000 0.210000 0.200000
0.890000 0.580000 0.270000 0.200000 0.230000 0.500000
0.180000 0.100000 0.060000 0.060000 0.060000 0.150000
0.640000 0.490000 0.220000 0.060000 0.150000 0.590000
0.710000 0.370000 0.030000 0.050000 0.030000 0.180000
1.480000 1.010000 0.340000 0.050000 0.190000 0.380000
0.740000 0.360000 0.230000 0.270000 0.270000 0.320000
1.260000 0.470000 0.590000 0.660000 0.520000 0.640000
0.830000 0.320000 0.270000 0.540000 0.610000 0.730000
0.510000 0.210000 0.330000 0.310000 0.280000 0.440000
8.200000 8.390000 7.240000 4.430000 2.090000 1.230000
0.430000 0.530000 0.530000 0.470000 0.360000 0.270000
0.850000 0.550000 0.150000 0.120000 0.310000 0.540000
0.570000 0.330000 0.010000 0.170000 0.210000 0.290000
0.340000 0.270000 0.180000 0.130000 0.100000 0.130000
0.730000 0.080000 0.900000 1.090000 1.080000 1.120000
0.770000 0.520000 0.130000 0.120000 0.190000 0.250000
0.270000 0.090000 0.150000 0.300000 0.380000 0.420000
0.130000 0.140000 0.380000 0.530000 0.600000 0.630000
0.350000 0.100000 0.550000 0.720000 0.700000 0.680000
1.650000 0.970000 0.170000 0.580000 0.640000 0.570000
1.240000 0.690000 0.150000 0.530000 0.570000 0.560000
0.910000 0.370000 0.270000 0.440000 0.430000 0.440000
0.360000 0.240000 0.340000 0.410000 0.380000 0.410000
0.810000 0.630000 0.330000 0.130000 0.060000 0.130000
0.300000 0.230000 0.100000 0.040000 0.090000 0.190000
0.890000 0.270000 0.480000 0.590000 0.450000 0.390000
2.500000 1.630000 0.180000 0.300000 0.490000 0.940000
1.740000 0.930000 0.590000 0.840000 0.690000 0.540000
1.480000 0.700000 0.440000 0.790000 0.820000 0.750000
0.470000 0.370000 0.200000 0.110000 0.080000 0.160000
0.350000 0.120000 0.520000 0.620000 0.520000 0.460000
0.430000 0.250000 0.040000 0.210000 0.440000 0.750000
2.730000 1.460000 0.480000 0.730000 0.600000 0.550000
1.000000 0.580000 0.180000 0.240000 0.340000 0.440000
1.010000 0.340000 0.830000 1.130000 1.030000 0.830000
2.240000 1.380000 0.260000 0.370000 0.320000 0.340000
0.710000 0.380000 0.130000 0.300000 0.340000 0.350000
0.470000 0.230000 0.100000 0.200000 0.230000 0.300000
0.110000 1.060000 1.720000 1.770000 1.450000 1.100000
0.320000 0.250000 0.140000 0.060000 0.150000 0.460000
0.370000 0.170000 0.670000 0.710000 0.580000 0.560000
0.300000 0.030000 0.240000 0.330000 0.420000 0.560000
1.530000 1.130000 0.480000 0.120000 0.020000 0.100000
0.650000 0.540000 0.470000 0.410000 0.340000 0.340000
1.240000 1.010000 0.600000 0.290000 0.120000 0.430000
1.050000 0.500000 0.250000 0.440000 0.330000 0.270000
0.940000 0.590000 0.090000 0.290000 0.290000 0.280000
1.320000 0.650000 0.260000 0.510000 0.410000 0.330000
0.160000 0.040000 0.280000 0.380000 0.350000 0.340000
0.240000 0.170000 0.150000 0.130000 0.120000 0.290000
0.490000 0.260000 0.690000 0.350000 0.210000 0.690000
1.700000 0.840000 0.490000 0.390000 0.260000 0.420000
0.070000 1.170000 2.140000 1.930000 1.340000 0.980000
1.940000 1.210000 0.370000 0.480000 0.550000 0.710000
3.480000 2.360000 0.220000 0.270000 0.170000 0.240000
1.380000 0.470000 0.710000 0.950000 0.970000 1.120000
1.230000 0.740000 0.170000 0.120000 0.120000 0.580000
nan nan nan nan nan nan
0.570000 0.480000 0.400000 0.330000 0.250000 0.190000
1.830000 1.170000 0.250000 0.330000 0.740000 1.000000
0.840000 0.460000 0.060000 0.350000 0.510000 0.620000
0.690000 0.670000 0.580000 0.530000 0.280000 0.370000
2.000000 1.540000 0.780000 0.170000 0.370000 1.240000
0.780000 0.310000 0.300000 0.600000 0.610000 0.560000
0.560000 0.160000 0.370000 0.670000 0.750000 0.740000
0.310000 0.140000 0.460000 0.790000 1.010000 1.130000
0.410000 0.430000 1.270000 1.490000 1.380000 1.210000
2.930000 2.060000 0.420000 0.470000 0.420000 0.340000
1.730000 0.980000 0.130000 0.450000 0.550000 0.560000
12.030000 11.990000 10.450000 6.160000 2.560000 1.650000
0.480000 0.390000 0.980000 0.920000 0.720000 0.630000
0.520000 0.240000 0.850000 0.830000 0.730000 0.690000
0.330000 0.180000 0.200000 0.320000 0.420000 0.500000
0.960000 0.220000 0.540000 0.860000 0.910000 1.050000
4.200000 3.180000 1.680000 0.110000 0.240000 0.730000
nan nan nan nan nan nan
nan nan nan nan nan nan
1.070000 0.630000 0.190000 0.320000 0.420000 0.570000
0.960000 2.150000 2.500000 1.990000 1.170000 0.690000
nan nan nan nan nan nan
23.920000 23.170000 20.210000 3.740000 1.750000 1.610000
1.290000 0.810000 0.300000 0.260000 0.460000 1.020000
7.980000 6.850000 4.660000 1.190000 0.180000 0.410000
nan nan nan nan nan nan
1.150000 0.520000 0.420000 0.710000 0.750000 0.740000
0.740000 0.420000 0.090000 0.320000 0.390000 0.440000
2.050000 3.920000 4.550000 4.340000 3.060000 1.830000
0.620000 0.620000 0.610000 0.550000 0.320000 0.380000
0.140000 0.890000 1.430000 1.250000 0.990000 0.900000
nan nan nan nan nan nan
nan nan nan nan nan nan
0.450000 0.320000 0.640000 0.700000 0.610000 0.630000
11.470000 10.060000 7.800000 4.190000 1.520000 0.440000
nan nan nan nan nan nan
3.050000 2.250000 0.860000 0.230000 0.490000 0.870000
0.570000 1.500000 1.690000 1.260000 0.640000 0.390000
0.730000 0.420000 0.130000 0.540000 0.750000 0.790000
0.390000 0.320000 0.280000 0.230000 0.110000 0.250000
nan nan nan nan nan nan
0.520000 1.460000 1.730000 0.830000 0.240000 0.280000
5.490000 4.160000 0.600000 0.140000 0.360000 0.680000
6.970000 7.370000 6.340000 3.750000 2.250000 1.770000
nan nan nan nan nan nan
0.470000 1.060000 2.290000 2.420000 1.950000 1.870000
2.910000 2.200000 0.580000 0.350000 0.260000 0.750000
10.990000 11.270000 10.900000 7.790000 3.070000 1.870000
0.680000 0.610000 0.590000 0.520000 0.390000 0.310000
4.370000 3.610000 2.520000 1.440000 0.280000 0.560000
1.240000 0.920000 0.350000 0.030000 0.240000 0.640000
0.750000 0.650000 0.570000 0.540000 0.200000 0.800000
nan nan nan nan nan nan
4.450000 5.160000 4.790000 2.740000 1.490000 1.100000
4.720000 3.730000 1.430000 0.070000 0.490000 0.730000
0.870000 0.550000 0.250000 0.830000 1.220000 1.490000
nan nan nan nan nan nan
nan nan nan nan nan nan
3.890000 2.940000 1.150000 0.180000 0.410000 0.720000
nan nan nan nan nan nan
nan nan nan nan nan nan
0.570000 2.370000 3.190000 2.740000 1.710000 1.060000
0.510000 0.210000 0.190000 0.480000 0.670000 0.800000
2.300000 1.810000 1.010000 0.260000 0.640000 1.250000
3.530000 2.740000 1.460000 0.410000 0.440000 1.190000
4.880000 5.680000 5.540000 4.690000 3.750000 3.140000
0.660000 0.080000 0.320000 0.510000 0.560000 0.100000
1.380000 0.900000 0.290000 0.340000 0.630000 0.970000
9.210000 7.670000 4.630000 0.250000 0.830000 0.980000
5.960000 6.350000 5.460000 3.760000 2.450000 2.030000
nan nan nan nan nan nan
4.130000 3.520000 2.510000 1.660000 0.940000 0.610000
nan nan nan nan nan nan
nan nan nan nan nan nan
0.100000 1.040000 1.180000 0.940000 0.790000 0.800000
0.970000 0.660000 0.220000 0.150000 0.360000 0.650000
3.790000 6.180000 7.000000 6.990000 5.520000 3.300000
1.260000 1.280000 1.300000 1.290000 0.520000 0.830000
1.320000 0.290000 1.280000 1.100000 0.700000 0.510000
2.070000 1.620000 0.760000 0.270000 0.030000 0.260000
0.660000 1.670000 2.040000 1.630000 1.050000 0.740000
0.700000 0.310000 0.480000 0.700000 0.840000 1.160000
32.410000 30.340000 26.430000 6.290000 1.370000 0.190000
nan nan nan nan nan nan
nan nan nan nan nan nan
5.160000 5.610000 4.720000 2.280000 1.090000 0.780000
1.060000 0.900000 0.650000 0.450000 0.080000 0.620000
0.650000 0.570000 0.460000 0.400000 0.250000 0.320000
nan nan nan nan nan nan
5.470000 6.250000 5.320000 2.310000 0.570000 0.390000
1.640000 2.620000 2.590000 1.570000 1.030000 1.000000
6.560000 5.380000 2.750000 0.700000 0.420000 0.290000
nan nan nan nan nan nan
nan nan nan nan nan nan
7.900000 6.580000 3.800000 1.330000 0.900000 0.220000
nan nan nan nan nan nan
0.680000 0.550000 0.560000 0.530000 0.430000 0.480000
6.140000 5.220000 3.890000 2.440000 0.780000 0.590000
2.210000 1.920000 1.450000 0.910000 0.510000 0.130000
0.320000 0.170000 0.260000 0.320000 0.590000 1.610000
nan nan nan nan nan nan
nan nan nan nan nan nan
nan nan nan nan nan nan
1.940000 1.570000 0.960000 0.160000 0.730000 1.210000
nan nan nan nan nan nan
nan nan nan nan nan nan
21.800000 19.990000 16.960000 5.520000 0.800000 0.660000
nan nan nan nan nan nan
nan nan nan nan nan nan
3.520000 4.900000 5.040000 3.910000 1.900000 1.100000
0.700000 0.460000 0.100000 0.490000 0.810000 1.050000
4.760000 4.280000 3.460000 2.440000 0.710000 0.880000
11.550000 10.370000 8.470000 5.240000 1.250000 0.580000
nan nan nan nan nan nan
0.090000 0.760000 0.840000 0.490000 0.560000 0.180000
0.330000 1.130000 2.190000 1.840000 1.470000 1.460000
nan nan nan nan nan nan
19.510000 18.990000 16.590000 11.990000 7.250000 4.430000
nan nan nan nan nan nan
2.160000 0.810000 0.870000 0.680000 0.430000 0.780000
nan nan nan nan nan nan
nan nan nan nan nan nan
3.760000 4.560000 3.850000 1.700000 0.820000 0.790000
1.290000 0.890000 0.320000 0.150000 0.280000 0.830000
13.230000 13.880000 13.790000 11.630000 10.710000 10.360000
6.230000 5.520000 4.450000 3.220000 1.400000 0.630000
5.100000 3.640000 0.470000 0.180000 0.130000 0.070000
7.330000 6.100000 3.460000 0.530000 0.100000 0.260000
7.760000 8.060000 6.690000 3.280000 1.390000 0.840000
0.420000 0.790000 1.190000 1.100000 0.980000 1.170000
14.560000 12.930000 10.670000 6.100000 0.950000 0.220000
nan nan nan nan nan nan
nan nan nan nan nan nan
11.060000 11.270000 9.710000 3.240000 1.540000 1.320000
0.490000 0.150000 0.120000 0.220000 0.390000 1.070000
