0.097889
0.067996
0.112429
0.114405
0.070050
0.092161
0.096788
0.091404
0.128625
0.065940
0.076494
0.095141
0.084092
0.100907
0.135143
0.059063
0.071717
0.115121
0.133959
0.112624
0.116225
0.060198
0.094055
0.091082
0.093369
0.093055
0.104550
0.090778
0.073070
0.080735
0.181979
0.060178
0.110437
0.133849
0.098964
0.084230
0.133974
0.076384
0.117676
0.101956
0.085495
0.113113
0.123968
0.133986
0.117480
0.107904
0.163867
0.105257
0.119805
0.153198
0.126745
0.145090
0.099101
0.107906
0.133838
0.077959
0.051054
0.147690
0.135208
0.111651
0.164892
0.157375
0.144347
0.160922
0.099081
0.094043
0.139925
0.144353
0.078056
0.148361
0.132364
0.124322
0.094190
0.146609
0.106092
0.124168
0.119970
0.131997
0.113401
0.134807
0.159048
0.087186
0.094338
0.127974
0.093293
0.146480
0.130318
0.073406
0.143562
0.138354
0.105686
0.128753
0.120895
0.095962
0.156127
0.083426
0.095259
0.152625
0.084402
0.130352
0.183519
0.089653
0.148284
0.117888
0.208056
0.164441
0.135328
0.106160
0.157475
0.103748
0.125640
0.170740
0.114457
0.155311
0.142605
0.165523
0.138244
0.110645
0.171957
0.134971
0.145581
0.147136
0.114914
0.156418
0.104468
0.172232
0.118455
0.164913
0.095699
0.173916
0.082794
0.164375
0.186804
0.113213
0.146592
0.155846
0.136079
0.170407
0.087478
0.199924
0.125232
0.154290
0.171653
0.175178
0.122652
0.187707
0.146546
0.139778
0.172461
0.185762
0.198477
0.192185
0.216720
0.195334
0.213475
0.094103
0.139296
0.202496
0.187686
0.185923
0.122196
0.225292
0.229234
0.192230
0.185061
0.222830
0.146811
0.194762
0.170008
0.199871
0.207347
0.152056
0.120174
0.184425
0.186698
0.116961
0.177377
0.183033
0.210025
0.150118
0.160140
0.186919
0.132444
0.193373
0.164651
0.207059
0.153579
0.219250
0.179011
0.206052
0.138242
0.184661
0.168622
0.203462
0.162452
0.191380
0.148271
0.216684
0.213876
0.184313
0.217686
0.143723
0.181263
0.179835
0.221917
0.247144
0.194766
0.223053
0.194118
0.218348
0.217363
0.169151
0.164645
0.214458
0.179137
0.219824
0.230258
0.178090
0.214118
0.219147
0.210895
0.232581
0.219567
0.198397
0.200885
0.208200
0.180605
0.217607
0.196844
0.200179
0.226880
0.211331
0.247983
0.200283
0.198576
0.157226
0.201925
0.203205
0.216244
0.160032
0.154959
0.218780
0.228120
0.149974
0.210780
0.179248
0.196447
0.208478
0.207407
0.193644
0.253907
0.174113
0.211912
0.203324
0.236994
0.189258
0.204938
0.233332
0.198702
0.212640
0.227678
0.218859
0.234773
0.230227
0.214284
0.251945
0.226386
0.240089
0.214824
0.229550
0.211014
0.228819
0.207345
0.230507
0.139073
0.214328
0.210548
0.242608
0.225672
0.184639
0.211337
0.225482
0.168724
0.231192
0.187665
0.215426
0.202840
0.216126
0.193658
0.258737
0.198758
0.225406
0.236571
0.244470
0.247088
0.264290
0.245310
0.231091
0.230387
0.197828
0.249836
0.231437
0.199610
0.259406
0.186033
0.245205
0.249363
0.247831
0.243928
0.243994
0.241086
0.259580
0.214014
0.181105
0.233247
0.227872
0.184023
0.245179
0.211994
0.196071
0.198918
0.235279
0.257118
0.225873
0.241171
0.233952
0.212818
0.184160
0.234054
0.245432
0.232850
0.266712
0.226640
0.258186
0.256703
0.236303
0.234274
0.225195
0.256166
0.250436
0.203531
0.224710
0.216700
0.240257
0.229561
0.230194
0.214795
0.212677
0.228180
0.225098
0.245594
0.196547
0.231619
0.267510
0.284993
0.260609
0.255377
0.279174
0.261436
0.270635
0.227828
0.222561
0.231904
0.241774
0.238584
0.244321
0.230015
0.220108
0.248865
0.241055
0.234344
0.249308
0.213825
0.241988
0.241243
0.201398
0.279568
0.264065
0.222777
0.263332
0.264469
0.249872
0.278966
0.229574
0.246910
0.220644
0.225100
0.287111
0.209376
0.240522
0.260210
0.273862
0.249432
0.261680
0.229061
0.231553
0.225688
0.247562
0.253489
0.241938
0.255820
0.247073
0.256532
0.254053
0.264557
0.274672
0.263414
0.258821
0.223946
0.232861
0.243222
0.241650
0.260211
0.250972
0.220071
0.237486
0.289584
0.259425
0.223911
0.262024
0.224161
0.265246
0.276861
0.220372
0.303582
0.272373
0.200573
0.267581
0.280615
0.262559
0.291899
0.255971
0.261976
0.258395
0.647276
0.270459
0.253845
0.274541
0.291059
0.267994
0.241431
0.252705
0.265594
0.240362
0.229601
0.261872
0.236750
0.251651
0.264350
0.289006
0.257460
0.270900
0.270057
0.282341
0.252752
0.258551
0.232691
0.226536
0.253825
0.227500
0.239895
0.265052
0.199110
0.250243
0.304730
0.250997
0.403618
0.265537
0.237219
0.282845
0.288830
0.223626
0.303515
0.269031
0.222499
0.263627
0.300119
0.291821
0.312586
0.293922
0.288675
0.271883
0.258259
0.244578
0.272612
0.275716
0.302758
0.257780
0.245765
0.259572
0.273398
0.261111
0.237950
0.262100
0.225184
0.253733
