1.530090 2.354551 2.129926 1.544449 1.786607 2.821176
0.739353 0.806726 0.807027 0.950871 1.039366 1.379941
2.040982 2.832213 3.213623 2.309634 2.329351 4.308063
1.796214 2.062937 2.222309 1.842890 1.951681 2.776608
1.713990 2.218447 2.199171 1.909595 1.240605 2.559164
1.940966 2.295247 2.072831 1.873052 1.614149 2.864552
1.322454 1.495277 1.658541 2.054404 2.315561 2.794743
1.242547 1.410685 1.480603 1.834918 1.988841 3.299947
1.367677 2.003800 1.826196 1.821203 2.290632 2.784372
0.888475 0.918324 0.867996 1.040255 1.035300 1.555988
1.033148 1.332484 1.245399 0.963411 1.043412 1.988319
1.256260 1.587802 1.722066 1.656228 1.676163 2.501476
0.839339 1.230535 1.301524 1.097628 1.134054 1.578545
0.665770 0.922908 1.335177 1.534833 1.575102 1.825057
1.645024 2.223885 2.866786 2.256501 3.051486 3.773347
1.303920 1.585158 1.273270 1.104703 0.857581 2.024147
0.969037 1.346241 1.495389 1.447432 1.333620 2.193952
1.029947 1.668086 1.841606 1.603210 1.947903 2.355763
1.644570 2.170358 2.485417 1.988287 3.024439 4.455748
1.984504 2.843857 2.496372 1.933116 2.406426 3.397109
1.387157 1.842679 1.872266 2.025593 2.176963 3.850220
1.423972 1.658749 1.284820 1.479441 1.414873 2.019608
1.803738 2.335738 2.192562 1.565735 2.554183 3.689264
2.006612 2.078538 1.919036 1.840113 2.125447 3.077764
1.698743 1.989538 1.748134 1.876184 1.397576 2.838740
1.733928 2.005238 1.795542 2.159912 1.692670 3.079282
2.103424 2.463236 2.044114 2.233121 2.296863 3.570710
2.007459 2.530765 2.082490 2.115724 1.991139 3.234343
0.768295 1.122098 1.105256 1.058206 1.033198 1.359983
0.891683 1.195646 1.205063 1.131272 1.179755 1.716625
4.147957 5.851300 5.672627 4.160772 4.187664 7.014086
1.298684 1.542934 1.390542 1.540245 1.021155 1.933187
1.874920 2.534452 2.083348 2.524980 2.662931 3.278931
1.626694 1.941859 2.191250 2.420678 2.422999 3.671346
1.308908 1.515435 1.635346 1.537065 1.588686 2.475073
1.115603 1.573647 1.587609 1.652429 1.664365 2.748316
2.211346 3.083808 2.379280 2.905034 2.859817 5.198632
1.514413 2.184015 2.250602 1.909230 1.558486 2.330431
1.382711 1.884919 2.103443 2.211785 2.156618 2.591013
2.028666 2.464036 1.873723 2.842554 2.540397 2.959503
1.301533 1.339676 1.132468 1.647927 1.437533 2.015463
1.188332 1.863251 2.058211 1.853512 1.914553 2.766420
1.500335 2.205643 2.341689 2.278447 2.211413 3.063021
2.286205 3.358425 2.979039 2.305878 2.492526 4.347198
1.359199 2.252594 2.354287 1.944983 1.782716 2.952743
2.424510 2.475084 2.601135 2.078130 2.314644 3.208127
1.765643 2.267160 2.325502 2.461718 2.606929 3.056341
1.615641 2.300375 2.131816 2.081795 1.664437 3.752586
2.100538 2.783639 3.243067 2.258412 3.115065 3.667485
2.008924 2.926137 2.821489 3.326594 3.349497 4.184950
1.967831 2.049952 2.422934 2.727573 2.529750 3.731257
2.448975 3.411594 3.653978 3.446690 3.461929 5.191300
1.040207 1.555905 1.512824 1.435553 1.440564 1.774720
1.176806 1.555453 1.528729 1.586292 1.636307 2.217947
1.096456 1.446736 2.026039 2.699478 3.222005 3.688980
0.878511 1.453198 1.378774 1.258584 1.228888 1.511879
1.106408 1.074664 1.423862 1.091492 1.065770 1.277783
2.214740 2.321205 2.406541 3.852592 2.636919 3.471519
1.597398 2.062459 2.180163 2.325668 2.692754 2.950019
2.092063 3.118030 2.237368 2.674333 2.143675 3.275196
1.250900 1.789492 2.312733 2.510988 3.011780 3.669483
1.404191 1.813691 1.749548 1.969066 2.221405 2.421489
1.559517 2.150459 2.717554 2.882933 2.401969 3.465327
1.435216 2.037972 2.175440 2.118718 2.502186 3.309453
1.007504 1.211073 1.272164 1.574328 1.727853 2.144637
0.847261 1.025287 1.446645 1.422518 1.568432 1.972573
1.503726 2.296057 2.545222 2.204269 2.507739 3.123874
1.118850 1.797161 1.865717 2.047449 2.210082 2.690406
1.036446 1.505614 1.595030 1.345013 1.228754 1.890700
1.133262 1.550740 1.805310 2.180428 2.342402 2.943501
1.513045 1.783679 2.183593 2.093999 2.220380 2.870242
1.004896 1.453266 1.524318 1.677633 1.678539 2.153145
1.374412 1.696337 1.866268 1.835424 1.529127 2.716412
1.385023 2.376693 2.435716 2.087509 2.481471 3.089936
1.005239 1.441140 1.532643 1.563403 1.535738 2.013561
0.906277 1.165826 1.637774 1.920178 1.984928 2.527812
1.670942 1.748391 1.537937 2.096592 2.098740 2.595898
1.248472 1.799682 2.078327 2.147143 2.318082 3.128193
1.374242 1.600520 1.712620 2.116859 2.028917 2.605017
2.584501 3.554332 2.483482 2.912111 2.517818 4.562758
1.769600 2.400753 2.452909 2.309371 2.431471 3.174236
1.177087 1.245052 1.120401 1.357972 1.260368 2.090770
1.125789 1.335052 1.368573 1.686106 2.027643 2.745466
1.026430 1.491818 1.674180 1.711725 1.998186 2.621338
1.547591 1.692939 1.527344 1.453363 1.828737 2.220532
1.015992 1.636895 2.357291 2.276935 2.578060 2.808247
0.917519 1.312005 1.929634 2.045210 2.020195 2.672180
0.585491 0.849986 0.947247 1.035295 1.179717 1.433671
0.990371 1.716254 1.909946 2.007648 2.362649 2.696770
0.984959 1.389399 1.733937 1.771640 1.974388 2.478376
1.009129 1.516514 1.538020 1.467315 1.507247 1.882544
0.853337 1.474795 1.642279 1.834814 2.194629 2.452139
1.524874 2.207952 2.277603 1.937679 2.552589 3.231651
1.139161 1.845670 1.915779 1.505813 1.436671 2.304809
2.689616 4.188768 4.170571 3.179184 3.787687 5.569154
0.955798 1.010853 1.158814 1.309583 1.635987 2.058710
1.189777 1.588682 1.680094 1.654245 1.566735 2.464831
1.921410 2.249904 2.285403 2.274917 2.265509 4.631207
1.142311 1.518495 1.542451 1.233982 1.719831 3.200542
1.218843 1.756738 1.864131 2.177681 2.319705 2.998133
1.697839 2.495727 2.709480 2.879200 3.320386 3.979891
0.715947 0.896095 1.142069 1.364922 1.528913 1.851969
1.057959 1.552092 1.795322 1.869396 1.872337 2.307288
1.048602 1.420776 1.740139 1.953355 1.776518 2.583152
4.008355 4.633613 3.495520 4.395235 5.001224 6.256940
1.537330 2.192839 2.316596 2.402773 2.404010 2.803588
1.459167 1.706517 1.619053 1.730998 1.943876 2.413595
0.877737 1.106131 1.336100 1.450090 1.571251 1.775307
1.224192 1.771107 2.624618 2.878000 2.696877 3.077280
0.850281 1.372120 1.322558 1.661906 2.183663 2.928803
1.890334 2.244896 2.501695 2.422642 2.141960 3.400025
1.957168 3.245022 3.201492 2.855764 3.039341 4.328746
1.847261 2.010486 2.046826 1.659310 2.194314 3.234136
2.258096 2.958236 2.559703 2.144553 2.306551 3.763229
2.163187 2.814695 2.748235 2.347357 3.174620 4.287703
2.495461 3.943551 3.937222 3.763866 3.504448 5.012963
1.402327 1.758335 2.090072 2.107003 2.217693 2.994295
2.035713 2.412913 2.141650 1.726780 1.694391 2.883263
2.246758 2.758173 2.460890 2.619946 2.913331 3.739151
1.683569 2.377090 2.779737 2.911112 3.411400 5.300639
1.618871 2.029009 2.346263 2.054051 2.864699 3.400795
1.036524 1.490987 1.895357 2.072378 2.095600 2.267013
1.172063 1.871400 2.018641 1.612048 1.753946 2.350281
1.192666 1.843684 2.080119 2.077964 2.716327 2.772628
1.605903 2.245356 2.173049 2.050270 2.477121 2.797300
1.990362 3.121997 2.830653 2.912705 3.850183 4.831145
1.354731 1.461888 1.528721 1.832863 2.532852 3.464935
1.363875 1.867650 2.125038 2.279340 2.493997 3.259723
1.031041 1.708498 1.838520 1.624448 1.491507 2.117291
1.813642 1.829735 2.490430 2.485461 3.106377 3.858315
0.976844 1.347588 1.488906 1.449096 1.293720 1.817684
2.691945 3.151014 2.965881 3.142360 3.515250 3.999518
2.028081 2.593721 3.102067 2.803652 2.889700 3.970467
1.576989 1.669843 1.689350 1.812952 1.631359 2.768786
1.405110 1.798765 2.487019 2.547214 2.910435 3.386462
1.436673 1.948673 2.076517 2.053341 2.564017 3.304696
0.938137 1.356464 1.657641 1.841525 2.107555 2.364778
1.374057 2.138109 2.344089 2.407939 2.449391 3.184950
0.829863 1.288552 1.227468 1.352256 1.487892 2.099160
1.764666 2.618853 2.497783 2.951500 3.119600 3.473224
1.349899 1.772310 1.674489 1.807445 2.003497 2.467796
1.310949 1.612607 2.065197 2.386006 2.462271 2.892254
1.339285 2.030287 2.567148 2.621852 3.072528 3.203853
1.135816 2.102894 2.393795 2.612246 2.718627 3.081039
1.125743 1.571544 1.678781 2.011159 2.008622 2.480616
1.337976 2.160663 2.634657 2.693390 2.735359 2.917920
2.482662 2.910886 3.172218 2.569162 3.312922 4.206845
1.964013 2.652014 2.785847 2.360809 3.175818 4.110730
1.662307 2.166523 2.466094 2.948512 3.130904 4.081483
2.175780 2.643396 2.245601 2.448585 2.794393 3.387144
2.792602 3.053946 3.187677 3.578181 3.783885 5.387196
2.617908 3.327433 3.313690 2.787538 3.696379 4.668088
2.390903 2.913392 3.255837 3.430176 3.590078 4.112951
1.952744 2.455119 3.198985 2.943846 3.509193 3.991087
2.126390 2.955826 3.307728 3.489602 4.268463 4.948072
1.021317 1.533433 1.227252 1.556756 1.557952 2.151892
1.378275 2.142254 2.598877 2.212598 2.087380 2.821777
2.498413 2.698512 3.287502 3.304615 4.192888 5.226279
3.775479 4.227721 4.233806 4.353108 4.725612 7.319600
2.636690 3.312069 3.985168 3.601405 4.869954 6.758462
1.770884 2.264215 2.756813 2.050178 2.322069 3.645487
2.593771 3.083754 3.437983 3.261164 4.093074 4.909415
3.706426 5.159427 5.415599 3.809455 5.387006 6.538497
2.703607 3.425297 3.457222 3.706215 3.325886 4.926598
3.029100 3.691609 3.623778 3.544897 4.335028 5.112653
4.765498 5.541541 5.737683 4.067921 4.882999 7.524634
1.944432 2.292782 1.913293 2.283641 2.402525 2.785399
1.783463 3.109994 3.553589 3.648034 3.391440 3.789266
1.660345 2.372013 2.624700 2.608516 2.964818 3.558852
1.853388 2.729656 2.952420 3.787270 4.250566 4.431215
1.522294 2.173076 2.742560 3.244991 4.285241 5.117483
1.703049 2.333711 2.602382 2.405500 2.698763 3.482320
1.665585 1.786337 2.309166 2.368938 1.961016 2.752478
3.633883 3.654178 3.977472 4.194556 4.149565 4.914443
2.070685 2.970546 3.381085 3.862565 4.666653 4.787193
1.371145 2.340371 2.407905 2.153577 1.730696 3.174344
2.635380 3.665717 3.534032 2.916612 3.292238 5.293722
2.736761 3.684197 3.688523 2.815776 3.370862 4.628760
3.231906 5.690128 5.719218 6.081541 5.777648 6.231528
2.037350 2.177760 2.720373 2.615746 2.578835 4.090967
2.164952 3.126988 3.049250 3.186540 3.352763 5.595275
3.120659 4.059496 3.098950 3.211074 3.516887 4.802045
1.810930 2.238854 3.121075 2.646351 2.345666 2.709560
2.153656 3.033671 3.226914 3.607415 3.507395 4.223355
1.129902 1.576079 2.102329 2.414504 2.374473 3.039070
1.660584 2.660907 3.030305 3.088074 3.884668 4.692386
2.487382 2.795185 2.814925 2.656276 2.735072 4.548442
2.868019 3.879566 3.661921 2.919152 3.321489 5.449111
2.484842 2.634497 2.413757 3.202828 3.233829 4.799870
2.855866 4.418381 4.799078 3.755131 4.288363 7.016350
1.893051 2.621206 2.666245 2.370994 3.569200 5.107035
1.906281 2.296937 2.608847 2.797572 3.282137 4.717265
1.910723 3.168064 3.274729 3.170254 3.325174 5.605911
1.482563 2.265755 3.342420 3.456353 3.142191 3.775865
1.357161 1.828726 2.298493 2.369005 3.212219 3.982439
1.844777 2.277443 2.816507 3.483510 4.333665 5.032045
2.946531 3.422193 3.440061 3.498877 3.603636 5.039074
4.592353 4.453474 4.199631 2.936324 4.770297 6.100361
2.875431 3.444994 3.087393 3.813951 3.789084 5.979065
4.711273 5.683062 6.212649 5.005448 6.191683 6.803829
3.154200 4.645564 3.944127 3.858012 4.723369 5.982627
3.094945 3.360170 2.837345 2.331890 2.209765 4.745859
1.905050 2.636596 2.954910 3.099435 4.793034 5.507254
2.625112 3.202458 3.409595 2.727262 4.871498 6.286304
3.309204 4.150615 4.606059 4.338886 4.333497 6.081178
4.423690 5.093876 4.624620 4.086762 5.638229 7.378065
2.458012 2.883365 3.033808 3.189447 3.316027 3.980745
2.805846 3.086500 3.134587 3.758773 5.136516 5.399101
2.206577 3.149619 3.334608 3.233468 3.244136 4.327107
2.672622 3.450707 3.209286 4.739292 5.700738 5.598033
2.383225 3.276768 3.776845 4.190993 4.150400 5.558545
1.930661 2.960590 2.807931 3.017074 4.334511 4.781371
1.913813 2.585862 3.552908 3.121893 3.070487 4.002974
3.066526 3.767804 3.830106 3.319264 5.163457 6.169139
2.796472 2.976226 3.395867 3.116887 2.908095 3.456810
2.154897 2.836500 3.132716 3.662622 4.003661 4.439383
5.251859 7.049684 5.570533 6.071412 6.524473 8.365344
2.609147 2.854436 2.960665 2.973587 3.169752 5.368800
2.638805 3.355173 4.031482 3.621348 3.998186 5.676255
1.830915 2.748023 3.068126 3.242879 3.339906 3.824071
3.943562 4.343377 4.569756 4.309178 5.398910 7.130713
3.625405 4.300051 4.432884 3.547738 4.517082 5.594934
3.642607 5.331924 4.473604 3.743888 5.295918 6.541598
3.932680 5.195790 5.178916 3.905782 4.435568 7.463105
2.821294 3.336675 3.588674 3.739986 4.372180 5.317391
5.076798 5.820332 5.959688 4.064055 4.415805 6.651341
1.715646 2.907124 2.949634 3.427508 3.529108 4.055109
2.219201 2.544733 3.289473 3.417169 4.285528 5.582297
3.594851 4.531282 4.204385 4.501387 5.100785 6.428978
4.247403 5.316933 5.633570 4.192148 5.394088 6.955119
3.576687 4.188266 4.388128 3.988641 4.268886 6.266174
2.921211 4.596590 4.293451 3.527194 4.197017 6.029667
3.964179 4.315897 4.103230 4.741532 4.767555 5.577732
3.050005 3.962956 3.779174 3.913001 4.248067 5.322098
2.916754 4.328556 4.001785 4.281887 5.091655 5.254136
2.965503 3.768273 3.268069 3.337216 3.153365 5.636938
2.592301 2.728787 2.696434 3.630677 4.117015 4.903377
2.205856 3.202619 3.289561 3.532551 4.765771 4.880228
2.023615 2.527052 3.281648 3.538180 3.394277 4.460243
1.551815 2.328456 2.325995 2.336601 2.444363 3.762160
1.833369 2.623178 2.669118 2.683011 2.567369 4.136121
3.009986 3.239706 3.207206 3.738297 4.101713 4.354909
1.863557 2.572694 3.189845 3.596554 3.756376 4.071319
1.724749 2.219729 2.445272 2.720905 2.838314 4.040430
2.568109 3.267214 3.808214 3.851010 4.678569 5.051534
2.983451 3.181340 3.200647 2.983169 4.105157 5.316931
2.641900 3.481852 3.267891 3.858425 4.515504 4.750806
4.278196 5.915257 5.952710 3.738430 4.689373 7.556935
3.218138 3.522687 4.051003 3.555008 4.915637 6.489309
2.453244 3.443348 3.528353 3.252107 3.728071 4.833695
7.071730 8.653370 8.006204 5.877334 6.368388 9.429298
3.443600 3.851414 3.826186 3.491007 3.722454 5.863422
3.594379 5.160058 4.532817 3.922007 5.108027 6.218310
3.324991 4.725614 4.259279 4.232636 4.549290 7.043087
5.553831 5.454011 4.837599 4.473144 6.124783 7.220149
3.950092 4.250428 4.975819 3.743455 4.405728 5.605821
2.683516 3.744361 4.353178 3.737846 4.398583 5.340361
2.933037 3.523619 3.615226 3.668342 5.164933 6.019869
2.867141 3.956959 4.037066 3.543574 4.665793 7.156402
2.601790 3.443049 3.729078 3.434533 4.203511 5.227410
2.743908 3.020911 3.553159 4.247347 5.203381 5.412238
3.343341 4.580573 4.062812 3.562524 4.126798 5.529458
5.988024 4.143766 4.610418 5.143970 5.466454 6.984842
3.121690 4.230883 4.278124 3.643332 5.351399 6.527719
3.938056 5.582175 4.367380 5.316350 3.873810 5.844255
6.381872 6.830954 5.551631 5.293265 6.575711 7.333503
3.784675 5.704681 5.523414 4.242377 4.359461 6.233264
3.482458 3.421831 4.220358 3.988729 4.986336 5.609327
5.184522 6.770556 5.778050 4.234996 5.712711 7.106066
5.965214 7.217543 5.858306 5.576489 5.413812 9.173558
3.214152 3.671341 3.314857 3.504332 4.651223 5.257519
3.304556 3.604917 3.926747 3.356162 4.323607 6.047658
3.314159 5.324330 5.667034 4.266380 3.908655 6.760098
3.362045 3.889649 4.149618 4.223844 4.667177 6.097046
2.163129 3.140114 3.022695 2.746512 2.597153 4.168059
2.468539 3.379774 4.920865 4.805889 5.154308 5.281362
3.169807 4.650123 4.305608 4.477343 4.761471 6.310759
4.772880 7.208517 6.566500 5.860087 5.806555 7.974902
3.959553 4.334265 4.570891 4.711150 5.447290 6.248827
2.662237 4.314477 4.092954 3.432326 3.820265 5.725135
4.113370 4.491363 4.120705 3.872694 4.819499 6.721811
3.868990 4.468014 3.817327 4.101365 5.243414 6.873009
4.916440 5.384870 5.050566 5.426753 3.491684 7.846337
4.608155 4.635447 4.348893 4.472602 6.415945 7.259562
2.627868 3.226681 3.455025 3.287154 4.006953 4.885188
4.078523 5.572900 4.142949 4.594282 5.583712 5.730887
2.735949 3.280132 4.301043 3.659168 4.140508 5.482041
3.891552 4.245854 4.431388 4.895047 5.348498 6.575925
3.307706 4.007740 4.943111 4.646159 4.575494 5.375092
2.771641 4.127269 4.452204 4.445210 4.539985 6.026827
2.662541 3.625536 3.226456 3.355007 3.756737 5.319305
2.968151 3.057624 3.478013 3.736161 4.322799 4.382065
2.795869 3.609126 4.706452 4.652105 6.347605 6.194944
6.279174 3.698431 4.272250 4.247125 5.177331 5.329910
4.236737 3.239001 3.679948 4.040407 5.100606 5.337064
3.851230 3.678573 3.776266 3.950849 4.846452 5.613995
5.148275 7.188649 6.353768 4.462563 5.474171 8.589109
5.677354 7.261376 6.779646 4.806620 5.276855 9.482697
2.795101 3.224470 3.196679 3.613749 3.754937 4.516426
2.212790 3.743418 4.486747 3.204674 3.145601 4.818214
6.269216 4.558526 4.224728 4.007601 5.210595 5.839840
2.746539 3.186715 3.483920 3.378917 3.740023 5.352011
3.374652 3.738041 3.174348 3.772194 3.449300 5.402929
4.264108 4.476206 4.610702 4.184348 5.697820 6.347112
5.898851 6.324782 6.606590 6.391264 3.978600 9.347922
5.643079 6.193729 5.927524 4.777777 7.029691 8.338936
4.958592 6.050725 6.622863 5.083301 5.851587 8.270511
3.739164 4.297193 4.143290 3.846543 4.846640 6.450598
3.766851 4.884543 4.434626 4.664977 4.487080 7.349467
8.734419 9.228019 8.094088 5.698508 6.158867 8.838699
7.696699 8.153011 6.372096 6.485758 6.330319 11.974478
4.876753 5.762688 5.069243 5.110712 5.645906 7.345405
9.550473 5.825971 6.724762 6.311764 6.960378 7.018748
1.933155 2.696217 2.977215 3.181096 3.682127 4.712623
3.996662 5.597083 5.148569 4.768277 5.920663 6.725250
3.018447 4.157623 4.126568 4.394506 5.469848 5.619730
4.078372 4.991762 5.106123 3.757456 4.773728 7.384391
6.801230 6.953350 6.846463 6.366768 6.359590 9.153566
2.135652 2.887982 2.888805 3.558302 4.711250 5.464315
2.601482 2.987423 3.877434 4.541825 5.086820 5.765442
4.126122 5.491247 5.338138 4.711566 5.951737 7.077287
4.738395 4.088307 4.452655 5.140375 5.640585 6.602487
5.254398 4.999630 4.824285 4.567435 7.049131 9.111938
4.657618 5.496044 5.844170 4.755537 5.074953 7.437594
3.725312 4.491828 4.691966 4.374586 4.633131 5.350890
4.289749 4.436124 4.127273 3.713492 4.942998 6.366220
3.995112 4.852743 4.255205 4.541252 5.500033 7.006796
2.306693 3.488771 4.378228 4.133485 4.917629 5.189125
5.132194 4.971096 4.788589 4.333677 5.756058 7.908383
6.610777 8.710133 5.995239 5.642454 6.959701 7.752314
4.715010 4.062934 3.571370 4.000450 5.284062 5.613577
6.363210 5.533032 4.157532 4.461205 4.903563 5.180238
4.078291 4.807779 4.981796 4.695811 4.603374 6.375309
3.296342 3.742855 4.669448 4.098850 4.211692 6.204284
5.624842 6.445753 4.757628 5.026558 5.214678 7.764393
10.372111 6.124750 5.669621 5.201304 4.786240 6.101586
3.602550 4.913240 4.053525 3.678827 4.700780 6.217039
3.761203 3.842046 4.133504 4.635832 5.298388 5.072485
4.807233 5.527766 5.381475 4.277610 4.529044 5.372492
3.239629 4.137920 4.032768 3.290669 4.450769 5.868140
2.683345 3.745677 3.644540 3.798224 4.703969 6.190810
5.097346 4.908602 4.607696 4.812248 6.099399 6.312565
4.413892 6.382138 6.354947 4.681117 4.724177 6.280644
4.021610 4.385050 4.892120 4.934583 5.492898 7.152993
6.011191 7.203880 7.017561 4.964201 5.145091 7.260013
4.086477 3.513110 3.738564 4.519725 6.070164 6.889125
3.384517 3.918770 3.634059 4.229526 5.512241 7.498286
4.382562 4.578334 4.792335 4.191048 5.984289 7.167189
2.877570 3.449527 3.447770 4.340821 5.007772 5.776133
3.012859 3.630867 3.933218 3.403145 4.580544 5.639710
6.237486 3.197792 3.940608 3.870272 4.353633 6.166395
3.229679 3.590618 3.692309 4.399026 3.705497 5.017934
7.943582 8.558017 6.478371 9.324678 5.695913 10.579562
8.175428 8.953050 7.949045 7.689504 7.776823 10.841408
8.072138 8.580555 7.959991 6.868484 6.925710 10.806755
7.253810 6.705956 6.569336 6.076039 5.983434 7.894877
6.649199 7.069951 6.942676 5.826971 6.581808 8.088894
7.914136 7.649798 7.716129 6.393670 6.505468 9.957474
8.277690 11.505205 8.729647 8.812377 7.627335 15.479218
8.337805 9.831703 8.286681 6.830299 7.621515 10.478192
11.242094 11.746578 10.870044 9.397932 8.437468 7.748296
2.669867 3.557235 3.787793 3.959303 5.060995 7.406235
6.239803 5.208656 5.377854 4.210380 5.144871 5.695188
4.519984 6.845842 6.304765 6.526811 7.068447 7.040303
7.249382 8.017590 7.840545 5.326061 6.400971 10.088534
6.596226 6.865722 7.367212 7.806049 11.431559 9.997594
3.166923 3.333212 3.521212 3.712204 4.809202 5.746249
3.636435 3.754265 3.904441 4.633466 5.798794 5.205257
5.088372 6.593879 7.409668 5.827831 7.029043 9.206792
7.545192 8.122811 8.519347 7.947888 7.247059 8.464926
5.478279 6.211940 4.736390 4.993295 7.359333 9.448669
5.441468 6.078862 6.642734 6.127035 5.049390 9.011223
8.541513 5.895547 6.507904 6.702632 6.705635 7.306945
4.511618 4.418742 5.300895 5.298879 5.344836 7.490984
8.455327 8.812138 6.663309 5.526309 5.716310 8.053000
4.424082 4.222486 5.197487 4.743145 4.771027 5.884498
6.305412 5.744592 5.515240 5.315477 6.507623 10.738918
6.985290 8.084152 6.994070 6.877785 6.845768 9.876047
6.046431 5.851969 6.216904 5.958554 6.668866 7.447649
4.725917 4.433230 4.079536 4.810811 5.116366 5.996184
5.936938 5.763778 5.563831 6.062602 5.724043 7.826876
9.721004 10.050545 7.243536 4.797817 4.226089 6.825067
12.905272 9.220490 7.005812 6.523242 7.610500 12.340239
11.457045 11.198814 9.735767 6.984159 5.725698 8.016456
5.459487 5.443618 5.089306 4.517695 5.943609 6.878883
5.323794 6.448762 6.329023 4.796192 5.732295 7.465372
9.761399 8.897069 7.381705 6.035423 6.162117 7.774369
7.154264 5.471591 5.068890 4.539442 4.725371 6.298809
4.577463 5.094641 5.535795 3.967908 3.981816 6.241961
8.129120 6.278889 6.569437 7.441039 8.663226 9.328611
5.721523 6.400468 7.115306 5.269391 5.977023 9.671703
8.892954 5.846997 4.835826 5.505616 6.928503 8.990020
4.130296 3.910428 4.350229 3.932918 3.965449 5.078496
5.604949 5.193129 5.438489 5.003159 4.831001 5.469740
4.593143 6.336690 5.250096 5.079384 5.523877 7.348085
6.187610 4.895410 4.507400 5.211854 6.778172 7.243687
7.466438 9.096064 7.048950 5.869697 6.116424 5.796607
4.897053 5.168420 5.099545 4.309963 6.166240 7.287571
6.780795 6.151438 4.772371 4.951906 5.161613 6.941149
5.509425 4.468049 4.819293 6.463439 6.451882 7.421104
10.009187 10.986131 6.902720 9.639398 9.251425 15.440164
12.337844 12.187202 10.777139 10.713719 9.692882 12.259618
8.588254 9.724552 8.796318 7.502464 7.108433 12.461777
5.362384 5.022638 5.228946 6.507122 6.246715 7.722542
7.284832 6.379796 7.772048 5.326645 6.127113 7.551247
8.300797 9.359120 14.632601 14.167698 6.510867 10.599310
7.551904 11.880033 10.755702 10.349183 9.812066 19.797360
10.830664 10.672877 9.012505 6.205671 9.181850 11.687119
11.278709 13.360389 10.390869 8.023439 7.116995 6.390070
3.980088 4.859611 4.666987 4.129584 6.000293 9.066140
6.036156 5.511276 5.669536 5.193325 5.468555 6.696130
5.517736 7.345541 6.791975 7.249716 6.981817 9.271488
10.485037 10.495833 9.303223 6.722278 6.316868 10.673110
10.611574 10.614338 8.825814 13.092564 14.854263 12.189660
4.508720 4.559142 3.762595 3.941830 4.830854 5.857648
4.012457 5.370567 5.064883 6.111932 6.897976 5.858693
7.448467 7.863612 9.711487 8.167432 9.517045 10.508786
11.409877 13.707800 13.497637 10.528712 7.375643 9.890881
7.282728 5.394850 5.421796 5.734156 6.099881 9.311772
7.193278 7.175446 6.559103 7.314546 6.152668 10.117517
8.338753 9.000330 8.359949 8.377813 7.763310 8.776568
6.362784 5.769900 4.270728 4.538587 4.964028 9.534281
11.340882 11.548938 8.533252 6.729683 6.548408 8.741477
6.995760 5.525405 6.328885 5.657426 5.509240 6.148308
7.088562 8.257112 9.434808 7.013957 7.787513 10.781153
7.711240 7.602565 8.606118 6.257805 8.644959 10.955509
10.179851 8.062087 7.794135 8.245092 7.651831 10.645978
9.952978 6.453089 6.851588 5.086108 6.728962 7.574482
7.964201 7.492014 6.378703 6.847540 7.345882 9.755395
7.395331 9.242320 7.748928 7.129890 5.041922 7.350585
9.037912 8.529011 8.386487 5.666554 7.537637 7.924586
17.692285 16.450116 13.888260 9.893581 8.105922 9.380988
8.322744 8.832598 7.268958 5.859045 7.434506 10.117002
6.645219 7.794938 8.902155 5.391695 7.086908 9.114895
39.413541 26.478434 24.643640 9.618804 8.638538 36.800587
6.466136 6.843834 7.251948 4.710303 6.305718 9.120005
5.339556 7.275489 6.864873 5.678746 5.560348 6.869169
12.177167 9.696931 8.736304 9.678166 10.085287 12.739138
9.728792 9.608864 8.659495 6.637948 8.363785 10.998138
8.452451 7.228154 4.877215 4.354532 5.894643 7.632505
6.466227 5.724270 5.661107 4.607411 5.823611 8.819517
8.297274 5.359309 3.896610 4.131829 5.045709 6.516040
9.890878 10.053658 7.030316 7.376308 6.756877 10.433018
8.119456 5.569269 5.637646 5.797374 7.026562 6.790575
4.481408 17.579053 4.906265 5.376230 5.038249 5.517289
7.778807 8.202321 7.543488 6.976101 7.134023 8.911632
7.741877 8.856528 5.116839 5.351080 5.529651 7.912548
6.316348 5.938825 5.867745 5.370766 6.245283 7.742793
11.433554 12.886238 10.240146 10.306351 9.631865 20.132226
12.546092 12.563728 12.053517 9.583885 10.080267 31.558747
8.808273 9.700363 9.446025 8.438844 7.917017 14.467184
6.623352 5.583014 5.188597 6.141753 5.630356 8.280314
6.618759 6.633534 4.958256 5.381589 6.253001 6.448191
12.300449 10.121614 10.423709 9.296871 7.570371 13.320740
12.722856 8.552365 11.116737 11.828294 11.025285 22.930118
14.781236 13.646071 10.281544 7.261400 10.799268 12.342244
14.080322 12.943217 31.284628 21.438700 8.059538 6.160631
5.974722 5.861417 6.120729 5.194079 5.603610 9.495130
6.564177 6.261992 6.000633 6.444387 7.405324 8.015708
5.549884 7.910004 8.177138 5.772537 6.701031 11.370396
13.711050 9.336661 9.322474 8.722716 9.237791 12.081504
15.339409 12.849711 12.568677 22.070078 32.200700 13.830586
6.102250 21.991782 5.357321 5.716797 5.452913 5.575995
6.939590 7.211659 6.516178 3.968883 5.007626 5.230102
9.306499 8.332200 8.060596 7.573228 8.009511 8.287457
12.128021 14.724888 11.903752 9.629105 6.869677 7.903694
16.910138 12.889243 8.081777 6.825449 6.172077 10.643061
9.565922 9.523989 8.542796 9.137351 7.699842 12.056208
11.460079 12.855689 11.769367 9.667735 9.615689 9.771162
6.107174 6.905361 4.277362 4.896384 5.337717 9.484186
14.184239 13.309813 9.219526 6.710844 6.316478 11.079326
8.396020 8.435648 9.042998 7.442452 6.732276 7.379735
9.250905 8.902984 9.724997 8.354344 9.066053 10.498444
13.910124 13.755602 9.236053 7.960350 8.294074 11.726856
10.903635 10.644527 11.062930 9.856344 9.353080 13.547453
9.520721 12.907011 7.225606 5.073624 6.120816 8.520146
9.074183 8.897657 6.860265 7.971602 8.279141 10.220278
6.521330 6.623774 4.719375 5.797737 5.519034 6.094981
14.832291 12.253524 9.971653 6.867846 9.087700 12.262953
10.334105 9.822694 10.223954 9.850292 10.161394 9.212781
10.159547 11.896189 9.602752 8.042397 9.559933 11.171814
7.606967 8.031908 8.289828 7.700415 7.042480 9.681943
11.439669 11.808119 8.915052 6.017967 6.478589 6.175036
7.622590 8.200045 6.142299 5.433832 7.018993 11.620818
6.332911 8.141788 7.800362 6.853354 7.170016 7.811296
16.867764 14.000336 11.878776 25.599688 30.199335 16.905910
8.993222 9.815969 10.808830 7.674482 7.754017 9.372010
8.128589 9.857076 4.275177 5.064840 6.767088 7.909554
7.837975 7.535606 7.351293 5.467086 6.143382 9.343081
8.387406 5.871786 5.289996 5.123356 5.472560 6.424898
9.921275 10.238357 6.857912 7.088375 6.934662 11.518622
9.507125 6.251864 8.026458 5.423234 5.605647 6.995354
5.294466 5.013615 5.380925 6.625004 5.555259 6.263023
8.161326 8.570744 8.013198 7.994387 7.718530 9.399119
9.687320 7.963632 6.040581 6.220304 7.090162 10.241731
7.173437 6.849927 7.132981 6.015946 6.530437 9.556418
