0.000873 0.001002 0.001133 0.001258 0.001084 0.000745
0.000641 0.000791 0.000725 0.000588 0.000458 0.000442
0.001296 0.001523 0.001312 0.001471 0.001370 0.001042
0.001426 0.001455 0.001335 0.001260 0.001051 0.000702
0.000674 0.000658 0.000557 0.000854 0.000780 0.000672
0.001054 0.001292 0.001233 0.001029 0.000740 0.000590
0.001157 0.001423 0.001344 0.001153 0.000917 0.000694
0.001051 0.001417 0.001464 0.001302 0.000973 0.000724
0.001657 0.001810 0.001687 0.001513 0.001250 0.000788
0.000601 0.000740 0.000637 0.000563 0.000462 0.000443
0.000749 0.000828 0.000721 0.000585 0.000503 0.000498
0.001172 0.001426 0.001307 0.001050 0.000790 0.000620
0.000819 0.000883 0.000776 0.000687 0.000528 0.000500
0.001286 0.001444 0.001292 0.000979 0.000662 0.000545
0.002043 0.002177 0.001820 0.001824 0.001599 0.001060
0.000498 0.000590 0.000531 0.000409 0.000466 0.000485
0.000751 0.001010 0.001017 0.000892 0.000619 0.000582
0.001714 0.002106 0.002020 0.001637 0.001223 0.000720
0.001865 0.001937 0.002112 0.002059 0.001741 0.001186
0.000943 0.000816 0.000964 0.001217 0.001143 0.000857
0.001412 0.001585 0.001635 0.001583 0.001415 0.000972
0.000615 0.000741 0.000598 0.000635 0.000573 0.000559
0.000817 0.000947 0.001188 0.001434 0.001381 0.000997
0.000930 0.001383 0.001659 0.001694 0.001442 0.000968
0.001031 0.001071 0.000876 0.000832 0.000604 0.000555
0.000873 0.001143 0.001275 0.001110 0.000882 0.000682
0.001187 0.001252 0.001317 0.001323 0.001086 0.000802
0.001118 0.001332 0.001149 0.001145 0.001059 0.000763
0.000725 0.000899 0.000798 0.000593 0.000458 0.000442
0.000798 0.001010 0.001022 0.000955 0.000708 0.000599
0.002704 0.002378 0.002260 0.002912 0.002965 0.002513
0.000520 0.000629 0.000566 0.000476 0.000533 0.000521
0.001314 0.001768 0.001822 0.001582 0.001400 0.001078
0.002068 0.002290 0.002140 0.001913 0.001685 0.001119
0.001312 0.001531 0.001394 0.001274 0.000991 0.000677
0.000845 0.001021 0.001089 0.001089 0.000956 0.000701
0.001982 0.002150 0.001974 0.001980 0.001685 0.001137
0.000527 0.000582 0.000590 0.000647 0.000611 0.000598
0.001591 0.001789 0.001667 0.001468 0.001075 0.000686
0.001120 0.001432 0.001217 0.001172 0.001087 0.000829
0.001021 0.001218 0.001104 0.000911 0.000628 0.000541
0.001579 0.001969 0.001949 0.001684 0.001352 0.000825
0.001812 0.001952 0.001645 0.001350 0.001185 0.000815
0.001704 0.001664 0.001400 0.001779 0.001642 0.001174
0.001391 0.001408 0.001353 0.001268 0.001057 0.000778
0.001293 0.001490 0.001451 0.001385 0.001118 0.000727
0.002757 0.003007 0.002761 0.002063 0.001557 0.000914
0.001089 0.001241 0.001130 0.001121 0.001048 0.000780
0.001753 0.002256 0.002528 0.002398 0.002027 0.001357
0.002688 0.003107 0.002989 0.002833 0.002405 0.001567
0.002221 0.002611 0.002440 0.001874 0.001500 0.001061
0.002647 0.003501 0.003508 0.003298 0.002560 0.001521
0.001142 0.001386 0.001248 0.000982 0.000614 0.000547
0.001315 0.001509 0.001512 0.001401 0.001116 0.000742
0.002522 0.003086 0.002929 0.002519 0.001945 0.001185
0.000806 0.000991 0.000880 0.000685 0.000523 0.000492
0.000371 0.000351 0.000323 0.000306 0.000374 0.000391
0.002649 0.002886 0.002604 0.001899 0.001428 0.000953
0.001968 0.002503 0.002416 0.002061 0.001632 0.000990
0.001450 0.001755 0.001635 0.001318 0.000955 0.000720
0.003573 0.004002 0.003678 0.002938 0.001984 0.001148
0.002679 0.002839 0.002493 0.001850 0.001286 0.000735
0.002157 0.002406 0.002310 0.002082 0.001640 0.001049
0.003014 0.003272 0.002994 0.002242 0.001625 0.001038
0.001231 0.001532 0.001441 0.001187 0.000876 0.000622
0.001121 0.001388 0.001319 0.001130 0.000825 0.000600
0.002140 0.002436 0.002336 0.002056 0.001701 0.001055
0.002603 0.003034 0.002906 0.002372 0.001747 0.000995
0.000847 0.000998 0.000879 0.000703 0.000544 0.000524
0.002696 0.003142 0.002910 0.002351 0.001561 0.000859
0.002010 0.002193 0.001940 0.001721 0.001368 0.000848
0.001818 0.001974 0.001731 0.001261 0.000938 0.000639
0.001162 0.001462 0.001436 0.001254 0.000929 0.000722
0.002439 0.002850 0.002749 0.002289 0.001739 0.001022
0.001295 0.001457 0.001327 0.001148 0.000884 0.000649
0.001912 0.002221 0.002059 0.001559 0.001084 0.000676
0.001733 0.001987 0.001812 0.001432 0.001025 0.000661
0.002223 0.002835 0.002796 0.002404 0.001897 0.001133
0.001492 0.001816 0.001698 0.001333 0.001062 0.000744
0.002013 0.002192 0.001910 0.001471 0.001427 0.001178
0.002343 0.002437 0.002321 0.002062 0.001660 0.001046
0.000899 0.001084 0.000940 0.000808 0.000571 0.000524
0.001360 0.001675 0.001562 0.001341 0.001085 0.000718
0.001912 0.002231 0.002067 0.001663 0.001165 0.000760
0.001119 0.001301 0.001157 0.000885 0.000574 0.000538
0.002416 0.002773 0.002648 0.002319 0.001680 0.000947
0.002129 0.002490 0.002296 0.001826 0.001312 0.000749
0.000739 0.000916 0.000797 0.000675 0.000504 0.000468
0.002672 0.003090 0.002865 0.002292 0.001538 0.000853
0.002189 0.002460 0.002215 0.001759 0.001262 0.000733
0.001439 0.001646 0.001485 0.001145 0.000791 0.000562
0.002133 0.002534 0.002351 0.001932 0.001335 0.000755
0.001579 0.001767 0.001809 0.001805 0.001546 0.001053
0.001084 0.001220 0.001129 0.000994 0.000741 0.000572
0.002361 0.002844 0.003294 0.003609 0.003308 0.002361
0.001014 0.001259 0.001187 0.001028 0.000776 0.000604
0.001158 0.001350 0.001257 0.001103 0.000881 0.000686
0.002906 0.003321 0.003102 0.002492 0.001684 0.001206
0.000982 0.001308 0.001404 0.001284 0.000998 0.000701
0.002204 0.002698 0.002532 0.002100 0.001464 0.000842
0.004214 0.004424 0.004269 0.003488 0.002349 0.001304
0.001108 0.001326 0.001270 0.001093 0.000777 0.000579
0.002441 0.002644 0.002334 0.001759 0.001197 0.000734
0.001610 0.001772 0.001620 0.001324 0.000916 0.000631
0.003130 0.003338 0.003153 0.003436 0.003241 0.002443
0.003188 0.003615 0.003327 0.002616 0.001728 0.000960
0.002153 0.002383 0.002242 0.001724 0.001210 0.000707
0.001362 0.001534 0.001389 0.001081 0.000748 0.000555
0.003713 0.004293 0.003965 0.003114 0.002075 0.001187
0.001404 0.001913 0.001906 0.001695 0.001214 0.000711
0.001939 0.002444 0.002358 0.001913 0.001419 0.000981
0.004269 0.004479 0.004116 0.003272 0.002670 0.001628
0.001193 0.001398 0.001425 0.001329 0.001142 0.000777
0.001925 0.002158 0.002080 0.001847 0.001533 0.001023
0.002324 0.002676 0.002507 0.002184 0.001846 0.001278
0.002345 0.002291 0.002491 0.002602 0.002372 0.001612
0.002311 0.002636 0.002440 0.001787 0.001266 0.000771
0.001516 0.001713 0.001603 0.001239 0.000870 0.000665
0.003563 0.004166 0.004028 0.003402 0.002514 0.001428
0.001732 0.001811 0.002197 0.002519 0.002303 0.001655
0.002470 0.003021 0.002964 0.002648 0.002032 0.001217
0.002616 0.002920 0.002611 0.001993 0.001306 0.000734
0.001672 0.001937 0.001787 0.001353 0.000944 0.000617
0.002872 0.003114 0.002765 0.002217 0.001532 0.000871
0.001654 0.002231 0.002249 0.001958 0.001543 0.000949
0.003505 0.003783 0.003627 0.003261 0.002436 0.001590
0.002052 0.002548 0.002425 0.002087 0.001603 0.000993
0.003312 0.003834 0.003550 0.002775 0.001736 0.001075
0.001145 0.001349 0.001208 0.001023 0.000777 0.000589
0.003825 0.004145 0.003776 0.002893 0.002014 0.001187
0.000882 0.001026 0.000888 0.000696 0.000530 0.000493
0.003802 0.004563 0.004359 0.003840 0.002729 0.001598
0.003448 0.003482 0.003305 0.002808 0.002235 0.001373
0.001371 0.001520 0.001320 0.001082 0.000777 0.000632
0.003061 0.003594 0.003360 0.002720 0.002033 0.001200
0.002527 0.002784 0.002581 0.002210 0.001737 0.001064
0.002378 0.002741 0.002512 0.001903 0.001329 0.000731
0.003994 0.004162 0.003888 0.003019 0.001873 0.000983
0.001069 0.001318 0.001205 0.000989 0.000660 0.000546
0.005366 0.005411 0.004867 0.003646 0.002379 0.001309
0.001875 0.002195 0.002072 0.001713 0.001343 0.000826
0.003105 0.003541 0.003258 0.002475 0.001751 0.000972
0.003890 0.004298 0.004002 0.003209 0.002161 0.001251
0.004231 0.004688 0.004305 0.003398 0.002193 0.001181
0.001773 0.002079 0.001927 0.001601 0.001248 0.000753
0.005502 0.005334 0.005184 0.003850 0.002424 0.001242
0.002303 0.002880 0.003004 0.002763 0.002367 0.001499
0.002069 0.002351 0.002494 0.002495 0.002266 0.001544
0.004192 0.004589 0.004216 0.003396 0.002327 0.001339
0.003873 0.003903 0.003430 0.002446 0.001694 0.000991
0.005952 0.005927 0.005544 0.004175 0.002662 0.001676
0.006043 0.005996 0.005969 0.004847 0.003179 0.001659
0.008702 0.008449 0.008408 0.006920 0.005068 0.003082
0.006073 0.006516 0.006141 0.004900 0.002994 0.001570
0.007201 0.007077 0.006941 0.005293 0.003118 0.001846
0.001130 0.001375 0.001237 0.001028 0.000770 0.000584
0.002240 0.002496 0.002237 0.001837 0.001453 0.000890
0.006093 0.006424 0.005905 0.004641 0.003191 0.001853
0.004815 0.005882 0.005649 0.004837 0.004485 0.003255
0.004119 0.004323 0.004209 0.004390 0.004156 0.003108
0.001672 0.001785 0.001566 0.001371 0.001309 0.000933
0.006199 0.005901 0.005108 0.004163 0.003211 0.001978
0.004891 0.004474 0.005431 0.005578 0.005017 0.003415
0.005198 0.005782 0.005519 0.004875 0.003458 0.001928
0.004564 0.005804 0.005777 0.005062 0.003485 0.002086
0.004295 0.004275 0.004933 0.004850 0.004617 0.003835
0.002892 0.003422 0.003257 0.002678 0.002027 0.001190
0.005442 0.005955 0.005507 0.004219 0.002671 0.001566
0.003035 0.003320 0.003170 0.002774 0.002070 0.001226
0.005247 0.005595 0.005142 0.003992 0.002989 0.001794
0.006167 0.006077 0.005501 0.004504 0.003068 0.001836
0.002570 0.002893 0.002708 0.002303 0.001992 0.001326
0.001561 0.001718 0.001633 0.001329 0.000990 0.000699
0.005162 0.006485 0.006304 0.005425 0.004080 0.002584
0.006089 0.007124 0.006733 0.005391 0.003541 0.001898
0.001543 0.001728 0.001511 0.001228 0.000877 0.000717
0.004941 0.005084 0.004767 0.003696 0.002415 0.001541
0.004703 0.004925 0.004519 0.003528 0.002253 0.001313
0.005056 0.006681 0.006584 0.006195 0.005751 0.004345
0.002510 0.002917 0.002615 0.002081 0.001760 0.001176
0.002607 0.003368 0.003331 0.003102 0.002823 0.001960
0.003968 0.004548 0.004363 0.004072 0.003310 0.002116
0.001929 0.002059 0.001771 0.001340 0.001036 0.000694
0.005085 0.005901 0.005773 0.004978 0.003426 0.001929
0.003360 0.003718 0.003420 0.002669 0.001831 0.001035
0.006002 0.005929 0.005548 0.004230 0.002940 0.001719
0.001877 0.002321 0.002408 0.002292 0.001963 0.001358
0.005178 0.004892 0.004070 0.003472 0.002745 0.001807
0.003823 0.004589 0.004382 0.003496 0.002521 0.001558
0.005630 0.005626 0.005070 0.003881 0.003121 0.002123
0.002264 0.003059 0.003261 0.003006 0.002478 0.001445
0.005031 0.005689 0.005307 0.004284 0.002931 0.001785
0.003483 0.003825 0.003559 0.002675 0.002204 0.001569
0.006086 0.005936 0.005713 0.004629 0.002862 0.001479
0.003139 0.003510 0.003279 0.002627 0.001964 0.001221
0.004694 0.005454 0.005282 0.004425 0.003344 0.002029
0.003331 0.003786 0.003529 0.003287 0.002641 0.001817
0.005545 0.006335 0.006058 0.004834 0.003643 0.002707
0.004432 0.004458 0.004415 0.003906 0.002650 0.001632
0.004369 0.004732 0.005064 0.005439 0.005173 0.003795
0.006245 0.006004 0.005204 0.003905 0.003382 0.002298
0.001646 0.001896 0.001793 0.001637 0.001586 0.001237
0.003593 0.003948 0.003613 0.003513 0.003048 0.002094
0.003838 0.004211 0.004110 0.003577 0.002856 0.001901
0.006381 0.006994 0.006850 0.005174 0.003879 0.002582
0.005669 0.005920 0.005684 0.005069 0.004334 0.003041
0.005180 0.006152 0.005793 0.004850 0.003104 0.001644
0.009473 0.010838 0.010293 0.009118 0.005453 0.003092
0.005664 0.005993 0.005633 0.004523 0.002867 0.001658
0.009511 0.009773 0.009499 0.008689 0.005642 0.003413
0.008146 0.008374 0.007725 0.005467 0.003630 0.002211
0.003131 0.003627 0.003994 0.003651 0.002986 0.001837
0.003150 0.003520 0.003337 0.002947 0.002430 0.001497
0.009358 0.009713 0.008995 0.007274 0.004823 0.002828
0.004540 0.005087 0.004825 0.003960 0.002940 0.001680
0.009412 0.009008 0.008973 0.007070 0.003953 0.002014
0.006938 0.007994 0.008514 0.008136 0.006558 0.005335
0.003277 0.003725 0.003473 0.002827 0.002410 0.001587
0.005984 0.005768 0.004907 0.003419 0.002583 0.001875
0.008747 0.008276 0.008145 0.006620 0.004296 0.002319
0.008050 0.008243 0.007942 0.006513 0.003886 0.002677
0.007749 0.007572 0.007248 0.006029 0.005340 0.003706
0.009676 0.009478 0.009388 0.007489 0.005010 0.003397
0.006317 0.006607 0.006435 0.005249 0.003254 0.002404
0.008201 0.009056 0.008544 0.006286 0.003831 0.002115
0.005397 0.005131 0.004467 0.003881 0.003492 0.002965
0.004273 0.004626 0.004237 0.003288 0.002451 0.001467
0.007676 0.007577 0.006861 0.005248 0.004047 0.002457
0.004816 0.005364 0.005026 0.005042 0.004423 0.003251
0.006370 0.007425 0.007563 0.006863 0.005419 0.003378
0.010065 0.009222 0.009327 0.007656 0.004684 0.002603
0.005376 0.005472 0.005101 0.003932 0.003335 0.002152
0.015081 0.012115 0.011434 0.009159 0.006021 0.003845
0.004006 0.003801 0.003358 0.003042 0.002701 0.002026
0.009373 0.010432 0.009840 0.007628 0.004634 0.002631
0.002905 0.003664 0.003587 0.003271 0.002773 0.001921
0.007387 0.008278 0.007863 0.006257 0.004277 0.002505
0.005846 0.006635 0.006273 0.005380 0.003910 0.002339
0.008080 0.007674 0.007476 0.005381 0.003080 0.001635
0.003016 0.003297 0.002998 0.002150 0.001630 0.001024
0.002698 0.002942 0.002640 0.002080 0.001661 0.001044
0.010934 0.009998 0.009674 0.007576 0.004406 0.002497
0.009522 0.008984 0.008313 0.006220 0.004050 0.002247
0.002862 0.003488 0.003375 0.002962 0.002267 0.001389
0.007030 0.007376 0.007125 0.005913 0.003754 0.002265
0.003814 0.003843 0.003281 0.002931 0.002345 0.001461
0.009689 0.011082 0.010696 0.009478 0.005854 0.003215
0.003991 0.004588 0.004689 0.004164 0.003623 0.002732
0.008637 0.009982 0.009471 0.007863 0.004964 0.002720
0.004062 0.004455 0.004230 0.003536 0.002402 0.001467
0.013242 0.012825 0.012916 0.011029 0.007676 0.007150
0.004337 0.004568 0.004380 0.004340 0.003810 0.002441
0.005717 0.006782 0.006651 0.006615 0.005823 0.004224
0.003514 0.004559 0.004661 0.004339 0.003597 0.002697
0.010122 0.009525 0.008126 0.006140 0.005106 0.003753
0.003141 0.003209 0.002932 0.003482 0.003344 0.002514
0.008020 0.007901 0.007826 0.006263 0.004036 0.002430
0.011077 0.011314 0.011366 0.009580 0.005684 0.003237
0.006885 0.006988 0.006661 0.005563 0.004169 0.002558
0.010256 0.009732 0.009589 0.008031 0.005119 0.002823
0.012088 0.010883 0.010331 0.007722 0.005332 0.003055
0.006818 0.006884 0.006576 0.006550 0.005097 0.003130
0.014680 0.015877 0.016239 0.015551 0.010845 0.007175
0.008609 0.008499 0.008288 0.007751 0.005781 0.003798
0.008845 0.009290 0.009095 0.007928 0.006135 0.004041
0.013664 0.011911 0.010631 0.008624 0.006342 0.004458
0.007693 0.006939 0.006816 0.006604 0.006119 0.004448
0.011246 0.010371 0.009417 0.006706 0.004672 0.002917
0.007103 0.008387 0.009788 0.010130 0.009369 0.007225
0.005627 0.006350 0.006324 0.005681 0.004913 0.004027
0.015593 0.013845 0.013896 0.013233 0.008794 0.005578
0.016206 0.012724 0.012786 0.010581 0.007108 0.004504
0.006581 0.007129 0.006567 0.005516 0.004252 0.002734
0.013298 0.014099 0.013567 0.012084 0.007137 0.004025
0.002228 0.002575 0.002910 0.002763 0.002288 0.001350
0.012689 0.012652 0.011945 0.010502 0.005766 0.003015
0.008682 0.009557 0.009409 0.007853 0.005719 0.003804
0.006310 0.006905 0.007909 0.007404 0.006489 0.004820
0.010249 0.012759 0.012615 0.011820 0.008090 0.004769
0.004176 0.004197 0.003612 0.002689 0.002223 0.001820
0.012590 0.014781 0.014328 0.012087 0.007607 0.004234
0.005552 0.005588 0.005298 0.003835 0.003330 0.002458
0.002247 0.002748 0.003126 0.002849 0.002242 0.001725
0.009143 0.011226 0.011934 0.012255 0.008850 0.005666
0.004466 0.004596 0.004421 0.003505 0.002966 0.001842
0.018020 0.018531 0.017350 0.013963 0.007707 0.004227
0.003921 0.004364 0.004050 0.003337 0.002608 0.001743
0.012813 0.012928 0.011936 0.010268 0.006596 0.003894
0.004373 0.004698 0.005076 0.004920 0.004035 0.002477
0.010114 0.009417 0.009160 0.007326 0.005449 0.003566
0.007738 0.007916 0.007557 0.005971 0.003721 0.002193
0.011763 0.009941 0.010210 0.008482 0.004880 0.002813
0.009840 0.009391 0.009611 0.007569 0.004312 0.003078
0.013160 0.011139 0.009856 0.007500 0.005347 0.003110
0.012972 0.011293 0.010597 0.007635 0.004578 0.002703
0.011483 0.010399 0.009922 0.007516 0.004341 0.002554
0.010891 0.011080 0.011188 0.009158 0.006610 0.004730
0.008303 0.007988 0.007701 0.006477 0.005001 0.004150
0.012576 0.011639 0.010709 0.007630 0.004322 0.002491
0.004037 0.004091 0.003942 0.003234 0.002597 0.001710
0.014787 0.012548 0.011839 0.010793 0.007338 0.004444
0.006896 0.006660 0.006277 0.004702 0.003055 0.001800
0.007290 0.008019 0.007474 0.005769 0.003390 0.001854
0.011863 0.011903 0.011645 0.011232 0.007646 0.005086
0.003716 0.004087 0.004342 0.004193 0.003566 0.002374
0.010763 0.012799 0.012621 0.013574 0.011001 0.007977
0.010727 0.009726 0.009022 0.008200 0.006583 0.004667
0.017921 0.014502 0.014102 0.013838 0.009303 0.005628
0.011337 0.010387 0.010240 0.008193 0.005248 0.003479
0.024233 0.015355 0.014641 0.011063 0.007610 0.006261
0.012799 0.012950 0.012502 0.010921 0.007978 0.005662
0.011739 0.011028 0.009580 0.006534 0.005893 0.004360
0.053884 0.045025 0.026965 0.014952 0.008550 0.004613
0.004940 0.005453 0.005298 0.004280 0.002922 0.001718
0.010703 0.010956 0.011558 0.011148 0.008835 0.006452
0.009013 0.009365 0.009056 0.007932 0.005397 0.003371
0.005468 0.006285 0.006272 0.005952 0.005513 0.004088
0.019639 0.017590 0.017239 0.015178 0.011083 0.007433
0.010056 0.010687 0.010693 0.009439 0.005638 0.003077
0.006724 0.008276 0.008286 0.007640 0.005662 0.003439
0.007660 0.010267 0.010249 0.009593 0.007229 0.004556
0.012606 0.013439 0.012983 0.010748 0.006880 0.004742
0.017767 0.013197 0.013120 0.010813 0.006362 0.003526
0.014793 0.012744 0.012440 0.010539 0.006018 0.003542
0.012892 0.011759 0.010939 0.009076 0.005666 0.003728
0.011642 0.011028 0.010239 0.007712 0.005438 0.003481
0.010150 0.012471 0.013351 0.013360 0.009489 0.006010
0.005212 0.006694 0.006597 0.006519 0.004878 0.002836
0.018942 0.014153 0.013851 0.010367 0.006905 0.004645
0.028820 0.018086 0.014571 0.010316 0.010263 0.008799
0.024202 0.015566 0.014526 0.011327 0.006430 0.003740
0.022872 0.015365 0.015178 0.012993 0.008541 0.005016
0.006782 0.008316 0.008366 0.007718 0.005408 0.003450
0.015131 0.013168 0.013184 0.009706 0.005988 0.003559
0.006888 0.008477 0.009153 0.009193 0.008593 0.006691
0.037460 0.024911 0.017578 0.009588 0.006710 0.004451
0.010309 0.010272 0.009956 0.008950 0.005528 0.003319
0.023796 0.016225 0.015728 0.012540 0.007081 0.003886
0.031341 0.018282 0.013166 0.010101 0.006661 0.004058
0.009569 0.009264 0.009527 0.007695 0.004775 0.002710
0.007887 0.007817 0.007491 0.006068 0.003978 0.002782
0.020278 0.020969 0.020904 0.017200 0.009948 0.005731
0.007750 0.007958 0.007794 0.007495 0.006681 0.004740
0.016821 0.014119 0.012660 0.009360 0.006603 0.004216
0.008443 0.008836 0.008991 0.008472 0.006958 0.004842
0.018611 0.015320 0.014336 0.010407 0.005864 0.003681
0.008225 0.008720 0.008274 0.007041 0.004742 0.002820
0.016050 0.016126 0.015388 0.013286 0.009168 0.006051
0.021385 0.013457 0.012322 0.010029 0.006449 0.003793
0.012845 0.011636 0.010962 0.007903 0.004759 0.002776
0.017941 0.013431 0.013434 0.010218 0.004804 0.002537
0.008673 0.009813 0.009228 0.007520 0.005006 0.002754
0.004408 0.004494 0.005992 0.006109 0.005566 0.004740
0.020513 0.019343 0.017486 0.015751 0.014541 0.012244
0.027794 0.016191 0.014206 0.010727 0.008191 0.006472
0.028376 0.025470 0.022309 0.016644 0.009620 0.006901
0.020273 0.015340 0.014813 0.012192 0.008562 0.006768
0.050525 0.029469 0.018852 0.013551 0.008786 0.006075
0.023817 0.016649 0.016526 0.016050 0.012388 0.008543
0.015812 0.012880 0.010322 0.010825 0.010264 0.008412
0.018411 0.015802 0.016108 0.014186 0.009196 0.005545
0.007966 0.008145 0.007662 0.005713 0.004248 0.003006
0.027112 0.019035 0.016200 0.013738 0.011064 0.007568
0.011886 0.011472 0.012013 0.011503 0.008003 0.004627
0.007673 0.010128 0.010702 0.009666 0.008462 0.007337
0.022852 0.018133 0.016532 0.015638 0.013190 0.011496
0.013370 0.012760 0.011828 0.009451 0.005738 0.003088
0.009555 0.011515 0.011933 0.010894 0.007631 0.004511
0.010520 0.014558 0.015082 0.014601 0.011289 0.007461
0.015726 0.018447 0.019786 0.017083 0.011263 0.006864
0.032904 0.020068 0.016627 0.011490 0.006023 0.003233
0.028122 0.019346 0.015719 0.013732 0.008348 0.005050
0.066175 0.056141 0.034874 0.016002 0.010410 0.006369
0.023321 0.017557 0.015661 0.011006 0.006978 0.004544
0.016054 0.018957 0.018687 0.015371 0.011372 0.008329
0.007876 0.010257 0.010098 0.009208 0.006618 0.003951
0.024600 0.020725 0.017611 0.016023 0.011373 0.008146
0.041399 0.033111 0.020066 0.014312 0.011004 0.009283
0.018807 0.015598 0.014444 0.012673 0.009091 0.005642
0.031143 0.021155 0.016033 0.008002 0.004979 0.002998
0.011239 0.010649 0.009913 0.007396 0.005364 0.004530
0.039677 0.026226 0.019567 0.013628 0.006573 0.003277
0.024179 0.021067 0.020877 0.016483 0.012634 0.010619
0.101486 0.093336 0.051929 0.015714 0.011161 0.007578
0.013824 0.013597 0.012808 0.012882 0.011477 0.008942
0.044882 0.036053 0.023008 0.015020 0.008516 0.005601
0.060241 0.045124 0.022116 0.014737 0.009343 0.005747
0.016604 0.013559 0.013839 0.011424 0.007451 0.004414
0.009674 0.009968 0.010011 0.008308 0.005364 0.003190
0.032321 0.035133 0.040937 0.026365 0.013398 0.008442
0.007987 0.011454 0.012907 0.012933 0.010834 0.007991
0.029438 0.019563 0.016779 0.013392 0.009294 0.006241
0.012159 0.011428 0.010817 0.008048 0.004726 0.002692
0.019599 0.015474 0.015670 0.013241 0.007227 0.003987
0.020791 0.015531 0.013924 0.009799 0.006616 0.004574
0.056037 0.045668 0.030075 0.019892 0.013337 0.008932
0.130628 0.121455 0.077040 0.015579 0.008321 0.004669
0.027843 0.017810 0.015696 0.013378 0.009267 0.006786
0.034623 0.021917 0.016814 0.012325 0.006838 0.004109
0.011264 0.013188 0.013486 0.012505 0.008450 0.005254
0.005751 0.006110 0.007418 0.007528 0.006556 0.005439
0.025361 0.023800 0.022746 0.026387 0.023901 0.019974
0.040397 0.023546 0.017368 0.014534 0.011379 0.009402
0.043918 0.024008 0.015283 0.012947 0.009239 0.006905
0.057656 0.045019 0.025438 0.017700 0.012105 0.008472
0.085741 0.086582 0.048816 0.044113 0.048514 0.048374
0.033197 0.025395 0.021519 0.018859 0.015416 0.011914
0.026790 0.016903 0.012748 0.011768 0.011201 0.009857
0.080648 0.065466 0.046404 0.022475 0.012184 0.007193
0.009522 0.009138 0.009644 0.007957 0.005347 0.003917
0.038688 0.029359 0.021593 0.018149 0.012094 0.007679
0.015486 0.014527 0.013765 0.012698 0.010475 0.008857
0.010440 0.011758 0.013431 0.012902 0.012723 0.011927
0.014439 0.016700 0.039758 0.053550 0.048950 0.046848
0.050614 0.036419 0.020033 0.013926 0.008930 0.005326
0.038832 0.023476 0.016369 0.012190 0.009095 0.006005
0.011989 0.014448 0.017460 0.017560 0.014860 0.011029
0.017392 0.015644 0.016786 0.014028 0.009393 0.006014
0.027389 0.017626 0.015790 0.010451 0.005493 0.004091
0.035544 0.022115 0.017802 0.014754 0.009118 0.005779
0.025939 0.026795 0.026669 0.018489 0.010994 0.006834
0.022925 0.016195 0.015245 0.010329 0.006412 0.004735
0.025248 0.027533 0.028459 0.020392 0.010592 0.007032
0.009427 0.012490 0.012757 0.012304 0.009248 0.005813
0.026232 0.024211 0.021035 0.017951 0.014100 0.011619
0.039943 0.035736 0.032421 0.025212 0.015172 0.012127
0.067780 0.053641 0.041975 0.029283 0.020383 0.015594
0.044940 0.030328 0.027852 0.022780 0.013604 0.008610
0.013559 0.013771 0.013402 0.010398 0.008238 0.006162
0.054191 0.043010 0.022752 0.019204 0.011863 0.006930
0.044359 0.034664 0.027470 0.019429 0.013802 0.011343
0.026721 0.022347 0.020655 0.017787 0.013566 0.010029
0.030686 0.024125 0.018832 0.016805 0.014491 0.012714
0.069933 0.061035 0.029870 0.015671 0.009936 0.007070
0.963783 0.898682 0.769470 0.115839 0.097351 0.092248
0.027886 0.019236 0.014134 0.012028 0.007513 0.005330
0.011481 0.011642 0.010465 0.009742 0.006820 0.004880
0.037348 0.043146 0.046173 0.038890 0.022092 0.014532
0.013165 0.016408 0.018659 0.018213 0.014076 0.011667
0.036022 0.026063 0.019072 0.012161 0.006322 0.004445
0.024300 0.017817 0.015833 0.010336 0.005509 0.004180
0.040074 0.024042 0.018783 0.013273 0.007534 0.004283
0.019456 0.018088 0.016659 0.013876 0.010506 0.008299
0.123985 0.115706 0.071787 0.021939 0.014017 0.009385
0.194304 0.187389 0.134993 0.018401 0.010262 0.008275
0.048756 0.037745 0.027909 0.015568 0.012241 0.010033
0.046919 0.031517 0.018709 0.010022 0.006863 0.004354
0.011211 0.015946 0.017381 0.017100 0.013176 0.009614
0.008160 0.008794 0.009568 0.009734 0.008138 0.006761
0.021245 0.025185 0.032383 0.048676 0.050229 0.052408
0.051681 0.043696 0.021968 0.014304 0.013075 0.011413
0.042470 0.030822 0.021195 0.015010 0.010588 0.008003
0.058303 0.042698 0.025235 0.015265 0.009342 0.005853
0.147803 0.132589 0.080667 0.024751 0.017002 0.013871
0.051166 0.039156 0.027146 0.020975 0.017361 0.014197
0.046177 0.031959 0.017957 0.015074 0.013701 0.013354
0.239085 0.230981 0.226306 0.158026 0.014883 0.008459
0.013340 0.012987 0.011971 0.008621 0.005469 0.004170
0.046272 0.035509 0.023290 0.020653 0.015039 0.010438
0.022186 0.018634 0.017676 0.015471 0.015813 0.013928
0.018972 0.017931 0.015569 0.016452 0.017748 0.016896
0.025120 0.028478 0.054803 0.073424 0.082852 0.088758
0.143031 0.137828 0.091213 0.015529 0.011314 0.007215
0.128610 0.121688 0.070857 0.015364 0.007333 0.003759
0.020581 0.018288 0.016778 0.015387 0.013866 0.010364
0.023823 0.024428 0.026422 0.023826 0.016655 0.010913
0.564714 0.552736 0.064688 0.025806 0.021294 0.014415
0.091939 0.082210 0.043532 0.017268 0.010810 0.007400
0.018667 0.015847 0.015843 0.014165 0.010625 0.007118
0.028662 0.018704 0.016730 0.010863 0.006593 0.004781
0.034419 0.035150 0.034432 0.021783 0.009731 0.007908
0.009596 0.013455 0.014508 0.014763 0.011934 0.008234
0.034575 0.031098 0.029572 0.024011 0.014804 0.012098
0.055579 0.051046 0.041340 0.027018 0.016163 0.013924
0.014164 0.025868 0.028961 0.023602 0.017577 0.012984
0.057391 0.038684 0.026034 0.022076 0.012815 0.008485
0.037130 0.023671 0.018439 0.013680 0.010672 0.008350
0.144743 0.138871 0.087659 0.012229 0.007153 0.004370
0.093612 0.079757 0.062416 0.042126 0.021047 0.014888
0.076853 0.058719 0.031973 0.018437 0.011353 0.007570
0.039759 0.028912 0.018515 0.013871 0.012488 0.012452
0.154094 0.140915 0.125514 0.070928 0.011072 0.008510
0.156133 0.144609 0.087753 0.017343 0.009243 0.005166
0.038744 0.028536 0.017672 0.009578 0.008511 0.007282
0.015341 0.013645 0.012672 0.011306 0.009137 0.007154
0.065266 0.061608 0.061039 0.072320 0.050518 0.044657
0.036990 0.030559 0.026862 0.021759 0.015329 0.012232
0.042800 0.027441 0.017339 0.010217 0.007693 0.005565
0.042785 0.029851 0.020115 0.013147 0.007180 0.004717
0.058003 0.042644 0.021430 0.012564 0.006616 0.003570
0.025471 0.020061 0.018229 0.013596 0.010463 0.008525
0.086340 0.072744 0.045943 0.023070 0.012392 0.007273
0.039679 0.032026 0.027760 0.016783 0.011774 0.008617
0.148555 0.144518 0.095757 0.018109 0.012529 0.010183
0.063059 0.054178 0.027245 0.013759 0.010517 0.007419
0.016932 0.014327 0.014138 0.014979 0.013217 0.010385
