0.000713 0.000918 0.001004 0.001005 0.000872 0.000588
0.000531 0.000704 0.000651 0.000489 0.000393 0.000394
0.000948 0.001222 0.001216 0.001297 0.001212 0.000809
0.001093 0.001340 0.001191 0.001166 0.000856 0.000632
0.000545 0.000577 0.000477 0.000616 0.000699 0.000519
0.000823 0.001190 0.001184 0.000980 0.000656 0.000494
0.000905 0.001296 0.001277 0.001071 0.000839 0.000626
0.000818 0.001264 0.001390 0.001223 0.000856 0.000630
0.001327 0.001698 0.001640 0.001436 0.001049 0.000698
0.000509 0.000658 0.000593 0.000478 0.000394 0.000395
0.000590 0.000708 0.000643 0.000483 0.000437 0.000420
0.000914 0.001327 0.001248 0.000968 0.000679 0.000529
0.000628 0.000809 0.000711 0.000575 0.000455 0.000406
0.000986 0.001353 0.001198 0.000930 0.000605 0.000493
0.001577 0.001851 0.001698 0.001607 0.001230 0.000752
0.000458 0.000524 0.000476 0.000338 0.000376 0.000379
0.000602 0.000904 0.000902 0.000729 0.000560 0.000483
0.001326 0.001919 0.001849 0.001514 0.000989 0.000636
0.001475 0.001844 0.001878 0.001954 0.001555 0.000872
0.000722 0.000725 0.000850 0.001020 0.000937 0.000669
0.001138 0.001462 0.001492 0.001493 0.001177 0.000757
0.000496 0.000612 0.000514 0.000502 0.000495 0.000399
0.000659 0.000811 0.000938 0.001085 0.001081 0.000720
0.000675 0.001088 0.001212 0.001233 0.001099 0.000701
0.000807 0.001014 0.000838 0.000750 0.000569 0.000499
0.000674 0.000994 0.001127 0.000942 0.000742 0.000602
0.000885 0.001165 0.001222 0.001195 0.000939 0.000666
0.000830 0.001136 0.001057 0.001055 0.000875 0.000618
0.000588 0.000804 0.000745 0.000563 0.000395 0.000383
0.000625 0.000878 0.000823 0.000755 0.000627 0.000419
0.002289 0.002237 0.002021 0.002751 0.002673 0.001543
0.000473 0.000571 0.000515 0.000417 0.000441 0.000359
0.000985 0.001434 0.001640 0.001422 0.001187 0.000785
0.001591 0.002095 0.001965 0.001793 0.001374 0.000836
0.001008 0.001418 0.001328 0.001115 0.000802 0.000597
0.000674 0.000880 0.000876 0.000893 0.000778 0.000557
0.001578 0.002025 0.001898 0.001811 0.001419 0.000890
0.000470 0.000485 0.000499 0.000552 0.000572 0.000507
0.001211 0.001608 0.001497 0.001158 0.000825 0.000561
0.000790 0.001115 0.001077 0.000916 0.000909 0.000640
0.000808 0.001133 0.001061 0.000843 0.000561 0.000444
0.001240 0.001802 0.001775 0.001500 0.001031 0.000655
0.001383 0.001817 0.001532 0.001272 0.000995 0.000680
0.001300 0.001442 0.001318 0.001534 0.001438 0.000884
0.001094 0.001325 0.001281 0.001204 0.000938 0.000699
0.001029 0.001389 0.001381 0.001203 0.000949 0.000676
0.002234 0.002793 0.002443 0.001935 0.001281 0.000758
0.000817 0.001026 0.000990 0.000948 0.000881 0.000620
0.001319 0.001915 0.002331 0.002269 0.001722 0.000946
0.002135 0.002778 0.002893 0.002640 0.001981 0.001029
0.001706 0.002348 0.002197 0.001779 0.001310 0.000848
0.001969 0.002837 0.002975 0.002548 0.001866 0.001008
0.000881 0.001256 0.001167 0.000893 0.000567 0.000461
0.000996 0.001386 0.001317 0.001089 0.000882 0.000566
0.001846 0.002554 0.002460 0.001935 0.001354 0.000814
0.000634 0.000914 0.000848 0.000632 0.000451 0.000411
0.000319 0.000324 0.000298 0.000272 0.000318 0.000323
0.001976 0.002647 0.002344 0.001729 0.001176 0.000765
0.001539 0.002211 0.002200 0.001927 0.001315 0.000776
0.001129 0.001573 0.001503 0.001198 0.000852 0.000624
0.002693 0.003391 0.003085 0.002334 0.001584 0.000863
0.001988 0.002506 0.002217 0.001728 0.001050 0.000679
0.001713 0.002241 0.002212 0.001786 0.001316 0.000812
0.002377 0.003121 0.002784 0.002015 0.001336 0.000760
0.000940 0.001422 0.001398 0.001112 0.000729 0.000530
0.000846 0.001258 0.001222 0.001011 0.000678 0.000518
0.001684 0.002163 0.002040 0.001846 0.001354 0.000806
0.002023 0.002834 0.002736 0.002166 0.001372 0.000786
0.000676 0.000926 0.000854 0.000644 0.000481 0.000434
0.002046 0.002765 0.002623 0.002004 0.001227 0.000745
0.001583 0.001992 0.001800 0.001604 0.001154 0.000735
0.001362 0.001729 0.001529 0.001213 0.000798 0.000572
0.000900 0.001322 0.001283 0.001026 0.000782 0.000611
0.001853 0.002607 0.002503 0.002019 0.001345 0.000777
0.001017 0.001361 0.001243 0.000984 0.000727 0.000522
0.001498 0.002109 0.001940 0.001486 0.000917 0.000618
0.001380 0.001872 0.001723 0.001356 0.000868 0.000597
0.001647 0.002366 0.002435 0.002099 0.001465 0.000835
0.001170 0.001681 0.001611 0.001259 0.000884 0.000641
0.001622 0.002071 0.001791 0.001343 0.001122 0.000838
0.001937 0.002316 0.002226 0.001996 0.001400 0.000818
0.000728 0.000996 0.000913 0.000734 0.000540 0.000473
0.000895 0.001270 0.001241 0.001061 0.000855 0.000539
0.001492 0.001990 0.001854 0.001423 0.000974 0.000685
0.000864 0.001222 0.001094 0.000816 0.000519 0.000446
0.001873 0.002514 0.002441 0.001942 0.001300 0.000765
0.001671 0.002321 0.002194 0.001734 0.001065 0.000686
0.000595 0.000814 0.000761 0.000615 0.000433 0.000411
0.002081 0.002778 0.002552 0.001911 0.001241 0.000736
0.001672 0.002230 0.002049 0.001640 0.001035 0.000673
0.001123 0.001543 0.001411 0.001068 0.000663 0.000504
0.001647 0.002342 0.002198 0.001698 0.001087 0.000683
0.001190 0.001472 0.001629 0.001587 0.001310 0.000811
0.000785 0.001122 0.001063 0.000899 0.000617 0.000518
0.001924 0.002546 0.002825 0.002976 0.002624 0.001398
0.000752 0.001113 0.001062 0.000862 0.000650 0.000490
0.000873 0.001229 0.001160 0.001060 0.000809 0.000588
0.002288 0.003108 0.002871 0.002157 0.001446 0.000883
0.000708 0.001144 0.001307 0.001195 0.000903 0.000637
0.001645 0.002136 0.002034 0.001690 0.001194 0.000729
0.003227 0.003955 0.003797 0.002952 0.001758 0.000941
0.000853 0.001233 0.001202 0.000972 0.000645 0.000471
0.001589 0.001987 0.001740 0.001286 0.000899 0.000575
0.001186 0.001462 0.001300 0.001069 0.000746 0.000562
0.002440 0.002792 0.002759 0.002603 0.002379 0.001505
0.002480 0.003323 0.003048 0.002275 0.001336 0.000780
0.001666 0.002218 0.002041 0.001619 0.000992 0.000651
0.001076 0.001430 0.001284 0.001006 0.000644 0.000500
0.002721 0.003601 0.003264 0.002360 0.001562 0.000856
0.001087 0.001612 0.001637 0.001331 0.000891 0.000602
0.001478 0.002124 0.002020 0.001593 0.001103 0.000770
0.003072 0.003994 0.003600 0.003117 0.001996 0.001031
0.000916 0.001273 0.001377 0.001287 0.000997 0.000703
0.001650 0.001959 0.001942 0.001740 0.001352 0.000838
0.001768 0.002335 0.002248 0.001999 0.001542 0.000886
0.001900 0.002192 0.002046 0.002205 0.001849 0.001042
0.001676 0.002192 0.001961 0.001552 0.001049 0.000688
0.001129 0.001467 0.001356 0.001094 0.000753 0.000576
0.002823 0.003617 0.003446 0.002714 0.001775 0.000924
0.001388 0.001698 0.001867 0.002082 0.001855 0.001088
0.001936 0.002770 0.002905 0.002491 0.001656 0.000877
0.002015 0.002613 0.002346 0.001743 0.001065 0.000677
0.001313 0.001840 0.001701 0.001293 0.000784 0.000562
0.002240 0.002835 0.002454 0.001881 0.001200 0.000743
0.001149 0.001588 0.001683 0.001502 0.001115 0.000700
0.002735 0.003438 0.003313 0.002779 0.002015 0.001038
0.001311 0.001784 0.001773 0.001504 0.001164 0.000705
0.002585 0.003418 0.003079 0.002168 0.001394 0.000840
0.000832 0.001131 0.001064 0.000900 0.000672 0.000525
0.002908 0.003567 0.003149 0.002461 0.001665 0.000888
0.000707 0.000938 0.000871 0.000643 0.000471 0.000445
0.002942 0.004171 0.004196 0.003423 0.002207 0.001024
0.002821 0.003358 0.003095 0.002627 0.001781 0.000946
0.001091 0.001410 0.001268 0.001021 0.000704 0.000541
0.002293 0.003243 0.003116 0.002460 0.001611 0.000869
0.002029 0.002585 0.002429 0.001922 0.001370 0.000809
0.001843 0.002497 0.002272 0.001740 0.001062 0.000672
0.002939 0.003713 0.003330 0.002383 0.001403 0.000794
0.000822 0.001186 0.001137 0.000915 0.000585 0.000462
0.004117 0.004981 0.004375 0.003096 0.001767 0.000911
0.001475 0.002051 0.001979 0.001605 0.001074 0.000659
0.002423 0.003274 0.003021 0.002233 0.001378 0.000779
0.002943 0.003878 0.003557 0.002689 0.001695 0.000885
0.003138 0.004008 0.003689 0.002766 0.001669 0.000878
0.001396 0.001940 0.001800 0.001482 0.001001 0.000645
0.004131 0.004842 0.004330 0.003082 0.001682 0.000904
0.001790 0.002546 0.002667 0.002488 0.001857 0.000993
0.001669 0.002166 0.002251 0.002180 0.001713 0.001006
0.003121 0.003774 0.003428 0.002675 0.001825 0.000940
0.002708 0.003277 0.002773 0.002201 0.001418 0.000798
0.004551 0.005464 0.004770 0.003513 0.002197 0.001115
0.004988 0.005373 0.004935 0.003686 0.002054 0.001117
0.007155 0.007508 0.006851 0.005421 0.003322 0.001546
0.004550 0.005744 0.005316 0.003906 0.002198 0.001014
0.005557 0.006333 0.005392 0.003676 0.002407 0.001161
0.000870 0.001268 0.001195 0.000990 0.000682 0.000525
0.001753 0.002363 0.002102 0.001692 0.001169 0.000705
0.004470 0.004987 0.004537 0.003412 0.002411 0.001187
0.003575 0.004688 0.004487 0.004093 0.003390 0.001843
0.003236 0.003906 0.003830 0.003831 0.003085 0.001715
0.001277 0.001694 0.001508 0.001299 0.001056 0.000716
0.004667 0.005097 0.004514 0.003654 0.002365 0.001165
0.004138 0.004191 0.004264 0.004484 0.003442 0.001753
0.003974 0.005097 0.004905 0.003601 0.002316 0.001114
0.003438 0.004712 0.004819 0.003918 0.002570 0.001292
0.003496 0.003868 0.004273 0.004176 0.003638 0.002207
0.002220 0.003047 0.002940 0.002382 0.001577 0.000856
0.004237 0.005311 0.004764 0.003405 0.002032 0.001024
0.002468 0.003052 0.002778 0.002187 0.001545 0.000866
0.004201 0.005072 0.004548 0.003618 0.002445 0.001142
0.004552 0.005736 0.005041 0.003637 0.002373 0.001151
0.001992 0.002557 0.002488 0.002206 0.001629 0.000918
0.001241 0.001612 0.001448 0.001115 0.000821 0.000613
0.003784 0.005228 0.005240 0.004590 0.003001 0.001421
0.004411 0.005926 0.005663 0.004375 0.002601 0.001165
0.001240 0.001625 0.001426 0.001144 0.000770 0.000603
0.003659 0.004499 0.004120 0.002990 0.001944 0.001033
0.003555 0.004531 0.003942 0.002807 0.001689 0.000932
0.003970 0.005532 0.005888 0.005824 0.004187 0.002169
0.001916 0.002456 0.002209 0.001911 0.001508 0.000871
0.002058 0.002878 0.003198 0.002952 0.002221 0.001201
0.002985 0.003956 0.004101 0.003516 0.002509 0.001251
0.001521 0.001947 0.001669 0.001275 0.000894 0.000625
0.003816 0.005182 0.005205 0.004006 0.002417 0.001139
0.002672 0.003505 0.003235 0.002415 0.001452 0.000816
0.004670 0.005543 0.004717 0.003704 0.002385 0.001107
0.001512 0.002111 0.002221 0.001862 0.001458 0.000913
0.003959 0.004269 0.003741 0.003145 0.002233 0.001152
0.002792 0.003794 0.003627 0.002916 0.001948 0.001020
0.004263 0.004984 0.004132 0.003146 0.002269 0.001347
0.001671 0.002480 0.002901 0.002673 0.001875 0.000978
0.003714 0.004685 0.004439 0.003507 0.002269 0.001111
0.002612 0.003469 0.003195 0.002420 0.001846 0.001042
0.004710 0.005714 0.005051 0.003555 0.002069 0.000982
0.002494 0.003301 0.003061 0.002421 0.001642 0.000878
0.003734 0.004859 0.004610 0.003553 0.002212 0.001173
0.002437 0.003469 0.003420 0.002868 0.002210 0.001178
0.003881 0.004827 0.004297 0.003862 0.003037 0.001495
0.003520 0.004231 0.004112 0.002978 0.002048 0.001068
0.003150 0.004103 0.004418 0.004834 0.004109 0.002195
0.004772 0.005373 0.004498 0.003649 0.002554 0.001292
0.001330 0.001778 0.001690 0.001357 0.001238 0.000850
0.002854 0.003755 0.003475 0.002974 0.002167 0.001187
0.003060 0.003859 0.003678 0.003043 0.002467 0.001239
0.004851 0.006165 0.005570 0.004243 0.002893 0.001427
0.004712 0.005363 0.005384 0.004859 0.003593 0.001862
0.003872 0.004819 0.004510 0.003316 0.002044 0.001020
0.006957 0.008780 0.008398 0.006570 0.003791 0.001648
0.004048 0.004817 0.004429 0.003222 0.002112 0.001050
0.007041 0.008477 0.008546 0.006878 0.003892 0.001664
0.006459 0.007082 0.006323 0.004553 0.002805 0.001308
0.002440 0.003063 0.003306 0.003133 0.002322 0.001154
0.002422 0.003160 0.003137 0.002736 0.001817 0.000964
0.007040 0.008047 0.006975 0.005356 0.003005 0.001510
0.003411 0.004460 0.004232 0.003402 0.002099 0.001044
0.007079 0.007540 0.007130 0.005173 0.002766 0.001175
0.005620 0.006591 0.007119 0.006413 0.005166 0.003103
0.002640 0.003309 0.003127 0.002746 0.002003 0.001045
0.004420 0.004913 0.004069 0.003025 0.002223 0.001157
0.006665 0.007828 0.007187 0.005011 0.002741 0.001215
0.006071 0.006883 0.006336 0.004539 0.003136 0.001672
0.006218 0.006933 0.006494 0.005595 0.003670 0.001759
0.007872 0.008564 0.007759 0.005513 0.003613 0.001799
0.005232 0.006089 0.005568 0.004058 0.002755 0.001486
0.006189 0.007423 0.006846 0.004953 0.002897 0.001287
0.004151 0.004765 0.004188 0.003640 0.002923 0.001702
0.003389 0.004354 0.003895 0.002976 0.001961 0.000970
0.005947 0.006569 0.005914 0.004500 0.002726 0.001366
0.003595 0.004856 0.004860 0.004529 0.003381 0.001713
0.005015 0.006304 0.006568 0.005617 0.003804 0.001937
0.008373 0.008570 0.007872 0.005604 0.003017 0.001428
0.004098 0.004983 0.004534 0.003764 0.002614 0.001330
0.010771 0.010680 0.008545 0.006660 0.004229 0.001838
0.003231 0.003566 0.003239 0.002861 0.002157 0.001225
0.006857 0.008577 0.007528 0.005705 0.003404 0.001407
0.002279 0.003270 0.003286 0.002718 0.002095 0.001183
0.005344 0.006573 0.005914 0.004555 0.002661 0.001297
0.004545 0.005638 0.005289 0.004062 0.002729 0.001288
0.006413 0.007270 0.006074 0.004050 0.002242 0.001030
0.002353 0.003006 0.002613 0.001932 0.001335 0.000820
0.002048 0.002665 0.002330 0.001844 0.001357 0.000819
0.008326 0.009297 0.008280 0.005554 0.003025 0.001359
0.007398 0.008164 0.007094 0.004863 0.002673 0.001211
0.002161 0.003050 0.003227 0.002743 0.001794 0.000935
0.005592 0.006972 0.006267 0.004588 0.002799 0.001334
0.002975 0.003548 0.003149 0.002625 0.001997 0.001074
0.007281 0.009105 0.008709 0.006555 0.003714 0.001472
0.003104 0.003942 0.003955 0.003868 0.003026 0.001576
0.006196 0.008132 0.007588 0.005768 0.003333 0.001443
0.003176 0.003987 0.003786 0.002920 0.001817 0.001009
0.011018 0.010727 0.010737 0.008668 0.006674 0.004382
0.003295 0.004176 0.004004 0.003623 0.002422 0.001315
0.004225 0.005839 0.006167 0.005560 0.004055 0.002147
0.002907 0.003545 0.003857 0.003755 0.003017 0.001609
0.007929 0.008013 0.005691 0.005520 0.004169 0.002252
0.002601 0.003020 0.002770 0.002806 0.002446 0.001426
0.006301 0.007191 0.006578 0.004604 0.002787 0.001435
0.008302 0.009584 0.008605 0.006203 0.003680 0.001695
0.005283 0.006295 0.006029 0.004912 0.003001 0.001468
0.008212 0.009145 0.008492 0.006170 0.003390 0.001442
0.008967 0.009432 0.008025 0.006263 0.003489 0.001490
0.005194 0.006032 0.006333 0.005635 0.003539 0.001531
0.010546 0.013446 0.014388 0.011697 0.006485 0.003125
0.006661 0.007966 0.007536 0.005878 0.003914 0.001859
0.006998 0.008090 0.007894 0.006554 0.004071 0.001888
0.011065 0.010316 0.009134 0.007192 0.004458 0.002199
0.005710 0.006214 0.005975 0.005662 0.004207 0.002103
0.008991 0.009022 0.007607 0.005471 0.003366 0.001539
0.005116 0.006865 0.008289 0.008792 0.006601 0.003497
0.004348 0.004950 0.005675 0.005376 0.004002 0.002342
0.010502 0.011811 0.011010 0.009012 0.005446 0.002385
0.012696 0.011744 0.010834 0.007908 0.004669 0.002091
0.004994 0.005742 0.004939 0.003992 0.002928 0.001462
0.010046 0.011784 0.011457 0.008429 0.004295 0.001862
0.001706 0.002343 0.002498 0.002192 0.001525 0.000875
0.010743 0.011618 0.010476 0.007488 0.003747 0.001531
0.006585 0.007984 0.007627 0.006482 0.003899 0.001900
0.005143 0.005801 0.006411 0.006312 0.004612 0.002602
0.007561 0.010302 0.010840 0.008992 0.005259 0.002068
0.003206 0.003639 0.002983 0.002340 0.001781 0.001139
0.009089 0.012590 0.012092 0.009139 0.004617 0.001749
0.004672 0.005248 0.004321 0.003638 0.002882 0.001561
0.001732 0.002427 0.002698 0.002364 0.001954 0.001224
0.007481 0.009173 0.010280 0.009164 0.006144 0.002923
0.003306 0.004136 0.003877 0.003177 0.002214 0.001128
0.013184 0.016944 0.014368 0.009414 0.004661 0.001881
0.003284 0.003901 0.003562 0.002980 0.002147 0.001120
0.009611 0.010927 0.009555 0.007493 0.004283 0.001784
0.003144 0.004237 0.004521 0.003927 0.002843 0.001342
0.008087 0.008022 0.007517 0.006329 0.004049 0.001764
0.005672 0.006702 0.005913 0.004258 0.002587 0.001271
0.009342 0.009290 0.008554 0.005984 0.003288 0.001553
0.008365 0.008856 0.007839 0.005542 0.003540 0.001733
0.009728 0.009823 0.008410 0.006390 0.003835 0.001610
0.010994 0.010894 0.008686 0.005853 0.003382 0.001490
0.009183 0.009255 0.007729 0.005616 0.003154 0.001445
0.008959 0.009420 0.008636 0.006965 0.004744 0.002437
0.006630 0.007384 0.006999 0.005682 0.004197 0.002543
0.010027 0.010377 0.008636 0.005497 0.002885 0.001282
0.003183 0.003702 0.003532 0.002807 0.001994 0.001083
0.011254 0.010757 0.009877 0.008004 0.004583 0.001877
0.005376 0.006311 0.005291 0.003738 0.002312 0.001172
0.005400 0.006450 0.006048 0.004486 0.002453 0.001131
0.009773 0.009804 0.009962 0.007948 0.005338 0.002563
0.002890 0.003734 0.003700 0.003475 0.002678 0.001605
0.008791 0.011009 0.012041 0.010899 0.007928 0.003985
0.009174 0.009160 0.008395 0.006294 0.004589 0.002360
0.012667 0.013080 0.012050 0.010012 0.005965 0.002514
0.008569 0.009506 0.008716 0.006274 0.003771 0.001919
0.017945 0.014011 0.011187 0.008561 0.005998 0.003358
0.009756 0.010817 0.010758 0.008642 0.005625 0.002949
0.008659 0.009171 0.006940 0.006383 0.004543 0.002352
0.045885 0.040326 0.023092 0.010965 0.005251 0.001959
0.003776 0.004997 0.004615 0.003412 0.002003 0.001078
0.009072 0.010027 0.010208 0.009307 0.006352 0.002831
0.007580 0.008224 0.008228 0.006570 0.003995 0.001731
0.004082 0.005542 0.005644 0.004985 0.003885 0.002087
0.014977 0.016443 0.014785 0.012509 0.007067 0.003205
0.007345 0.008717 0.008159 0.006010 0.003367 0.001481
0.005043 0.006856 0.007003 0.005876 0.003597 0.001678
0.005108 0.008087 0.008967 0.007931 0.004691 0.001987
0.009227 0.011282 0.010724 0.007757 0.004629 0.002261
0.014913 0.012463 0.010980 0.007738 0.004020 0.002103
0.012219 0.011752 0.010637 0.007614 0.004024 0.001981
0.010490 0.010666 0.009364 0.006879 0.004030 0.001754
0.009247 0.009793 0.007501 0.005965 0.003720 0.001779
0.008644 0.010750 0.011160 0.009943 0.006048 0.002622
0.003920 0.005804 0.006385 0.005452 0.003428 0.001495
0.014641 0.012778 0.010950 0.007940 0.004876 0.002421
0.020288 0.016416 0.011629 0.009662 0.007876 0.004818
0.018270 0.013813 0.011601 0.008006 0.004287 0.001735
0.016919 0.014200 0.012572 0.009684 0.005103 0.002031
0.004977 0.006395 0.006841 0.005564 0.003555 0.001870
0.011745 0.011643 0.009652 0.006912 0.003812 0.001647
0.005365 0.007074 0.007947 0.008412 0.006343 0.003260
0.031069 0.023202 0.011415 0.007746 0.004632 0.001953
0.007689 0.008663 0.008055 0.006275 0.003714 0.001803
0.016093 0.014857 0.011425 0.008225 0.004293 0.001904
0.022518 0.013412 0.010352 0.007348 0.004654 0.001907
0.007555 0.008571 0.008028 0.006046 0.003301 0.001452
0.006144 0.007305 0.006665 0.004676 0.002998 0.001531
0.014749 0.020083 0.019945 0.012109 0.005878 0.002542
0.005440 0.006143 0.007188 0.006951 0.004871 0.002236
0.013175 0.012387 0.009585 0.007328 0.004332 0.001917
0.006081 0.007073 0.007618 0.007103 0.004981 0.002370
0.014065 0.013839 0.010788 0.006651 0.003968 0.001876
0.006706 0.007657 0.007382 0.005506 0.003164 0.001577
0.011745 0.014006 0.013055 0.010308 0.006531 0.002845
0.014948 0.012594 0.010377 0.007338 0.004273 0.001807
0.010336 0.010619 0.008984 0.006065 0.003372 0.001505
0.014663 0.012624 0.010142 0.006535 0.003189 0.001408
0.006294 0.007973 0.007257 0.005587 0.003098 0.001367
0.003345 0.003935 0.005171 0.005381 0.004295 0.002671
0.016714 0.017627 0.016315 0.013912 0.010520 0.006281
0.021618 0.014403 0.011805 0.008756 0.006446 0.004061
0.020698 0.022893 0.021100 0.011203 0.007472 0.003102
0.014798 0.013307 0.012295 0.009302 0.006192 0.003347
0.041601 0.026432 0.013883 0.010016 0.006092 0.003325
0.017918 0.015828 0.014962 0.013525 0.008371 0.004321
0.013345 0.011005 0.009117 0.009424 0.007563 0.004175
0.013571 0.013810 0.012741 0.010040 0.005800 0.002473
0.005874 0.006609 0.005881 0.004868 0.003322 0.001654
0.021073 0.017943 0.013981 0.011170 0.007161 0.003347
0.009184 0.009551 0.010065 0.008720 0.005198 0.002238
0.005395 0.007831 0.008887 0.008130 0.006600 0.003907
0.016899 0.016333 0.015019 0.013248 0.010367 0.006192
0.010788 0.011196 0.009677 0.006829 0.003839 0.001538
0.007458 0.009296 0.009896 0.008430 0.004697 0.001915
0.007108 0.011843 0.013722 0.012387 0.007464 0.003301
0.010480 0.017230 0.018451 0.013619 0.007151 0.002924
0.025003 0.018492 0.011851 0.007612 0.003799 0.002052
0.019402 0.016287 0.013043 0.009445 0.005112 0.002262
0.057805 0.051102 0.032071 0.012686 0.006607 0.002484
0.016693 0.016834 0.011331 0.008343 0.004789 0.002086
0.013054 0.017689 0.017671 0.012346 0.008059 0.003794
0.005490 0.008087 0.008604 0.007303 0.004559 0.001834
0.017912 0.017459 0.016160 0.012793 0.008163 0.004311
0.031656 0.028695 0.015495 0.011461 0.008360 0.004589
0.013015 0.014063 0.013530 0.010676 0.006636 0.002649
0.024559 0.019677 0.009169 0.005877 0.003153 0.001524
0.009339 0.009992 0.008544 0.006493 0.004622 0.002586
0.030607 0.024068 0.014989 0.009152 0.004148 0.001629
0.017727 0.020067 0.019600 0.015677 0.009931 0.006731
0.091166 0.087629 0.018722 0.012979 0.007865 0.003216
0.010811 0.010904 0.011510 0.011024 0.008481 0.004281
0.035815 0.031306 0.018186 0.009543 0.005899 0.002806
0.052469 0.041836 0.016623 0.011507 0.006186 0.002542
0.014576 0.012404 0.010849 0.008415 0.004674 0.002200
0.008068 0.009011 0.008474 0.006183 0.003561 0.001722
0.025059 0.032371 0.034492 0.018481 0.008530 0.003634
0.006188 0.008915 0.011376 0.011084 0.007738 0.004220
0.021552 0.018305 0.013085 0.010226 0.006022 0.002753
0.009741 0.010049 0.007965 0.005296 0.002942 0.001369
0.014356 0.013680 0.012024 0.008547 0.004738 0.001849
0.015411 0.013644 0.009925 0.006953 0.004803 0.002333
0.046512 0.041377 0.028709 0.015778 0.009290 0.003598
0.118823 0.114433 0.022613 0.010142 0.005110 0.002152
0.020507 0.017063 0.012806 0.010163 0.007213 0.003338
0.025924 0.020826 0.012763 0.007987 0.004337 0.002012
0.008891 0.011021 0.011566 0.009424 0.005479 0.002342
0.004536 0.004960 0.006033 0.005912 0.005380 0.003228
0.018934 0.021573 0.020050 0.025559 0.020208 0.008951
0.030529 0.021236 0.013588 0.011546 0.008880 0.005992
0.032968 0.018747 0.012775 0.010051 0.007273 0.003824
0.048144 0.041100 0.021802 0.013487 0.007546 0.003650
0.075489 0.069674 0.023888 0.016092 0.013093 0.009667
0.025774 0.022442 0.019820 0.017435 0.011033 0.005514
0.020337 0.013277 0.010376 0.011133 0.009868 0.005667
0.069430 0.061809 0.044737 0.014529 0.007618 0.002947
0.008008 0.008841 0.007950 0.006223 0.004001 0.002060
0.029936 0.025139 0.019763 0.012721 0.007651 0.002985
0.011067 0.012270 0.012204 0.010484 0.008134 0.004713
0.008102 0.009092 0.011239 0.011815 0.010551 0.006296
0.011823 0.014552 0.029467 0.041323 0.036451 0.015676
0.039981 0.032099 0.015435 0.010204 0.006122 0.002298
0.029569 0.021466 0.011692 0.009285 0.005947 0.002752
0.009159 0.012211 0.016563 0.015835 0.010619 0.004756
0.013737 0.013932 0.013223 0.010724 0.006090 0.002741
0.019331 0.015595 0.011080 0.006747 0.004112 0.002097
0.027196 0.019585 0.014682 0.010337 0.005836 0.002724
0.019033 0.025558 0.025197 0.013303 0.007290 0.002730
0.016577 0.014926 0.011109 0.007512 0.004687 0.002467
0.018663 0.026323 0.027438 0.013779 0.007296 0.003697
0.006740 0.010002 0.011182 0.010030 0.005936 0.002412
0.018463 0.022072 0.019676 0.014194 0.010328 0.005234
0.029723 0.032175 0.031380 0.021564 0.011003 0.006478
0.059209 0.051446 0.039043 0.026427 0.015009 0.007811
0.039041 0.029203 0.025368 0.017987 0.008833 0.003526
0.011389 0.011723 0.010703 0.008346 0.006047 0.003844
0.044672 0.038300 0.020598 0.014051 0.007237 0.002734
0.037660 0.031235 0.023390 0.016056 0.010267 0.006071
0.019015 0.020771 0.018794 0.014909 0.010033 0.004688
0.022705 0.020572 0.017265 0.014417 0.009269 0.005081
0.057095 0.054244 0.021780 0.010720 0.006993 0.003796
0.884809 0.864757 0.029217 0.076618 0.060944 0.037049
0.021988 0.016417 0.012282 0.008882 0.005650 0.002662
0.008817 0.009921 0.009326 0.007567 0.005105 0.002487
0.029944 0.040563 0.044028 0.037263 0.013782 0.006434
0.010318 0.013617 0.017708 0.016023 0.011020 0.005779
0.029009 0.022456 0.013389 0.008433 0.004896 0.002126
0.018393 0.016388 0.011319 0.006174 0.004356 0.002551
0.031065 0.022202 0.015178 0.009317 0.004676 0.001812
0.013697 0.016422 0.014041 0.010856 0.007916 0.004594
0.109890 0.105919 0.042071 0.017529 0.009611 0.003642
0.176096 0.175196 0.037660 0.012209 0.006698 0.002191
0.040873 0.034414 0.017036 0.013220 0.009803 0.005540
0.038883 0.030498 0.012487 0.007835 0.004675 0.002099
0.009616 0.013133 0.015723 0.014091 0.009096 0.004370
0.005908 0.007169 0.007968 0.007711 0.006208 0.003960
0.014744 0.022804 0.028991 0.044172 0.044492 0.031067
0.041554 0.036357 0.015581 0.012038 0.010655 0.007564
0.034112 0.028683 0.017851 0.011795 0.008091 0.003768
0.048970 0.040625 0.017290 0.011026 0.006137 0.002660
0.136404 0.123887 0.052552 0.021248 0.013953 0.007131
0.041092 0.035247 0.025330 0.019399 0.012971 0.007186
0.036953 0.028998 0.013303 0.013223 0.012566 0.008581
0.224453 0.222174 0.218597 0.024532 0.009024 0.003607
0.010398 0.011576 0.009046 0.006568 0.004155 0.002279
0.037163 0.031233 0.022579 0.017176 0.009959 0.004230
0.016048 0.017033 0.015247 0.013222 0.011955 0.007484
0.014096 0.015190 0.014605 0.013654 0.014077 0.009069
0.016791 0.023350 0.042268 0.067779 0.073485 0.066011
0.130038 0.128859 0.022715 0.012990 0.007342 0.003076
0.117452 0.113988 0.021169 0.010035 0.004848 0.001741
0.016185 0.017069 0.014150 0.013529 0.009758 0.004907
0.018877 0.020517 0.024730 0.021528 0.011316 0.004666
0.538159 0.536156 0.014996 0.011905 0.007871 0.004788
0.077179 0.072341 0.036180 0.012963 0.007448 0.004187
0.013030 0.013803 0.013066 0.011341 0.007175 0.003286
0.020758 0.016639 0.012598 0.007669 0.004834 0.002427
0.028138 0.032957 0.033138 0.013157 0.007903 0.004054
0.007897 0.010684 0.012891 0.012427 0.008150 0.003606
0.025652 0.027023 0.028002 0.021036 0.011961 0.006275
0.045691 0.045218 0.036485 0.022041 0.012641 0.006998
0.009701 0.023350 0.026984 0.023120 0.012572 0.006287
0.048497 0.036549 0.023360 0.017191 0.008358 0.003974
0.029493 0.022944 0.014384 0.010059 0.007596 0.005123
0.133696 0.131254 0.017712 0.008697 0.005014 0.002096
0.082786 0.072931 0.055393 0.037231 0.015777 0.006573
0.067356 0.056681 0.027401 0.012833 0.007195 0.004024
0.032764 0.025966 0.014185 0.012546 0.011650 0.007935
0.144066 0.133273 0.118198 0.014185 0.008024 0.004258
0.145150 0.140291 0.026314 0.011888 0.006296 0.002312
0.032025 0.027825 0.012306 0.008743 0.006763 0.003914
0.011683 0.012008 0.010836 0.009627 0.007096 0.003551
0.056771 0.055766 0.056534 0.067186 0.021576 0.009885
0.029507 0.027394 0.025210 0.018670 0.011506 0.005844
0.033826 0.023755 0.012438 0.008294 0.005631 0.002438
0.034705 0.027093 0.014196 0.008855 0.005329 0.002635
0.048279 0.039103 0.014688 0.008926 0.004432 0.001694
0.017820 0.018584 0.016243 0.010975 0.008214 0.004793
0.071484 0.065776 0.040775 0.016112 0.008128 0.003012
0.034064 0.029086 0.021725 0.013295 0.008561 0.003786
0.135914 0.134130 0.022695 0.014235 0.010184 0.005483
0.054065 0.049921 0.015078 0.011220 0.007286 0.003701
0.013164 0.012780 0.013329 0.012653 0.009986 0.005742
