0.000135 0.000169 0.000225 0.000348 0.000171
0.000486 0.000458 0.000902 0.000939 0.000867
0.000055 0.000105 0.000142 0.000253 0.000166
0.000277 0.000244 0.000323 0.000523 0.000321
0.000186 0.000242 0.000294 0.000525 0.000342
0.000213 0.000169 0.000226 0.000356 0.000217
0.000056 0.000105 0.000178 0.000288 0.000189
0.000253 0.000257 0.000385 0.000522 0.000337
0.000148 0.000156 0.000229 0.000395 0.000240
0.000151 0.000158 0.000212 0.000364 0.000207
0.000235 0.000308 0.000448 0.000678 0.000392
0.000174 0.000165 0.000270 0.000498 0.000403
0.000227 0.000255 0.000376 0.000606 0.000369
0.000155 0.000195 0.000252 0.000381 0.000213
0.000281 0.000353 0.000428 0.000505 0.000290
0.000479 0.000492 0.000700 0.000883 0.000843
0.000227 0.000255 0.000376 0.000606 0.000369
0.000155 0.000195 0.000252 0.000381 0.000213
0.000112 0.000135 0.000231 0.000374 0.000231
0.000302 0.000272 0.000363 0.000494 0.000334
0.000228 0.000270 0.000354 0.000491 0.000290
0.000221 0.000157 0.000316 0.000519 0.000390
0.000145 0.000153 0.000220 0.000350 0.000218
0.000239 0.000217 0.000302 0.000490 0.000341
0.000202 0.000248 0.000335 0.000462 0.000287
0.000193 0.000227 0.000285 0.000406 0.000239
0.000167 0.000162 0.000222 0.000341 0.000174
0.000150 0.000166 0.000194 0.000321 0.000155
0.000148 0.000156 0.000229 0.000395 0.000240
0.000151 0.000158 0.000212 0.000364 0.000207
0.000163 0.000199 0.000244 0.000361 0.000198
0.000175 0.000225 0.000279 0.000396 0.000203
0.000148 0.000170 0.000234 0.000350 0.000187
0.000156 0.000191 0.000233 0.000397 0.000246
0.000297 0.000322 0.000365 0.000447 0.000256
0.000071 0.000106 0.000165 0.000279 0.000147
0.000103 0.000131 0.000209 0.000362 0.000221
0.000203 0.000222 0.000275 0.000431 0.000247
0.000084 0.000119 0.000156 0.000268 0.000138
0.000132 0.000142 0.000175 0.000291 0.000143
0.000186 0.000242 0.000294 0.000525 0.000342
0.000213 0.000169 0.000226 0.000356 0.000217
0.000256 0.000286 0.000351 0.000463 0.000288
0.000094 0.000117 0.000153 0.000275 0.000145
0.000113 0.000149 0.000216 0.000360 0.000237
0.000157 0.000180 0.000232 0.000368 0.000209
0.000097 0.000130 0.000180 0.000289 0.000156
0.000094 0.000118 0.000177 0.000303 0.000152
0.000186 0.000242 0.000294 0.000525 0.000342
0.000213 0.000169 0.000226 0.000356 0.000217
0.000237 0.000289 0.000359 0.000460 0.000258
0.000161 0.000168 0.000230 0.000386 0.000234
0.000167 0.000162 0.000222 0.000341 0.000174
0.000150 0.000166 0.000194 0.000321 0.000155
0.000103 0.000131 0.000170 0.000280 0.000152
0.000140 0.000145 0.000186 0.000291 0.000150
0.000113 0.000149 0.000216 0.000360 0.000237
0.000157 0.000180 0.000232 0.000368 0.000209
0.000163 0.000199 0.000244 0.000361 0.000198
0.000175 0.000225 0.000279 0.000396 0.000203
0.000197 0.000241 0.000299 0.000416 0.000223
0.000210 0.000204 0.000308 0.000435 0.000387
0.000198 0.000227 0.000295 0.000459 0.000283
0.000509 0.000448 0.000926 0.001151 0.000881
0.000173 0.000218 0.000277 0.000410 0.000221
0.000276 0.000246 0.000278 0.000421 0.000255
0.000561 0.000520 0.000981 0.001124 0.000903
0.000324 0.000370 0.000474 0.000612 0.000374
0.000151 0.000161 0.000262 0.000449 0.000328
0.000311 0.000297 0.000383 0.000552 0.000337
0.000182 0.000187 0.000293 0.000431 0.000309
0.000376 0.000306 0.000457 0.000735 0.000392
0.000177 0.000179 0.000292 0.000465 0.000284
0.000243 0.000249 0.000363 0.000484 0.000280
0.000309 0.000361 0.000483 0.000624 0.000348
0.000335 0.000368 0.000449 0.000546 0.000320
0.000191 0.000236 0.000285 0.000407 0.000230
0.000161 0.000172 0.000213 0.000387 0.000248
0.000061 0.000100 0.000134 0.000247 0.000155
0.000090 0.000104 0.000147 0.000275 0.000161
0.000128 0.000143 0.000235 0.000395 0.000233
0.000145 0.000152 0.000250 0.000461 0.000305
0.000587 0.000490 0.000825 0.001173 0.000885
0.000177 0.000216 0.000336 0.000533 0.000352
0.000193 0.000179 0.000240 0.000373 0.000231
0.000186 0.000184 0.000264 0.000458 0.000305
0.000166 0.000209 0.000313 0.000469 0.000271
0.000274 0.000286 0.000369 0.000558 0.000333
0.000175 0.000246 0.000327 0.000435 0.000269
0.000136 0.000149 0.000195 0.000331 0.000161
0.000151 0.000161 0.000262 0.000449 0.000328
0.000311 0.000297 0.000383 0.000552 0.000337
0.000140 0.000161 0.000250 0.000457 0.000270
0.002298 0.000646 0.001239 0.002177 0.001607
0.000170 0.000152 0.000293 0.000476 0.000322
0.000579 0.000456 0.000938 0.001152 0.000860
0.000341 0.000361 0.000469 0.000660 0.000396
0.000344 0.000209 0.000396 0.000711 0.000551
0.000321 0.000361 0.000480 0.000559 0.000330
0.000217 0.000249 0.000287 0.000393 0.000205
0.000160 0.000151 0.000254 0.000433 0.000358
0.000520 0.000452 0.000793 0.001176 0.000872
0.000320 0.000362 0.000471 0.000552 0.000316
0.000219 0.000276 0.000375 0.000508 0.000320
0.000172 0.000181 0.000289 0.000477 0.000356
0.000236 0.000248 0.000349 0.000484 0.000318
0.000259 0.000240 0.000307 0.000476 0.000271
0.000150 0.000163 0.000220 0.000369 0.000197
0.000587 0.000490 0.000825 0.001173 0.000885
0.000177 0.000216 0.000336 0.000533 0.000352
0.000164 0.000204 0.000264 0.000401 0.000236
0.000237 0.000262 0.000353 0.000498 0.000272
0.000140 0.000161 0.000250 0.000457 0.000270
0.002298 0.000646 0.001239 0.002177 0.001607
0.000136 0.000158 0.000201 0.000316 0.000167
0.000183 0.000203 0.000234 0.000352 0.000176
0.000321 0.000361 0.000480 0.000559 0.000330
0.000217 0.000249 0.000287 0.000393 0.000205
0.000321 0.000361 0.000480 0.000559 0.000330
0.000217 0.000249 0.000287 0.000393 0.000205
0.000365 0.000354 0.000472 0.000596 0.000354
0.000189 0.000203 0.000276 0.000415 0.000246
0.000478 0.000487 0.000834 0.001335 0.009533
0.000209 0.000215 0.000272 0.000398 0.000207
0.001099 0.000598 0.001025 0.001282 0.000922
0.000229 0.000240 0.000380 0.000629 0.000442
0.000200 0.000239 0.000291 0.000476 0.000279
0.000165 0.000168 0.000227 0.000350 0.000175
0.000334 0.000299 0.000395 0.000607 0.000476
0.000210 0.000245 0.000372 0.000519 0.000351
0.000320 0.000392 0.000489 0.000580 0.000377
0.000227 0.000240 0.000341 0.000480 0.000384
0.000229 0.000220 0.000282 0.000396 0.000245
0.000185 0.000206 0.000260 0.000406 0.000231
0.000206 0.000182 0.000229 0.000346 0.000200
0.000270 0.000272 0.000318 0.000465 0.000317
0.000265 0.000243 0.000419 0.000602 0.000445
0.001315 0.000640 0.001160 0.001926 0.001391
0.000131 0.000148 0.000220 0.000381 0.000282
0.000372 0.000289 0.000380 0.000484 0.000412
0.000650 0.000515 0.001188 0.001274 0.001007
0.000614 0.000485 0.000853 0.001257 0.001210
0.000096 0.000119 0.000158 0.000292 0.000184
0.000136 0.000131 0.000180 0.000324 0.000198
0.000488 0.000520 0.000830 0.000871 0.000863
0.000313 0.000276 0.000433 0.000600 0.000440
0.000365 0.000332 0.000446 0.000643 0.000358
0.000264 0.000309 0.000385 0.000525 0.000315
0.000299 0.000268 0.000391 0.000541 0.000356
0.000371 0.000425 0.000615 0.000766 0.000422
0.000842 0.000483 0.000835 0.000925 0.000768
0.000679 0.000571 0.000940 0.000970 0.000808
0.000650 0.000515 0.001188 0.001274 0.001007
0.000614 0.000485 0.000853 0.001257 0.001210
0.001383 0.000599 0.001437 0.001730 0.001516
0.000333 0.000318 0.000376 0.000503 0.000293
0.000210 0.000194 0.000322 0.000576 0.000440
0.001469 0.000612 0.001515 0.002025 0.001679
0.000365 0.000354 0.000472 0.000596 0.000354
0.000189 0.000203 0.000276 0.000415 0.000246
0.000193 0.000180 0.000318 0.000506 0.000344
0.000263 0.000209 0.000369 0.000672 0.000476
0.001046 0.000597 0.001094 0.001425 0.001130
0.000293 0.000303 0.000549 0.000813 0.000508
0.000558 0.000531 0.000767 0.001023 0.000805
0.000834 0.000497 0.000923 0.001054 0.000729
0.000280 0.000231 0.000388 0.000671 0.000412
0.002034 0.001941 0.003740 0.009284 0.001539
0.001406 0.000620 0.001153 0.001899 0.001619
0.000471 0.000316 0.000496 0.000925 0.000723
0.001407 0.000620 0.001153 0.001899 0.001619
0.000471 0.000316 0.000496 0.000925 0.000723
0.000800 0.000549 0.000654 0.001032 0.000790
0.000191 0.000195 0.000271 0.000417 0.000296
0.000335 0.000316 0.000504 0.000634 0.000411
0.000355 0.000363 0.000469 0.000534 0.000362
0.000207 0.000233 0.000278 0.000412 0.000247
0.000318 0.000330 0.000421 0.000507 0.000281
0.000238 0.000179 0.000363 0.000610 0.000454
1.264930 1.412235 1.542785 0.817410 0.291996
0.000180 0.000163 0.000217 0.000406 0.000266
0.000195 0.000195 0.000238 0.000458 0.000272
0.000248 0.000230 0.000264 0.000456 0.000355
0.000763 0.000566 0.001069 0.000981 0.000970
0.001666 0.001179 0.001564 0.011637 0.002315
0.001273 0.000599 0.001401 0.001916 0.001448
0.002864 0.000688 0.001161 0.002638 0.001838
0.002970 0.000713 0.001058 0.003219 0.001803
0.003744 0.000681 0.001406 0.003433 0.001918
0.002062 0.000713 0.001067 0.002509 0.001582
0.000682 0.000571 0.001248 0.001109 0.000848
0.000342 0.000239 0.000341 0.000461 0.000409
0.000960 0.000448 0.001145 0.001420 0.001142
0.001912 0.000658 0.001296 0.001940 0.001020
0.000301 0.000308 0.000531 0.000895 0.000509
0.001196 0.000606 0.001078 0.002460 0.001157
0.002353 0.006150 0.006826 0.005469 0.002148
0.001571 0.000610 0.001045 0.002303 0.001536
0.000581 0.000570 0.001190 0.001195 0.000873
0.001502 0.000544 0.001094 0.002203 0.001481
0.000323 0.000366 0.000499 0.000652 0.000396
0.000277 0.000285 0.000334 0.000427 0.000257
0.000659 0.000585 0.000893 0.001139 0.001340
0.001273 0.000599 0.001401 0.001916 0.001448
55.541711 16.562811 28.711396 34.252745 29.563739
0.002752 0.000646 0.001300 0.002823 0.001575
0.000691 0.000533 0.001002 0.001222 0.000926
0.001684 0.000601 0.001391 0.001889 0.001503
0.000753 0.000597 0.001075 0.001291 0.000926
0.003549 0.000731 0.001364 0.004265 0.001404
0.001251 0.000479 0.001014 0.001861 0.001388
0.000248 0.000243 0.000364 0.000512 0.000323
0.000715 0.000561 0.001005 0.001285 0.000902
0.005279 0.071751 0.755780 0.735849 0.148351
0.001174 0.000570 0.001324 0.002395 0.001462
0.002578 0.000649 0.000994 0.002215 0.001726
0.000920 0.000808 0.001124 0.001481 0.001279
0.157883 0.013527 0.024371 0.016552 0.028772
0.000394 0.000421 0.000644 0.000730 0.000485
0.000520 0.000504 0.000989 0.001088 0.000863
0.000315 0.000199 0.000617 0.000832 0.000718
0.003630 0.000985 0.001114 0.001040 0.000917
0.003814 0.000597 0.001267 0.003044 0.001468
0.000306 0.000308 0.000371 0.000502 0.000297
0.295398 0.078300 0.030245 0.078870 0.005899
0.158183 0.047592 0.037860 0.073974 0.047890
0.000697 0.000579 0.001008 0.001093 0.000884
0.000325 0.000307 0.000538 0.000866 0.000599
0.000248 0.000230 0.000264 0.000456 0.000355
0.000763 0.000566 0.001069 0.000981 0.000970
0.001699 0.000564 0.001011 0.002202 0.001674
0.000260 0.000291 0.000402 0.000546 0.000345
0.001877 0.000673 0.001226 0.002659 0.001354
0.000230 0.000248 0.000294 0.000521 0.000491
0.002725 0.000609 0.001297 0.002453 0.001393
0.002041 0.000614 0.001344 0.002336 0.001439
0.001876 0.000584 0.001385 0.002260 0.001488
0.000815 0.000530 0.000779 0.000810 0.001347
0.003624 0.000866 0.001139 0.003566 0.001582
0.000614 0.000499 0.000881 0.000883 0.000889
0.002235 0.000747 0.001356 0.003588 0.001694
0.002744 0.000755 0.001464 0.003562 0.001150
0.003467 0.000952 0.001413 0.004411 0.001822
0.002464 0.000969 0.000902 0.002216 0.001816
0.003939 0.000683 0.001461 0.003131 0.001830
0.005184 0.001440 0.001960 0.004774 0.001610
0.005500 0.001506 0.001981 0.005366 0.001973
0.002289 0.001190 0.001434 0.002688 0.001792
0.004115 0.000924 0.001486 0.004065 0.001703
0.003361 0.000621 0.001190 0.002977 0.001836
0.004118 0.000925 0.001486 0.004067 0.001704
0.003368 0.000621 0.001189 0.002977 0.001836
0.006029 0.001275 0.001864 0.004736 0.002733
0.004496 0.001097 0.001833 0.004200 0.002002
0.001707 0.003937 0.011617 0.018157 0.002150
0.000983 0.000559 0.001280 0.001133 0.000858
0.000288 0.000295 0.000392 0.000585 0.000372
0.002427 0.000628 0.001263 0.002434 0.001390
0.001674 0.000554 0.001286 0.002094 0.001435
0.002705 0.000746 0.001144 0.003284 0.001521
0.089139 0.067497 0.162052 0.159096 0.004701
0.002180 0.000902 0.001529 0.002469 0.001892
0.001541 0.000734 0.001093 0.002078 0.001854
0.003844 0.004505 0.007752 0.008995 0.006994
0.000311 0.000254 0.000336 0.000615 0.000400
0.000415 0.000387 0.000493 0.000637 0.000398
0.001070 0.000727 0.001365 0.002746 0.001028
0.000493 0.000467 0.000771 0.000916 0.000979
0.012756 0.005859 0.002210 0.005633 0.003249
0.002435 0.000647 0.001283 0.002476 0.001534
0.004567 0.001110 0.001519 0.004146 0.001919
0.334521 0.156122 0.153177 0.019362 0.003840
0.003282 0.000956 0.001356 0.003288 0.001852
0.003432 0.006438 0.021218 0.030433 0.002559
0.002176 0.000663 0.000915 0.002892 0.001467
0.000613 0.000526 0.001040 0.001166 0.000826
0.002305 0.005930 0.012518 0.003078 0.002203
0.003838 0.000685 0.001430 0.003253 0.001651
0.001674 0.000554 0.001286 0.002094 0.001435
0.018932 0.010927 0.002564 0.004057 0.002103
0.007589 0.002386 0.001843 0.012174 0.002181
2.214319 1.048602 2.094224 1.299002 0.006291
0.003614 0.001103 0.001934 0.004027 0.002138
0.004950 0.003720 0.006283 0.004678 0.002278
0.000377 0.000437 0.000564 0.000725 0.000410
0.563189 0.458692 0.450284 0.598898 0.132159
0.000274 0.000279 0.000440 0.000633 0.000576
0.003757 0.076762 0.051121 0.082929 0.004665
0.003945 0.000949 0.001404 0.004697 0.001959
0.000902 0.000600 0.001045 0.001534 0.001076
0.004339 0.000635 0.001457 0.003501 0.001676
0.000699 0.000466 0.000943 0.000851 0.000907
0.001911 0.000568 0.001245 0.002226 0.001451
0.003304 0.000772 0.001292 0.003257 0.001510
0.004603 0.002562 0.003079 0.004125 0.001498
0.609809 1.023908 0.911475 0.791381 0.596892
0.388911 0.404066 0.385669 0.540268 0.140567
0.008739 0.003057 0.007270 0.005093 0.004807
0.005140 0.004885 0.038510 0.008205 0.003082
0.000493 0.000467 0.000771 0.000916 0.000979
0.003421 0.000790 0.001594 0.004043 0.001754
0.005025 0.000934 0.001718 0.004641 0.001426
0.003944 0.000811 0.001235 0.003489 0.001408
0.002653 0.001127 0.001480 0.004322 0.001633
0.005984 0.002197 0.003476 0.002607 0.001320
0.002008 0.004951 0.008702 0.001952 0.001633
0.003029 0.000867 0.001064 0.003868 0.001538
0.002771 0.001818 0.001816 0.001769 0.010771
0.006177 0.005596 0.005724 0.017254 0.004776
0.616603 0.169297 0.840214 0.878849 0.520816
0.005062 0.001425 0.001715 0.005013 0.001956
0.005816 0.000980 0.001365 0.006766 0.001707
0.004706 0.001619 0.001601 0.004097 0.002234
0.921331 1.131677 0.824577 0.885296 0.266388
0.005113 0.006459 0.316026 0.102457 0.028178
0.003483 0.000710 0.001132 0.003066 0.001656
1118.320985 1760.351052 1964.429382 996.535036 259.961502
0.007670 0.011662 0.060936 0.037777 0.004833
1118.320985 1760.351052 1964.429382 996.535036 259.961502
0.003230 0.002070 0.003613 0.002132 0.001481
0.003679 0.000751 0.001141 0.002972 0.001543
0.001442 0.000316 0.000739 0.001003 0.000424
0.001894 0.000997 0.001076 0.002564 0.001835
0.003266 0.005769 0.006262 0.001785 0.002226
0.000738 0.000570 0.000880 0.001110 0.000891
0.065613 0.054475 0.097152 0.009895 0.005000
0.003438 0.000619 0.001218 0.002909 0.001451
0.004382 0.000840 0.001596 0.004339 0.002093
0.004288 0.004177 0.005001 0.001870 0.001762
0.000521 0.000589 0.000875 0.001398 0.001002
0.002137 0.000620 0.001045 0.002577 0.001523
0.110201 0.007583 0.025367 0.127216 0.011280
0.005228 0.001466 0.001834 0.003861 0.002183
0.004646 0.001224 0.001946 0.004197 0.001649
0.009194 0.001807 0.001882 0.008735 0.001768
0.002766 0.000609 0.001108 0.002477 0.001568
0.001661 0.001094 0.001337 0.003178 0.001779
0.002558 0.000843 0.001139 0.002924 0.001717
0.012099 0.016431 0.006234 0.028808 0.006617
0.002314 0.002089 0.010534 0.003778 0.003183
0.006623 0.008157 0.002923 0.009035 0.003205
0.004624 0.000729 0.001162 0.004219 0.001554
0.006086 0.001729 0.002408 0.013216 0.001816
0.002054 0.000804 0.001797 0.005863 0.001571
0.006613 0.001779 0.001935 0.008990 0.002071
0.016347 0.002168 0.006616 0.007948 0.001637
0.005623 0.002095 0.001753 0.008500 0.001541
0.003981 0.006171 0.014223 0.024525 0.010091
0.005941 0.002606 0.012311 0.046563 0.010720
0.021227 0.007296 0.019759 0.009874 0.018479
0.001460 0.000589 0.001109 0.001927 0.001586
0.006750 0.001103 0.002191 0.004960 0.001479
0.001447 0.000677 0.001242 0.001059 0.000920
0.025808 0.001521 0.005699 0.005980 0.001421
0.035607 0.036735 0.024254 0.006519 0.021697
0.002809 0.001523 0.002316 0.005525 0.002311
0.000410 0.000411 0.000581 0.000674 0.000488
0.011871 0.003959 0.001476 0.001958 0.001723
0.006573 0.002537 0.001791 0.006323 0.005714
0.007378 0.002818 0.003412 0.008021 0.002116
0.008084 0.011759 0.007321 0.005623 0.001309
0.004811 0.009817 0.001899 0.003277 0.001787
0.079721 0.007626 0.007452 0.075150 0.002308
0.008950 0.002285 0.001891 0.005147 0.001737
0.005686 0.001046 0.002537 0.004701 0.001645
0.012248 0.015683 0.050309 0.092316 0.005748
0.006274 0.001232 0.001917 0.002345 0.001526
0.005883 0.001432 0.003333 0.004303 0.002207
0.006770 0.002145 0.011766 0.008272 0.002965
0.005474 0.001524 0.002081 0.003410 0.003659
0.001739 0.000653 0.001239 0.002740 0.001586
0.002494 0.040762 0.037087 0.029391 0.008030
0.008421 0.004838 0.005436 0.004288 0.002250
0.006495 0.001358 0.002596 0.007375 0.001992
0.009008 0.003088 0.008759 0.014188 0.001675
0.007997 0.002775 0.006603 0.012393 0.002694
0.003412 0.001508 0.001772 0.005430 0.002027
0.008441 0.003441 0.002426 0.010853 0.004016
0.006304 0.002061 0.002309 0.006360 0.001668
0.007499 0.002804 0.005011 0.008251 0.001592
0.048952 0.396224 0.409857 0.295200 0.144302
0.005199 0.001460 0.002078 0.004491 0.001678
1.536104 0.802397 1.401064 1.029316 0.446814
0.259714 0.106157 0.232010 0.468128 0.004431
0.003582 0.000734 0.001314 0.002827 0.001646
0.005274 0.007327 0.041258 0.014264 0.006529
0.005043 0.001434 0.001830 0.004276 0.001687
0.006291 0.001468 0.002003 0.005537 0.002008
0.003005 0.000815 0.001536 0.004068 0.001624
0.010657 0.090877 0.006036 0.014549 0.003460
0.365311 0.024240 0.028906 0.370647 0.003604
1.957289 0.657264 0.708142 1.037173 0.226836
0.003763 0.000932 0.000931 0.004088 0.001633
0.003632 0.001607 0.001611 0.003539 0.001292
0.008516 0.001264 0.005962 0.005171 0.001613
0.014652 0.001495 0.003655 0.005470 0.001589
0.276511 0.005048 0.003824 0.027508 0.018762
0.165943 0.005574 0.046741 0.043962 0.004546
0.025216 0.003301 0.075733 0.142010 0.002312
0.012714 0.004356 0.008777 0.004355 0.002263
0.008521 0.001847 0.003570 0.004995 0.001832
0.005883 0.001602 0.002065 0.005284 0.001906
0.001693 0.001087 0.001555 0.004227 0.001808
0.002276 0.001945 0.002364 0.004444 0.001647
0.004967 0.007234 0.037930 0.013409 0.004137
0.007161 0.002277 0.002447 0.009748 0.002046
0.005375 0.001520 0.002108 0.005286 0.002046
0.007669 0.001208 0.002122 0.007106 0.001768
0.005686 0.001046 0.002537 0.004800 0.001352
0.004071 0.001201 0.025104 0.082428 0.005471
1.519480 1.114572 0.180975 0.029983 0.003612
0.002150 0.000572 0.001054 0.002745 0.001512
0.782586 0.434421 0.240595 0.457650 0.006711
0.003238 0.000830 0.001461 0.004077 0.001717
0.002224 0.001661 0.002458 0.004849 0.001823
0.007648 0.003466 0.002407 0.010208 0.002258
0.004923 0.001328 0.002881 0.004633 0.001660
0.005730 0.002887 0.004211 0.002396 0.002113
0.001825 0.001661 0.002182 0.002333 0.001451
0.007910 0.003340 0.002498 0.011061 0.002438
0.008510 0.003870 0.002134 0.015260 0.002327
0.254994 0.160353 0.158423 0.364364 0.007496
0.190072 0.134310 0.300888 0.324444 0.038820
0.594700 0.373632 0.664576 1.170787 0.599248
0.016538 0.020621 0.018958 0.004064 0.002567
0.005961 0.001496 0.001906 0.007003 0.003172
0.053527 0.106362 0.168912 0.005850 0.002744
0.006811 0.002171 0.002320 0.054731 0.002783
0.043760 0.002709 0.055741 0.009056 0.002490
0.017649 0.016993 0.056889 0.058586 0.012273
0.004584 0.005556 0.039151 0.003283 0.002778
0.003038 0.001234 0.001325 0.004310 0.001490
0.098405 0.003440 0.007600 0.017355 0.004590
0.851478 0.806704 0.729903 1.162974 0.009836
0.005714 0.007804 0.139089 0.018532 0.015872
0.001715 0.000879 0.001115 0.001972 0.001056
0.005002 0.000837 0.002388 0.005824 0.001970
0.001452 0.000651 0.001303 0.000777 0.000422
0.005422 0.001124 0.002121 0.006352 0.003521
0.002722 0.001012 0.001721 0.002590 0.001743
0.022410 0.003705 0.004081 0.047717 0.001932
0.003938 0.001071 0.001576 0.005248 0.002398
0.004120 0.002072 0.002808 0.002574 0.001589
0.008694 0.004810 0.073462 0.190767 0.005322
0.567405 0.234639 0.081796 0.010493 0.002841
0.124101 0.043669 0.221638 0.149513 0.148751
0.003225 0.001340 0.002214 0.004366 0.001817
0.007493 0.001914 0.002226 0.007220 0.003585
0.007274 0.004915 0.005934 0.014477 0.001706
0.006066 0.012626 0.003657 0.013841 0.003167
0.006355 0.002363 0.002652 0.020504 0.068491
0.005002 0.004066 0.002683 0.008208 0.013111
0.002930 0.001432 0.001300 0.003012 0.001469
0.000736 0.000609 0.000946 0.001553 0.000871
0.008447 0.005047 0.010001 0.005549 0.002468
0.006777 0.005642 0.053482 0.042811 0.005121
0.006364 0.002171 0.003001 0.003713 0.007438
0.006933 0.002388 0.002197 0.004837 0.003111
0.004464 0.001394 0.002459 0.003894 0.002128
0.085572 0.025250 0.069281 0.171970 0.007329
0.441546 0.022446 0.247839 0.419291 0.002667
0.003611 0.009322 0.009925 0.145913 0.006407
0.004520 0.005455 0.006182 0.013681 0.003345
0.006902 0.002028 0.002945 0.005001 0.002169
0.006214 0.002267 0.002177 0.006200 0.003078
0.007462 0.002046 0.002396 0.003004 0.002162
0.420747 0.005306 0.184333 0.122084 0.003911
0.006936 0.001910 0.002542 0.009729 0.002036
35.126363 25.777405 8.711308 3.952030 1.994603
0.005961 0.001496 0.001906 0.007003 0.003172
0.004768 0.001096 0.002111 0.004155 0.001225
0.002024 0.000634 0.001451 0.002979 0.001877
0.002689 0.001392 0.001554 0.003044 0.001598
0.025029 0.006107 0.022761 0.011850 0.002819
0.006709 0.041244 0.110387 0.170244 0.022555
0.610394 0.404774 0.389052 0.937311 0.015008
0.212587 0.010733 0.043896 0.282307 0.003653
0.003146 0.001271 0.001820 0.003359 0.001570
0.002455 0.001163 0.001564 0.003186 0.001729
1.632023 1.600923 0.727189 3.156220 0.414904
0.004324 0.001697 0.002738 0.005042 0.001508
4.662505 1.552629 2.436340 1.831980 1.157717
0.004561 0.000775 0.001790 0.005606 0.001570
0.005833 0.002967 0.002617 0.006364 0.001683
0.002253 0.001458 0.002263 0.004144 0.001501
0.009512 0.002309 0.030113 0.004304 0.002088
0.008934 0.207421 0.118593 0.104517 0.025644
0.005909 0.001340 0.001880 0.006092 0.001907
2.488673 1.032193 1.091225 1.550475 0.224226
1.050896 1.147175 1.360559 1.528994 0.012781
644.443205 1851.144406 6079.280713 1471.152017 5107.026853
0.000968 0.000537 0.000730 0.001071 0.000994
0.408286 0.359069 0.135176 0.273149 0.107178
0.116786 0.171756 0.216868 0.022726 0.003341
0.003858 0.001068 0.002470 0.005369 0.002086
0.001839 0.001599 0.002598 0.008270 0.002164
0.010875 0.002486 0.001807 0.004985 0.002538
0.002370 0.001178 0.002235 0.003255 0.001476
0.003354 0.000858 0.005672 0.015737 0.001693
0.002693 0.001515 0.001698 0.004678 0.001476
0.006141 0.003051 0.009833 0.069590 0.058544
0.808384 0.191422 0.200654 0.187418 0.004581
0.004779 0.001856 0.053326 0.018503 0.001295
0.003230 0.000957 0.001040 0.004256 0.002396
0.003085 0.001381 0.001708 0.003645 0.001489
0.005683 0.001512 0.002284 0.018564 0.001935
0.002306 0.001508 0.002466 0.006107 0.001683
0.088242 0.403857 0.277301 0.283384 0.212911
1.174365 0.197185 0.380519 0.548750 0.092819
0.004022 0.006569 0.035210 0.068218 0.008899
0.003523 0.001368 0.001846 0.004265 0.002963
0.000977 0.000614 0.001137 0.001107 0.001123
0.007910 0.104051 0.003044 0.062161 0.006876
0.000703 0.000666 0.001128 0.002542 0.001587
0.002475 0.001242 0.002274 0.003614 0.001597
0.003200 0.004118 0.005463 0.005908 0.002660
0.812084 0.732975 0.689176 1.256113 0.371609
0.001697 0.000849 0.001326 0.000858 0.002187
0.035044 0.004467 0.018054 0.064919 0.004190
0.002748 0.003713 0.003002 0.012919 0.002115
4.457113 1.393568 1.519215 2.129445 0.533600
0.003718 0.000863 0.001454 0.004130 0.001652
0.003208 0.002847 0.016055 0.003480 0.002553
0.001714 0.000842 0.002442 0.003561 0.001693
0.003258 0.000692 0.001777 0.004659 0.001582
0.004179 0.005067 0.004847 0.004313 0.002554
0.004544 0.002150 0.004627 0.008671 0.002069
0.002907 0.005515 0.010907 0.014759 0.002937
0.002253 0.001458 0.002263 0.004144 0.001501
0.023892 0.009287 0.007446 0.028802 0.003671
0.003333 0.001526 0.002560 0.004860 0.003439
0.001613 0.001373 0.001972 0.001665 0.002870
0.004415 0.000767 0.001387 0.004914 0.001583
0.000593 0.000705 0.001027 0.001794 0.001686
0.001846 0.001772 0.001611 0.002036 0.003007
0.004212 0.001063 0.002092 0.002626 0.001770
0.015798 0.002535 0.002363 0.003877 0.002763
0.002074 0.003489 0.247203 0.948230 0.311691
0.003910 0.000758 0.001173 0.001684 0.001674
0.004136 0.001063 0.002471 0.002646 0.001770
0.014606 0.005285 0.002996 0.009749 0.012153
0.004720 0.001627 0.002788 0.005529 0.001836
0.230908 0.012413 0.023003 0.018398 0.004584
0.064897 0.011635 0.010868 0.087371 0.006485
0.003250 0.001990 0.002739 0.005179 0.002824
0.003402 0.005199 0.003160 0.007113 0.004599
2.374101 3.892769 5.167309 3.216215 2.411417
0.005299 0.001173 0.001945 0.004824 0.001640
0.143076 0.782034 0.108915 0.345775 0.136645
0.853126 0.457051 0.225926 0.418641 0.032324
0.433459 1.479646 4.688364 5.280763 2.047244
0.000608 0.000419 0.000742 0.001087 0.000799
0.001621 0.000836 0.000996 0.002095 0.001532
0.001377 0.000925 0.001990 0.001814 0.001366
0.001714 0.000901 0.000989 0.001391 0.001335
0.001771 0.000956 0.001260 0.001677 0.001165
0.007162 0.002328 0.030227 0.006975 0.024867
0.005664 0.001562 0.001828 0.003524 0.002259
0.006232 0.001489 0.001391 0.005399 0.002018
0.449580 0.266676 0.288082 0.526796 0.634075
0.004882 0.001120 0.001700 0.004585 0.002421
0.436426 0.342491 0.297806 0.156813 0.072114
0.008199 0.003159 0.002379 0.003734 0.002448
0.002730 0.000889 0.001351 0.002040 0.001403
0.004849 0.022723 0.012173 0.014703 0.004180
0.001915 0.001493 0.002158 0.002692 0.001657
0.005231 0.001652 0.004638 0.005740 0.003515
0.010547 0.022699 0.007755 0.006826 0.004339
0.223054 0.067341 0.156506 0.049724 0.002423
0.494259 0.194412 0.394542 0.131557 0.011139
0.195902 0.609823 0.561571 0.549035 0.051224
0.020397 0.056433 0.188057 0.099703 0.006365
0.001779 0.000654 0.001121 0.001979 0.001240
0.004481 0.006534 0.051516 0.035918 0.008399
0.004885 0.001457 0.002194 0.004823 0.002812
0.010427 0.002515 0.002924 0.007796 0.002692
0.001202 0.000604 0.000649 0.000927 0.000874
0.001920 0.000952 0.002154 0.003652 0.001878
0.005171 0.006399 0.004055 0.002099 0.002131
0.272555 0.109415 0.232446 0.079515 0.004058
0.002341 0.002236 0.002630 0.003914 0.001465
0.003410 0.001684 0.002116 0.003651 0.002073
0.007111 0.002149 0.002011 0.001968 0.002178
0.001361 0.000709 0.000876 0.001220 0.001290
0.005544 0.001433 0.002336 0.007078 0.001685
0.007929 0.002407 0.003727 0.018134 0.023789
0.097462 0.209123 0.532013 0.520996 0.006034
0.037348 0.008564 0.012914 0.010599 0.013152
0.003249 0.002451 0.002466 0.003012 0.002529
0.201502 0.227416 0.398814 0.360638 0.025486
0.004346 0.003611 0.002461 0.004631 0.001367
0.006766 0.001793 0.001833 0.001924 0.002354
0.031476 0.003837 0.003748 0.005637 0.003480
0.005908 0.002120 0.005151 0.005332 0.004521
0.004243 0.001166 0.002013 0.003963 0.002154
0.009974 0.011912 0.049520 0.006795 0.006359
0.005175 0.002879 0.003477 0.010147 0.002397
0.005938 0.001158 0.002384 0.005177 0.002795
0.004247 0.001166 0.002013 0.003960 0.002154
0.051366 0.039195 0.283262 0.021192 0.003979
0.001713 0.001416 0.005076 0.010550 0.010980
0.056087 0.005384 0.009387 0.008985 0.002617
0.004580 0.002056 0.002882 0.006300 0.004658
0.005997 0.005123 0.011250 0.025495 0.003162
0.001330 0.000893 0.000978 0.001044 0.001187
0.182091 0.006564 0.044508 0.135763 0.010935
13.428334 14.016910 27.504310 15.293603 3.003556
0.023309 0.151447 0.160617 0.294852 0.109367
0.003468 0.000818 0.002604 0.005043 0.001501
0.005069 0.009454 0.052738 0.041242 0.003551
0.005270 0.008019 0.014145 0.084174 0.076439
0.001446 0.000633 0.000972 0.001322 0.001296
0.002323 0.001538 0.001696 0.002084 0.001932
0.001646 0.001086 0.000941 0.002123 0.001466
0.040697 0.002572 0.001759 0.004308 0.003316
0.001854 0.001255 0.002573 0.002959 0.001465
0.002011 0.001420 0.002721 0.006463 0.001642
0.004697 0.002979 0.008506 0.003564 0.001644
0.005615 0.001911 0.002521 0.001904 0.001647
0.161090 0.010590 0.373909 0.343897 0.005399
0.005532 0.001004 0.001570 0.006558 0.001812
0.008230 0.006951 0.007094 0.008261 0.009319
0.001600 0.001151 0.001425 0.003383 0.002670
0.002742 0.001075 0.001753 0.003868 0.000955
0.005024 0.001666 0.002428 0.004926 0.003591
0.150382 0.263609 0.282438 0.379165 0.002678
0.002820 0.001082 0.001911 0.004692 0.001827
0.007544 0.002614 0.002720 0.004150 0.003087
0.005749 0.002649 0.006834 0.035916 0.002590
0.000597 0.000338 0.000517 0.000591 0.000388
1.808140 0.595550 1.896897 1.281744 1.126713
0.004675 0.001710 0.002160 0.002138 0.001471
0.120400 0.100066 0.033461 0.122109 0.067516
0.222225 0.041714 0.054670 0.307084 0.111231
0.003809 0.002410 0.004275 0.004825 0.001456
0.009623 0.046799 0.058472 0.004722 0.003770
0.001082 0.000593 0.000655 0.000759 0.000772
0.014955 0.001695 0.002951 0.002453 0.001472
0.044215 0.007725 0.082102 0.015247 0.005200
0.028765 0.016456 0.015294 0.004024 0.003752
0.584169 0.214311 0.299715 0.093062 0.003377
0.004539 0.000904 0.002194 0.003978 0.001752
0.006437 0.002076 0.002552 0.013005 0.010576
0.006138 0.025003 0.007778 0.002678 0.002413
0.002952 0.001784 0.002394 0.004540 0.002120
0.004027 0.000916 0.002378 0.014838 0.002329
0.002875 0.001429 0.001873 0.004132 0.001765
0.006249 0.001574 0.011522 0.006186 0.002327
0.003963 0.958618 0.765842 1.578492 0.076144
0.696830 0.452225 0.604444 0.407965 0.161315
0.007296 0.023795 0.105668 0.038671 0.039695
0.680689 0.283674 0.318690 0.634640 0.054932
0.003236 0.002677 0.008196 0.007050 0.002451
0.004714 0.001444 0.002088 0.002462 0.002264
0.001434 0.000704 0.001290 0.001591 0.001751
0.002991 0.000820 0.002237 0.011687 0.002155
0.002780 0.001327 0.001754 0.002035 0.001961
0.002850 0.001107 0.002173 0.002552 0.001500
0.001434 0.000704 0.001290 0.001591 0.001751
0.003672 0.000856 0.002237 0.004685 0.001643
0.155860 0.006715 0.042796 0.203972 0.003949
0.004173 0.001369 0.002151 0.003749 0.001373
0.005834 0.001777 0.020176 0.084849 0.006744
0.005054 0.001596 0.004943 0.006697 0.003333
0.005379 0.008417 0.008429 0.004616 0.002460
1.647709 0.833222 0.840566 0.917213 0.094780
0.006153 0.002414 0.024611 0.068216 0.005593
1351.577153 554.739869 720.273013 443.783939 145.969888
2.277133 0.865125 0.952316 1.135167 0.145132
0.035446 0.001307 0.015545 0.035468 0.008980
0.101617 0.004640 0.040762 0.003801 0.001642
0.004485 0.003026 0.016497 0.003898 0.001945
0.293380 0.100209 0.238170 0.276276 0.024478
1.851646 1.513600 1.649386 1.241619 0.326406
0.003341 0.001337 0.002162 0.017463 0.002144
0.002153 0.004569 0.002156 0.002307 0.001593
0.002693 0.001116 0.001831 0.002661 0.001828
0.695978 0.165401 0.566297 0.051462 0.003934
0.004187 0.001932 0.001796 0.005007 0.001489
0.002406 0.001585 0.001933 0.002647 0.001820
0.002295 0.000808 0.001342 0.002966 0.001572
0.003928 0.001323 0.001128 0.001534 0.001216
0.002304 0.001216 0.002020 0.004012 0.002484
0.276018 0.007116 0.269282 0.411491 0.005973
0.004734 0.001410 0.013852 0.004986 0.001428
0.893102 0.537307 0.634004 0.711244 0.007278
0.002694 0.000669 0.001683 0.003578 0.001448
0.003254 0.002689 0.002603 0.004644 0.001901
0.004515 0.001301 0.002599 0.007329 0.002111
0.006925 0.003961 0.003742 0.002782 0.002745
0.159579 0.021774 0.105190 0.208655 0.110910
0.136729 0.005638 0.063049 0.035382 0.006654
0.002544 0.001650 0.001672 0.001871 0.001726
0.009872 0.012107 0.014609 0.012518 0.004163
0.190248 0.007036 0.012544 0.039205 0.003347
0.665340 0.166210 0.234236 0.386168 0.003778
0.001200 0.001103 0.001187 0.001744 0.000989
0.004064 0.001578 0.002781 0.004776 0.001873
0.004284 0.001319 0.002062 0.004940 0.002907
0.001117 0.001541 0.116806 0.010671 0.002485
0.024972 0.005474 0.041805 0.068731 0.025762
0.004715 0.001560 0.002769 0.006570 0.001807
0.001995 0.005588 0.034624 0.003887 0.002229
0.003134 0.004613 0.002407 0.004271 0.002479
0.181511 0.040371 0.010525 0.016908 0.003791
1.512844 0.935293 1.271026 1.058898 0.063432
0.009435 0.001050 0.001606 0.007303 0.003799
0.004825 0.002366 0.158402 0.014243 0.002318
0.309640 0.153556 0.187305 0.222430 0.005751
0.019047 0.006116 0.134796 0.003737 0.002917
0.088940 0.001322 0.002864 0.004063 0.001814
0.005907 0.003411 0.001836 0.003718 0.001767
0.003395 0.001112 0.002674 0.004921 0.001573
16.063404 10.187775 6.117866 2.169966 0.612295
3.735628 7.339932 7.621989 7.034870 1.472116
0.002793 0.001159 0.001957 0.002824 0.001566
0.001789 0.001893 0.003009 0.004133 0.001955
0.091020 0.101733 0.080712 0.023720 0.030284
0.001746 0.000981 0.001576 0.001713 0.001254
0.002793 0.001159 0.001957 0.002824 0.001566
