0.001708
0.003395
0.000662
0.001830
0.001816
0.001355
0.000761
0.002166
0.001385
0.001292
0.002912
0.001441
0.002634
0.001906
0.002861
0.003063
0.002634
0.001906
0.001059
0.002471
0.002412
0.001324
0.001316
0.002143
0.002248
0.001942
0.001467
0.001484
0.001385
0.001292
0.001854
0.002140
0.001646
0.001782
0.002612
0.000845
0.001083
0.002036
0.001010
0.001196
0.001816
0.001355
0.002465
0.000908
0.001218
0.001634
0.000980
0.000909
0.001816
0.001355
0.002566
0.001645
0.001467
0.001484
0.001124
0.001291
0.001218
0.001634
0.001854
0.002140
0.002276
0.001875
0.002031
0.004368
0.002106
0.002017
0.003475
0.003101
0.001454
0.002593
0.001669
0.002945
0.001656
0.002271
0.003013
0.002882
0.002157
0.001650
0.000892
0.000819
0.001273
0.001496
0.003308
0.002112
0.001608
0.001708
0.002147
0.002570
0.002369
0.001365
0.001454
0.002593
0.001637
0.008123
0.001428
0.003798
0.002772
0.001782
0.002972
0.002247
0.001527
0.003737
0.003033
0.002541
0.001577
0.002372
0.002130
0.001507
0.003308
0.002112
0.001960
0.002364
0.001637
0.008123
0.001428
0.001765
0.002972
0.002247
0.002972
0.002247
0.002808
0.002005
0.037226
0.002009
0.004425
0.001812
0.002067
0.001695
0.002166
0.002218
0.003181
0.002277
0.002362
0.001902
0.001987
0.002415
0.002167
0.007156
0.001183
0.002267
0.004100
0.003712
0.001310
0.001182
0.003262
0.002513
0.002817
0.002756
0.002480
0.003291
0.004783
0.004048
0.004100
0.003712
0.006033
0.002520
0.002041
0.006804
0.002808
0.002005
0.001717
0.002133
0.004683
0.002876
0.003983
0.004684
0.002198
0.023075
0.006887
0.002344
0.006887
0.002344
0.003616
0.001733
0.002857
0.002755
0.002111
0.002774
0.001852
0.029012
0.002018
0.001855
0.001893
0.004120
0.003088
0.006784
0.008789
0.008892
0.010840
0.008072
0.004693
0.001827
0.004752
0.006050
0.002730
0.005384
0.045909
0.007496
0.004039
0.006318
0.003104
0.002468
0.003470
0.006784
0.192603
0.009861
0.004415
0.006971
0.004454
0.006934
0.005919
0.002336
0.004349
0.140093
0.006829
0.008012
0.004395
0.013905
0.003343
0.003602
0.001773
0.004956
0.011163
0.002533
0.101045
0.019475
0.003994
0.002833
0.001893
0.004120
0.007168
0.002719
0.007269
0.002177
0.008937
0.008182
0.007637
0.004644
0.011365
0.003921
0.007288
0.004599
0.011629
0.009015
0.011318
0.013587
0.012188
0.064273
0.011674
0.010942
0.011664
0.010944
0.014646
0.012070
0.021673
0.005004
0.002393
0.008409
0.006684
0.008207
0.026732
0.003794
0.007090
0.037995
0.002824
0.003148
0.003239
0.003134
0.006182
0.008740
0.011821
0.042838
0.013092
0.038134
0.007700
0.003674
0.033316
0.011007
0.006684
0.006418
0.024576
0.035611
0.006743
0.029362
0.003369
0.075820
0.002151
0.038983
0.014330
0.004443
0.011957
0.003328
0.007601
0.010455
0.012551
0.130441
0.013621
0.034693
0.019150
0.003134
0.011377
0.021009
0.010062
0.015792
0.023870
0.034586
0.011605
0.017903
0.009326
0.074953
0.012766
0.013357
0.012286
0.032387
0.040101
0.009991
0.720365
0.031028
0.720365
0.022940
0.012111
0.004337
0.008568
0.035434
0.003744
0.030367
0.010748
0.009323
0.031163
0.003562
0.007935
0.006813
0.026125
0.008873
0.009765
0.009284
0.009610
0.009299
0.035761
0.005709
0.014520
0.011882
0.015113
0.012346
0.019399
0.030768
0.015837
0.048935
0.024404
0.055563
0.006860
0.079428
0.003517
0.027722
0.021669
0.016768
0.003136
0.008336
0.023976
0.035170
0.005150
0.008547
0.012438
0.016396
0.022088
0.007482
0.019454
0.021156
0.123036
0.015546
0.015554
0.006749
0.041016
0.052169
0.008152
0.030678
0.014449
0.021968
0.015437
0.043405
0.033477
0.016740
0.047335
0.071231
0.010706
0.069923
0.012491
0.104835
0.005137
0.034155
0.063461
0.096670
0.009062
0.009397
0.023402
0.024781
0.017061
0.043430
0.002782
0.071367
0.022244
0.015533
0.013192
0.016474
0.021694
0.019834
0.017361
0.084141
0.021590
0.010587
0.058627
0.007465
0.024868
0.006293
0.012749
0.021197
0.025684
0.036433
0.008844
0.019378
0.026823
0.037954
0.068144
0.012870
0.004690
0.077211
0.039937
0.024341
0.006110
0.012325
0.004827
0.032337
0.035413
0.193827
0.037334
0.014127
0.007404
0.004986
0.046484
0.007671
0.022874
0.010793
0.011396
0.057035
0.088894
0.083267
0.026210
0.066312
0.043549
0.016867
0.015863
0.087991
0.003114
0.037141
0.065162
0.050902
0.039252
0.029040
0.036834
0.019586
0.029484
0.071681
0.009336
0.096857
0.148086
0.012160
0.035696
0.027654
0.216422
0.077211
0.010115
0.011232
0.014894
0.035695
0.058041
0.018522
0.013539
0.020135
0.008768
0.113047
0.033243
0.130780
0.022257
0.031474
0.014963
0.022762
0.031406
0.012020
0.017413
0.020810
15.480660
0.036209
0.029711
0.004887
0.012117
0.013516
0.042250
0.023404
0.016389
0.006738
0.029349
0.042997
0.017284
0.003675
0.034632
0.015322
0.046008
0.081367
0.058540
0.049917
0.141207
0.003375
0.008260
0.047685
0.019635
0.030853
0.029485
0.012876
0.095513
0.025451
0.025356
0.015588
0.029196
0.007222
0.016163
0.044445
0.025144
0.052435
0.014963
0.006257
0.042992
0.009576
0.010312
0.005141
0.029809
0.035228
0.035052
0.044166
0.006121
0.044656
0.065285
0.049253
0.028490
0.015873
0.018760
0.014023
0.111006
0.019009
0.035695
0.021300
0.008522
0.068005
0.025785
0.022460
0.011300
0.022751
0.009531
0.008791
0.010127
0.011793
0.123498
0.034921
0.022232
0.009607
0.030017
0.022419
0.069195
0.025402
0.041798
0.038700
0.056585
0.011871
0.024652
0.045697
0.023511
0.023277
0.050000
0.019761
0.015827
0.089188
0.030859
0.010857
0.027413
0.010016
0.020402
0.021729
0.017858
0.010982
0.018760
0.032036
0.025934
0.007782
0.025935
0.009469
0.034779
0.036291
0.032487
0.036787
0.034888
0.060384
0.077902
0.033124
0.025717
0.025951
0.039036
0.092755
0.059756
0.049526
0.021132
0.017044
0.014277
0.138756
0.050082
0.020365
0.010588
0.013426
0.010968
0.025035
0.010452
0.038149
0.065153
0.034305
0.031322
0.025905
0.086671
0.028545
0.017781
0.040112
0.031148
0.003004
0.070046
0.016341
0.011091
0.035304
0.028734
0.132487
0.086416
0.026970
0.034410
0.098298
0.033906
0.016103
0.016188
0.017570
0.015997
0.004765
0.032754
0.012798
0.044532
0.100804
0.029061
0.038014
0.030761
0.007089
0.105379
0.021853
0.036201
0.039893
0.105379
0.029540
0.055810
0.030475
0.096776
0.038483
0.014077
0.036915
0.022630
9.401432
0.101022
0.043821
0.015271
0.014259
0.085582
0.066502
0.005946
0.023926
0.020594
0.044847
0.015677
0.028483
0.058577
0.017733
0.048414
0.017383
0.066622
0.037211
0.021392
0.024454
0.015213
0.030869
0.045114
0.008447
0.017868
0.056002
0.068536
0.037204
0.153124
0.040284
0.068659
0.074541
0.051845
0.032191
0.014918
0.016224
0.029539
0.083537
0.012779
0.008219
0.017718
0.018465
0.044581
0.004988
0.016657
0.263246
0.101339
0.017769
0.343646
0.072372
0.009742
0.017769
