0.001963 0.002182 0.002105 0.001490 0.001740
0.013603 0.018240 0.018125 0.006141 0.002118
0.001196 0.001120 0.001133 0.001024 0.001596
0.002826 0.002553 0.002315 0.001924 0.002079
0.002350 0.002474 0.002397 0.001939 0.002100
0.002232 0.002003 0.001830 0.001510 0.001836
0.001148 0.001194 0.001252 0.001125 0.001685
0.002691 0.002909 0.002592 0.002047 0.002126
0.001820 0.001924 0.001832 0.001402 0.001878
0.001834 0.001814 0.001659 0.001413 0.001800
0.002784 0.003427 0.003501 0.002553 0.002272
0.001887 0.001864 0.002070 0.002191 0.002364
0.002395 0.003106 0.003355 0.002542 0.002360
0.002248 0.002414 0.002249 0.001578 0.001796
0.003265 0.003531 0.003111 0.002035 0.002015
0.013181 0.017490 0.017544 0.005961 0.002190
0.002395 0.003106 0.003355 0.002542 0.002360
0.002248 0.002414 0.002249 0.001578 0.001796
0.001718 0.001603 0.001560 0.001387 0.001838
0.003091 0.003228 0.002817 0.002103 0.002109
0.002864 0.003031 0.002669 0.001854 0.002027
0.002379 0.002166 0.002009 0.002061 0.002264
0.001719 0.001723 0.001717 0.001445 0.001813
0.002561 0.002578 0.002682 0.002153 0.002135
0.002668 0.002843 0.002512 0.001834 0.002026
0.002488 0.002555 0.002293 0.001644 0.001896
0.002037 0.001988 0.001853 0.001397 0.001737
0.002055 0.002026 0.001790 0.001282 0.001652
0.001820 0.001924 0.001832 0.001402 0.001878
0.001834 0.001814 0.001659 0.001413 0.001800
0.002314 0.002459 0.002185 0.001523 0.001790
0.002547 0.002701 0.002420 0.001644 0.001827
0.001965 0.002095 0.002033 0.001488 0.001766
0.002159 0.002249 0.002230 0.001747 0.001941
0.003142 0.003315 0.002830 0.001856 0.001939
0.001323 0.001320 0.001321 0.001052 0.001570
0.001549 0.001469 0.001671 0.001469 0.001845
0.002408 0.002552 0.002383 0.001788 0.001930
0.001435 0.001394 0.001369 0.001080 0.001559
0.001757 0.001714 0.001557 0.001142 0.001575
0.002350 0.002474 0.002397 0.001939 0.002100
0.002232 0.002003 0.001830 0.001510 0.001836
0.002926 0.003145 0.002832 0.002019 0.002018
0.001492 0.001427 0.001343 0.001095 0.001564
0.001673 0.001836 0.001687 0.001378 0.001845
0.002105 0.002130 0.002011 0.001512 0.001802
0.001666 0.001497 0.001406 0.001110 0.001594
0.001491 0.001492 0.001391 0.001159 0.001605
0.002350 0.002474 0.002397 0.001939 0.002100
0.002232 0.002003 0.001830 0.001510 0.001836
0.002983 0.003191 0.002828 0.001889 0.001944
0.002130 0.002197 0.002144 0.001677 0.001903
0.002037 0.001988 0.001853 0.001397 0.001737
0.002055 0.002026 0.001790 0.001282 0.001652
0.001590 0.001601 0.001501 0.001131 0.001573
0.001872 0.001858 0.001604 0.001166 0.001581
0.001673 0.001836 0.001687 0.001378 0.001845
0.002105 0.002130 0.002011 0.001512 0.001802
0.002314 0.002459 0.002185 0.001523 0.001790
0.002547 0.002701 0.002420 0.001644 0.001827
0.002672 0.002839 0.002549 0.001732 0.001862
0.002297 0.002179 0.002287 0.001976 0.002274
0.002392 0.002555 0.002507 0.001929 0.002003
0.015321 0.019671 0.018442 0.006144 0.002261
0.002482 0.002637 0.002433 0.001699 0.001870
0.002903 0.002737 0.002231 0.001682 0.001959
0.014481 0.018066 0.016549 0.005846 0.002389
0.003384 0.003746 0.003481 0.002408 0.002194
0.001792 0.001859 0.002090 0.001830 0.002077
0.003032 0.003175 0.003017 0.002167 0.002117
0.002174 0.002248 0.002170 0.001678 0.002023
0.003367 0.003426 0.003541 0.002840 0.002457
0.002143 0.002194 0.002110 0.001810 0.002009
0.002681 0.002916 0.002679 0.001857 0.001977
0.003362 0.003647 0.003301 0.002310 0.002218
0.003458 0.003606 0.003128 0.002089 0.002062
0.002627 0.002733 0.002392 0.001671 0.001852
0.002106 0.002199 0.001988 0.001610 0.001932
0.001390 0.001320 0.001469 0.001171 0.001596
0.001406 0.001216 0.001334 0.001215 0.001667
0.001650 0.001686 0.001875 0.001417 0.001834
0.001776 0.001716 0.001986 0.001792 0.002062
0.015156 0.018730 0.016818 0.005848 0.002466
0.002264 0.002505 0.002560 0.002029 0.002142
0.002318 0.002278 0.001960 0.001619 0.001886
0.002175 0.002217 0.002197 0.001765 0.002037
0.002286 0.002573 0.002542 0.001871 0.001980
0.003028 0.003125 0.002938 0.002253 0.002202
0.002538 0.002896 0.002703 0.001926 0.001988
0.001905 0.001923 0.001685 0.001263 0.001667
0.001792 0.001859 0.002090 0.001830 0.002077
0.003032 0.003175 0.003017 0.002167 0.002117
0.001943 0.002010 0.002214 0.001816 0.001999
0.022538 0.027072 0.025492 0.006594 0.002539
0.001996 0.001909 0.002014 0.001768 0.002050
0.012518 0.015877 0.015296 0.005847 0.002581
0.003449 0.003528 0.003090 0.002261 0.002288
0.002965 0.002657 0.002445 0.002656 0.002746
0.003377 0.003703 0.003285 0.002194 0.002097
0.002758 0.002895 0.002490 0.001662 0.001827
0.001918 0.001945 0.002105 0.001751 0.002208
0.013270 0.016488 0.015177 0.005837 0.002502
0.003461 0.003792 0.003320 0.002177 0.002063
0.002901 0.003145 0.002835 0.002127 0.002112
0.001913 0.002215 0.002108 0.001686 0.002119
0.002769 0.003027 0.002714 0.001882 0.002093
0.002860 0.002825 0.002414 0.001808 0.001979
0.002063 0.002058 0.001932 0.001455 0.001784
0.015156 0.018730 0.016818 0.005848 0.002466
0.002264 0.002505 0.002560 0.002029 0.002142
0.002359 0.002525 0.002301 0.001611 0.001854
0.002794 0.002994 0.002761 0.001876 0.001983
0.001943 0.002010 0.002214 0.001816 0.001999
0.022538 0.027072 0.025491 0.006593 0.002539
0.001824 0.001843 0.001755 0.001347 0.001710
0.002357 0.002348 0.002070 0.001456 0.001736
0.003377 0.003703 0.003285 0.002194 0.002097
0.002758 0.002895 0.002490 0.001662 0.001827
0.003377 0.003703 0.003285 0.002194 0.002097
0.002758 0.002895 0.002490 0.001662 0.001827
0.003659 0.003693 0.003098 0.002282 0.002249
0.002463 0.002552 0.002242 0.001685 0.001901
3.788195 3.985527 3.288440 2.115835 2.099765
0.002556 0.002636 0.002244 0.001579 0.001807
0.015058 0.018581 0.017683 0.006175 0.002455
0.002666 0.002565 0.002440 0.002066 0.002257
0.002566 0.002680 0.002458 0.001911 0.001998
0.002191 0.002307 0.002055 0.001452 0.001731
0.003038 0.002930 0.002647 0.002182 0.002313
0.002396 0.002916 0.002866 0.002061 0.002107
0.003587 0.003870 0.003422 0.002248 0.002118
0.002667 0.002865 0.002567 0.002057 0.002228
0.002730 0.002982 0.002705 0.001870 0.001911
0.002472 0.002600 0.002209 0.001678 0.001900
0.002417 0.002582 0.002327 0.001593 0.001790
0.002904 0.003018 0.002857 0.002141 0.002083
0.002731 0.002936 0.002755 0.002101 0.002307
0.020397 0.024708 0.023318 0.006325 0.002348
0.001657 0.001705 0.001739 0.001644 0.001970
0.003084 0.002885 0.002669 0.002326 0.002485
0.013827 0.017545 0.017711 0.005908 0.002657
0.011431 0.014817 0.013618 0.005753 0.003274
0.001812 0.001800 0.001805 0.001410 0.001725
0.001752 0.001588 0.001680 0.001440 0.001802
0.013535 0.018354 0.018188 0.006187 0.002196
0.002934 0.002706 0.002920 0.002500 0.002685
0.003470 0.003578 0.003211 0.002365 0.002242
0.003067 0.003364 0.003070 0.002104 0.002060
0.003049 0.003120 0.002807 0.002134 0.002206
0.003581 0.003860 0.003655 0.002672 0.002419
0.014261 0.017572 0.016202 0.005727 0.002271
0.013471 0.016942 0.016051 0.005988 0.002249
0.013827 0.017545 0.017711 0.005908 0.002657
0.011431 0.014817 0.013618 0.005753 0.003274
0.018951 0.023030 0.021483 0.006595 0.002388
0.003361 0.003377 0.002665 0.001953 0.002021
0.002267 0.002457 0.002677 0.002134 0.002535
0.019599 0.023871 0.022339 0.006500 0.002941
0.003659 0.003693 0.003098 0.002282 0.002249
0.002463 0.002552 0.002242 0.001685 0.001901
0.002037 0.002122 0.002374 0.001762 0.002074
0.002558 0.002555 0.002670 0.002384 0.002448
0.016472 0.019703 0.017867 0.006015 0.002780
0.002811 0.003204 0.003438 0.002737 0.002448
0.014308 0.018681 0.017966 0.006309 0.002331
0.015108 0.019224 0.017865 0.006026 0.002301
0.002832 0.002700 0.002655 0.002295 0.002340
0.441580 0.455581 0.450680 0.300180 0.292557
0.020743 0.024742 0.022940 0.006563 0.002644
0.003600 0.003245 0.002932 0.003299 0.003310
0.020745 0.024744 0.022942 0.006563 0.002644
0.003600 0.003245 0.002932 0.003299 0.003310
0.013765 0.017314 0.016924 0.006239 0.002210
0.002276 0.002222 0.002173 0.001815 0.002021
0.003365 0.003644 0.003272 0.002375 0.002242
0.003366 0.003625 0.002976 0.002045 0.002134
0.002572 0.002683 0.002394 0.001673 0.001910
0.003394 0.003565 0.002994 0.002012 0.001998
0.002407 0.002203 0.002457 0.002119 0.002308
4.487038 8.055152 8.401595 6.448533 6.750860
0.002484 0.002613 0.002347 0.001820 0.001950
0.002434 0.002332 0.002273 0.001756 0.001975
0.002598 0.002585 0.002552 0.002286 0.002309
0.014287 0.018829 0.018988 0.006396 0.002466
0.034996 4.633525 5.819544 1.571648 0.041523
0.020594 0.024855 0.023096 0.006869 0.002178
0.025099 0.029070 0.027230 0.007033 0.003296
0.024110 0.029018 0.027505 0.006832 0.003283
0.029626 0.034469 0.032191 0.007242 0.002563
0.024098 0.028309 0.026218 0.006826 0.002766
0.014478 0.018121 0.017929 0.006034 0.002129
0.003017 0.002574 0.002314 0.001956 0.002303
0.015197 0.018959 0.017737 0.006258 0.002526
0.019159 0.022321 0.020006 0.005730 0.002948
0.002916 0.003199 0.003554 0.003213 0.002933
0.017506 0.020924 0.018822 0.005810 0.002831
1.074730 1.129062 0.899202 0.735710 0.718935
0.021242 0.025421 0.023523 0.006435 0.002512
0.014156 0.018114 0.018275 0.006063 0.002255
0.019086 0.023068 0.021409 0.006510 0.002350
0.003345 0.003717 0.003474 0.002438 0.002218
0.002846 0.003065 0.002734 0.001923 0.001946
0.021175 1.839001 2.061838 0.092101 0.083927
0.020594 0.024855 0.023096 0.006869 0.002178
191.470359 313.712290 344.765136 210.609346 88.096253
0.027775 0.032578 0.030343 0.007207 0.002407
0.015196 0.019225 0.018418 0.006266 0.002521
0.019896 0.024047 0.022331 0.006699 0.002395
0.014399 0.017979 0.017148 0.006160 0.002721
0.020153 0.024980 0.023677 0.007008 0.002192
0.019103 0.023290 0.021736 0.006734 0.002051
0.002752 0.003010 0.002815 0.002020 0.002078
0.013591 0.017091 0.016229 0.005884 0.002662
7.951032 9.866403 13.145104 12.040913 5.774019
0.018984 0.023459 0.022206 0.006281 0.002200
0.023246 0.027361 0.025658 0.006792 0.002425
0.020276 0.021731 0.019092 0.006665 0.003366
1.911297 2.556417 3.088564 2.141840 1.921638
0.003692 0.004043 0.003777 0.002402 0.002344
0.014350 0.018917 0.018568 0.005944 0.002392
0.002185 0.002057 0.002905 0.002511 0.002879
0.013576 0.017604 0.017697 0.006040 0.002192
0.032741 0.037314 0.034178 0.007206 0.002278
0.003181 0.003241 0.002779 0.001960 0.002023
9.643180 7.740288 2.041996 1.198318 1.192312
33.015049 9.705486 4.671483 4.604297 5.701802
0.014227 0.017907 0.017664 0.006141 0.002417
0.003032 0.003490 0.003263 0.002806 0.002553
0.002598 0.002585 0.002552 0.002286 0.002309
0.014287 0.018829 0.018988 0.006396 0.002466
0.021275 0.025460 0.023724 0.006574 0.002841
0.003048 0.003360 0.003058 0.002094 0.002115
0.021021 0.025174 0.023279 0.006576 0.002176
0.002662 0.002791 0.002483 0.002072 0.002288
0.025857 0.030533 0.028182 0.007037 0.002077
0.023471 0.027820 0.025711 0.006809 0.002131
0.022412 0.026727 0.024707 0.006947 0.002224
0.014711 0.017973 0.016483 0.005780 0.003351
0.031475 0.036572 0.034127 0.007354 0.002348
0.013671 0.017322 0.017173 0.006118 0.002062
0.022290 0.026795 0.024859 0.007258 0.003014
0.017205 0.020832 0.019117 0.006310 0.002318
0.031348 0.036588 0.034120 0.007692 0.002847
0.023031 0.027939 0.026216 0.006865 0.003642
0.035057 0.039433 0.035992 0.007501 0.002671
0.204584 0.201246 0.161335 0.009663 0.001782
0.287460 0.286931 0.239399 0.009702 0.002579
0.012131 0.015557 0.015608 0.008310 0.003460
0.033618 0.038264 0.035095 0.007571 0.002234
0.031174 0.036008 0.033472 0.007318 0.002364
0.033627 0.038267 0.035079 0.007571 0.002234
0.031206 0.036026 0.033478 0.007317 0.002364
1.991963 2.479488 2.798707 0.631296 0.152138
1.155392 1.270798 0.897673 0.010077 0.008938
0.139400 0.136578 0.643725 0.784534 0.778554
0.015006 0.018735 0.017467 0.006003 0.002196
0.003014 0.003033 0.002818 0.002190 0.002172
0.022979 0.027301 0.025188 0.006407 0.002010
0.020237 0.024326 0.022823 0.006708 0.002108
0.022895 0.026988 0.025014 0.006539 0.002627
2.053983 3.173996 2.783944 1.407877 1.402035
0.013218 0.016814 0.015924 0.006441 0.003188
0.021443 0.025577 0.023628 0.006796 0.003622
1.330576 1.515067 1.562998 1.031273 0.988298
0.003250 0.003477 0.003147 0.002481 0.002395
0.003759 0.003942 0.003291 0.002202 0.002352
0.012237 0.020150 0.017286 0.005992 0.003661
0.013056 0.017261 0.017328 0.006012 0.002734
0.352166 0.508935 0.524486 0.502070 0.491531
0.025104 0.029701 0.027525 0.006873 0.002329
0.875023 0.940850 0.854764 0.011440 0.004759
3.956638 3.681334 1.319117 1.210272 1.194934
0.027760 0.032937 0.030531 0.007267 0.003217
2.313149 2.924263 2.517003 1.595894 1.623891
0.021455 0.025560 0.023784 0.006662 0.002452
0.013594 0.017403 0.017079 0.005859 0.002490
1.097164 1.290983 0.971264 0.825977 0.814942
0.031828 0.036395 0.033436 0.007305 0.002698
0.020237 0.024326 0.022823 0.006708 0.002108
0.129507 0.115582 0.118323 0.116760 0.114742
2.284300 2.795463 2.159689 0.022927 0.018138
42.181909 41.545333 6.780987 0.344428 0.242545
0.763851 0.775432 0.601588 0.010109 0.003930
0.180665 0.176652 0.158426 0.147566 0.142038
0.003836 0.004137 0.003559 0.002337 0.002266
8.918060 12.561299 18.284852 13.594092 6.418313
0.002610 0.002920 0.002700 0.002336 0.002506
2.331621 3.850905 3.669498 1.528450 1.542649
0.045204 0.041290 0.031505 0.006762 0.003250
0.015206 0.019944 0.018757 0.006205 0.002359
0.035399 0.039987 0.036736 0.007485 0.002536
0.011825 0.015390 0.015159 0.005862 0.002720
0.022290 0.026838 0.025085 0.006544 0.002184
0.030212 0.035137 0.032224 0.007190 0.002460
0.112463 0.110949 0.064096 0.008367 0.002446
12.987711 26.899111 22.976713 9.732256 8.542087
7.605630 10.526480 9.000905 0.586490 0.440541
2.305579 2.973025 2.624450 1.231596 1.208136
0.441099 0.389870 0.523289 0.324836 0.125105
0.013056 0.017261 0.017328 0.006012 0.002734
0.021512 0.025537 0.023724 0.006738 0.002229
0.027482 0.030842 0.025525 0.006591 0.002373
0.030528 0.034775 0.031876 0.007500 0.002653
0.029742 0.036197 0.033678 0.007441 0.002824
0.125099 0.131580 0.122014 0.113985 0.110837
0.465719 0.464433 0.316615 0.282462 0.273702
0.027529 0.032563 0.030563 0.007160 0.002504
1.635648 1.958374 1.839505 0.468227 0.393835
0.146139 0.147942 0.151264 0.961941 0.883697
5.978186 7.364154 6.128130 6.264061 5.349917
1.686163 1.869180 1.332643 0.011955 0.009762
0.035926 0.040184 0.037051 0.007675 0.002715
4.526259 5.020517 2.831823 0.092598 0.092495
17.941143 14.310749 5.657225 2.437069 1.825293
4.203209 7.240212 14.547778 12.791756 7.656637
0.029052 0.033407 0.030642 0.007061 0.002878
5346.422800 6752.661372 5305.194329 1467.392500 1006.822308
2.033503 2.366939 1.907677 1.390993 1.415186
5346.422800 6752.661372 5305.194329 1467.392500 1006.822308
0.054369 0.082580 0.089751 0.099819 0.101919
0.026387 0.031747 0.029722 0.007130 0.002758
0.010437 0.014497 0.015671 0.005879 0.001802
0.024427 0.029684 0.027900 0.006833 0.003183
0.928540 0.940515 0.599564 0.538476 0.529542
0.014307 0.018596 0.018406 0.006080 0.002181
1.806440 2.279501 2.740367 1.639534 1.458657
0.031424 0.036131 0.033311 0.007136 0.002461
0.022339 0.026852 0.024989 0.006693 0.004066
0.145471 0.145945 0.148688 0.128448 0.126564
0.015090 0.019197 0.017467 0.006133 0.002583
0.023255 0.027418 0.025236 0.006622 0.002601
1.600433 1.874816 2.196029 3.157390 3.176108
0.052646 0.039470 0.032963 0.007817 0.003890
0.025257 0.027897 0.022346 0.005889 0.003026
0.050941 0.070393 0.179335 0.163422 0.161780
0.026622 0.031193 0.028802 0.006872 0.002188
0.022073 0.027090 0.025690 0.006835 0.003413
0.025814 0.031267 0.029447 0.007093 0.003114
1.119892 1.453908 1.167634 1.085589 1.090045
0.036185 0.043251 0.110819 0.105856 0.110768
2.480402 2.996325 2.221299 0.028990 0.024365
0.032787 0.037542 0.034509 0.007402 0.002048
1.258144 0.623851 0.613983 0.130113 0.125002
0.022894 0.027524 0.026626 0.007907 0.002096
0.921000 0.987197 0.625353 0.015090 0.009086
0.338026 0.354284 0.332378 0.008831 0.002875
0.192677 0.187561 0.092689 0.008597 0.002491
1.940966 1.725123 0.962316 0.927519 0.908660
2.031472 2.261223 1.734818 1.758058 1.805851
2.825018 3.653254 2.745605 1.838341 1.812971
0.021113 0.025315 0.023474 0.006832 0.002251
0.658098 0.608929 0.030696 0.017430 0.009226
0.014467 0.020842 0.104030 0.003010 0.003827
0.431608 0.443263 0.403677 0.010295 0.002023
1.747763 1.799489 2.423154 1.307159 0.248285
1.010892 1.100427 0.926536 0.036060 0.047131
0.003520 0.003959 0.003552 0.002422 0.002522
0.135290 0.064682 0.063468 0.059872 0.058393
1.160493 1.284618 1.310720 0.860394 0.789588
0.984196 1.048232 0.920191 0.444708 0.441995
0.023951 0.096594 0.054787 0.006763 0.002320
0.025755 0.064425 0.055938 0.016747 0.020713
4.643164 4.918670 3.833581 0.393270 0.350359
0.518163 0.529261 0.509906 0.091956 0.086006
1.157357 1.317631 1.152470 0.011383 0.008872
3.004745 3.936391 3.847699 2.238842 2.227158
0.050259 0.061853 0.063732 0.062662 0.062314
0.052149 0.068460 0.084912 0.087853 0.088722
4.051842 5.216483 2.452940 0.143201 0.187313
1.250828 1.395935 1.167607 0.481236 0.463138
0.027419 0.027777 0.025924 0.006833 0.002696
0.018853 0.574278 0.690221 0.782105 0.781723
1.107076 1.206226 0.981241 0.829215 0.818066
0.690846 0.644250 0.170529 0.011183 0.006947
0.343642 0.358721 0.286932 0.156142 0.158635
2.026434 2.491830 1.925193 0.241111 0.232603
1.335081 1.533503 1.129033 0.023802 0.007565
5.939621 5.100658 2.399779 0.570756 0.116926
0.213533 0.207087 0.155303 0.008946 0.001793
0.490747 0.501916 0.487591 0.257269 0.254868
4.896231 14.164827 14.670819 6.328333 5.330601
0.106324 0.103558 0.064024 0.008520 0.002863
5.702536 8.905422 8.245289 7.436026 7.888972
1.176843 1.417595 2.164248 3.199883 3.266841
0.030260 0.034695 0.031835 0.006957 0.003042
1.369160 1.527335 1.310296 1.056352 1.046299
0.358994 0.362481 0.324050 0.009452 0.002599
2.349019 1.895287 0.126570 0.049810 0.048340
0.234804 0.313569 0.305275 0.013920 0.008579
8.358564 10.791492 7.924116 0.086393 0.094527
1.985328 2.380169 2.232482 1.014936 1.006811
4.290232 5.912676 7.061366 4.995685 4.842710
0.024703 0.025559 0.022884 0.006716 0.002502
0.023513 0.025488 0.021992 0.006179 0.002076
0.115394 0.106220 0.087283 0.009127 0.002463
0.359497 0.365554 0.346768 0.010979 0.002399
1.915666 2.443016 1.783119 0.493587 0.438888
1.201643 1.458773 1.322276 0.879144 0.878107
0.499871 0.660975 0.393917 0.617656 0.055618
3.602101 4.728655 3.795168 0.305306 0.301833
0.564041 0.567421 0.499178 0.009560 0.004132
10.048441 7.266244 4.018111 0.213249 0.212512
0.026921 0.033008 0.030881 0.007300 0.003430
1.300091 1.416995 1.150474 0.427302 0.425228
4.997114 8.596122 8.758805 2.154255 0.273774
1.835346 2.205030 1.707537 0.028069 0.031106
1.744800 1.999147 1.628521 0.020470 0.014555
1.123492 1.003917 0.288707 0.020055 0.013009
0.450912 0.458420 0.362709 0.008382 0.002565
2.309159 2.988022 3.189938 1.732631 1.727201
58.937719 16.874073 6.022235 0.571067 0.558769
0.022282 0.026427 0.024230 0.006793 0.002643
8.335046 9.391237 4.967791 1.422508 1.247536
0.016644 0.020586 0.019148 0.006549 0.002654
9.434735 7.596312 4.839931 1.518168 0.202112
1.225209 1.434692 1.120367 0.020692 0.014535
1.311665 1.453320 1.107074 0.015399 0.010091
0.498639 0.504909 0.449169 0.399849 0.388426
0.082438 0.070591 0.035081 0.006446 0.003505
0.564666 0.572489 0.327933 0.009716 0.004243
1.304655 1.468703 1.105415 0.035826 0.009825
7.658294 7.291990 1.955738 0.326542 0.301227
2.943133 3.642374 3.531650 2.111308 2.108599
4.080528 9.289383 11.776166 7.442075 5.899961
0.126366 0.083854 0.092174 0.063683 0.014437
1.674500 1.370489 0.074281 0.030011 0.031640
3.245690 3.271983 1.746180 1.137330 1.131732
1.742544 2.042501 1.745848 0.927364 0.925237
0.829954 0.869153 0.717998 0.589742 0.583878
2.035318 2.221887 2.259330 1.689486 1.711159
4.652909 5.289758 3.566572 0.285312 0.271911
1.289730 1.089391 0.086353 0.015700 0.010063
8.844331 9.764797 5.230391 2.496194 1.548047
5.706026 5.350587 4.755752 8.273350 9.048296
1.886626 2.314976 2.599698 1.860257 1.698852
0.025914 0.022901 0.017856 0.006283 0.002303
0.023501 0.027384 0.025143 0.007340 0.003139
0.012852 0.017824 0.018345 0.005857 0.002246
1.722525 1.171556 0.103824 0.026106 0.033847
0.974264 1.037577 0.871060 0.010638 0.006967
1.152666 0.471296 0.453358 0.271154 0.266146
3.300408 3.868348 3.573926 0.163532 0.151576
1.018959 1.047375 0.684446 0.012950 0.004863
3.494545 4.172428 4.105936 2.969156 3.005235
2.145566 1.677878 1.506997 0.231953 0.227393
2.984141 5.115346 7.805566 6.632231 4.803839
0.051004 0.038774 0.035004 0.008131 0.002967
4.484167 3.501489 0.616944 0.061155 0.079128
0.766041 0.780518 0.696489 0.323272 0.321213
0.783208 0.776279 0.714431 0.244539 0.242808
3.997825 4.176266 2.997573 1.923121 2.135962
0.703609 0.993392 1.037816 0.767997 0.755246
0.017377 0.029359 0.029204 0.006843 0.002420
0.016482 0.020468 0.018842 0.006599 0.002526
1.290315 1.455604 1.230925 0.986598 0.973353
1.799284 2.304999 2.945047 2.054797 1.891289
6.556774 6.796416 4.053414 0.982456 0.367346
6.109900 5.872094 3.714286 0.151850 0.209647
1.900220 2.301425 1.667167 0.022657 0.019419
0.323600 0.604350 1.943380 2.001855 1.996851
3.005198 3.353284 2.053004 0.042351 0.036380
0.515416 0.515165 1.335664 3.223577 3.217739
0.912117 0.862236 0.768770 0.525040 0.513402
12.439764 11.281178 6.237452 0.642083 0.636021
13.364939 13.853813 5.107729 0.515391 0.686105
1.442092 1.720344 1.568921 0.112636 0.102236
5.930919 5.906076 2.080481 0.176402 0.311395
1.640965 1.925902 1.562081 0.024256 0.017569
163.644760 55.212545 23.616359 21.617711 16.084673
1.674500 1.370489 0.074281 0.030011 0.031640
0.021195 0.024048 0.021482 0.006353 0.001814
0.024655 0.029726 0.027462 0.006603 0.003591
0.039253 0.029719 0.027841 0.007066 0.002364
1.020674 1.220967 1.165299 0.852903 0.829670
6.525348 7.012567 8.285944 3.797513 3.956524
6.963389 19.292372 19.677807 4.110010 1.119500
6.530769 6.766801 4.740763 0.204143 0.142461
1.462971 1.647940 1.171366 0.018386 0.014400
1.468812 1.619072 1.093077 0.009269 0.011424
13.927815 18.641667 16.872200 4.803038 4.969143
0.838810 0.736955 0.079598 0.013510 0.008068
32.890125 37.053357 16.625450 8.517397 3.579723
0.045222 0.041722 0.032054 0.007057 0.002152
0.492245 0.505193 0.478816 0.228442 0.225213
0.350951 0.348758 0.311360 0.008676 0.002732
0.926628 0.988193 0.850128 0.380933 0.375129
2.233651 3.076814 3.659031 1.819448 1.772952
1.452984 1.603604 1.342162 0.015132 0.008091
34.480781 39.299182 32.410872 16.281916 6.343561
6.800934 7.912749 4.456721 1.572564 0.940367
5483.160848 30805.189225 170555.724726 160779.023236 36823.226039
0.009692 0.013408 0.012990 0.005575 0.002593
13.305035 14.337813 15.181635 8.689892 5.359253
3.156844 2.794049 1.112738 0.765004 0.751979
0.866610 0.864225 0.479459 0.009535 0.004966
0.545065 1.195819 0.447493 0.187402 0.189248
2.307930 2.830907 2.399108 0.173559 0.164586
0.373310 0.370940 0.334178 0.009583 0.002091
0.887405 0.944408 0.822297 0.101141 0.098280
0.103408 0.089005 0.053784 0.007531 0.002118
2.257784 3.663548 4.307134 3.147629 2.648719
1.843757 2.362328 2.140240 1.216545 1.215869
0.569118 0.564149 0.217540 0.150906 0.163729
0.018184 0.038267 0.035264 0.021168 0.023552
0.818294 0.820382 0.442765 0.009216 0.003983
2.813211 2.612751 0.777799 0.089191 0.091788
0.092809 0.089749 0.062872 0.007711 0.002961
6.687736 9.536917 6.890558 4.949000 5.046656
9.395519 11.372839 9.390549 3.677833 3.360079
1.387957 1.649630 2.217309 1.689843 1.661075
10.212727 8.126484 6.385115 0.757613 1.109498
0.013013 0.016595 0.017082 0.006198 0.002525
5.285236 10.630113 11.083331 3.692117 1.527920
0.020374 0.024398 0.022934 0.007088 0.003210
1.100131 1.056360 0.860131 0.017667 0.004393
0.646231 0.599974 0.548574 0.220250 0.206344
9.711039 9.747765 6.858885 3.955579 3.022159
0.672524 0.720409 0.651047 0.141500 0.116750
5.883776 6.627641 8.340007 6.828501 3.220396
0.575521 0.590300 0.566405 0.273469 0.263112
13.825460 29.167237 24.026538 6.450965 5.350266
0.023918 0.027559 0.024985 0.006190 0.003039
0.963365 1.019323 0.963889 0.720084 0.700764
1.130361 1.243638 1.115488 0.737775 0.724176
0.052948 0.047654 0.034506 0.006897 0.002353
0.451242 0.447167 0.442107 0.371879 0.364203
0.212456 0.191840 0.168598 0.115388 0.106497
1.089699 1.137073 0.996096 0.223937 0.214799
0.519362 0.527006 0.485556 0.008677 0.004962
0.346254 0.272961 0.261140 0.238465 0.232088
3.839319 3.188261 0.411761 0.054746 0.068827
0.675954 0.679278 0.510824 0.042094 0.047054
0.041839 0.039151 0.030929 0.006900 0.002053
0.009271 0.013225 0.011722 0.006251 0.003393
0.805901 0.804130 0.730255 0.267495 0.256984
0.021073 0.024555 0.023741 0.006950 0.003267
0.465545 0.471090 0.430267 0.353190 0.342564
8.075112 5.522196 20.957728 31.543076 25.254581
0.017972 0.023623 0.028046 0.031245 0.032617
0.056294 0.051461 0.038437 0.007317 0.003267
5.191371 6.119909 2.453536 0.383633 0.094752
0.731605 0.744927 0.634191 0.030245 0.003661
1.734972 1.963389 1.913739 1.164294 1.142319
6.227343 8.432748 4.937511 0.106716 0.152963
1.408225 1.578759 1.048597 0.014127 0.010685
2.094549 3.081125 2.666422 1.047944 1.020865
8.767817 21.357256 75.113141 135.991067 114.503383
0.503488 0.509479 0.174610 0.010884 0.003540
7.174253 14.375410 14.620613 5.363197 4.610380
7.494770 10.350615 7.704923 3.181581 2.844958
1.419899 11.051001 90.673973 5.440618 5.063436
0.009695 0.013423 0.012912 0.005476 0.002341
0.535366 0.545993 0.514724 0.008057 0.003586
0.356980 0.354739 0.234654 0.009754 0.002526
0.024218 0.022529 0.018690 0.006051 0.003139
0.027870 0.027485 0.022349 0.006037 0.002195
3.446053 5.707115 5.169361 0.748956 0.127680
0.210878 0.204344 0.057540 0.043487 0.042368
1.544255 1.879211 1.882834 1.363876 1.237745
5.222847 8.397028 11.200955 8.364686 5.620799
9.240891 5.061561 2.932636 0.262150 0.259897
12.320809 13.474093 5.496921 5.285979 5.754805
0.844496 0.849831 0.634014 0.207527 0.195470
0.027306 0.028922 0.025914 0.006562 0.001880
1.478963 1.543596 1.687814 1.008878 0.992742
0.376289 0.375075 0.251578 0.009750 0.002600
4.960225 4.830190 0.567686 0.081352 0.103930
0.909391 1.111722 1.439691 1.039715 1.020669
1.655997 1.639824 0.995215 0.486219 0.478562
1.437711 1.586569 1.297583 1.280432 1.278404
5.829465 4.684719 4.045973 4.320199 4.401601
1.823182 2.493194 2.186371 1.454267 1.447662
0.020561 0.020841 0.017980 0.005843 0.003332
3.217377 6.038528 7.007729 1.828020 1.198142
2.450182 2.984673 3.246530 0.684169 0.141822
0.881073 0.931806 0.867483 0.714609 0.706444
0.010662 0.013942 0.013899 0.005622 0.002446
0.077414 0.062526 0.036847 0.006513 0.003879
0.429953 0.370878 0.362446 0.341505 0.332028
1.804116 2.089885 2.016799 1.024596 1.012247
0.216310 0.210147 0.159072 0.008945 0.002342
0.829702 0.833241 0.667643 0.009916 0.007151
0.489624 0.495592 0.458547 0.065441 0.057045
1.095962 1.166457 0.742280 0.016196 0.004665
1.264572 1.394767 1.130761 0.014439 0.008190
7.619420 6.877514 4.262916 2.860058 2.913328
6.222758 5.548571 4.244346 0.152333 0.152239
0.574267 0.580453 0.972363 0.462994 0.426342
2.494874 3.003416 2.665935 0.214079 0.033620
3.002091 5.685560 7.089783 2.945224 2.400087
1.237174 1.385525 1.042038 0.026148 0.021925
0.078538 0.079654 0.085515 0.086728 0.086628
1.213011 1.406075 1.257496 0.962089 0.945684
1.026988 1.082318 0.975247 0.709486 0.681200
1.099665 0.914550 0.076205 0.013806 0.008795
6.954923 5.913976 3.212679 0.121189 0.116178
0.059703 0.047844 0.045489 0.033178 0.028592
6.773567 7.960701 6.310646 2.300507 1.097344
1.065800 1.008044 0.311130 0.012678 0.008251
49.756200 65.464773 31.846368 1.008711 1.009923
6.830785 7.699727 8.075641 0.688885 0.662449
0.674672 0.671990 0.626721 0.265443 0.255571
4.141034 5.670008 3.792086 2.012778 2.000200
3.541456 5.171360 4.062904 0.041365 0.049765
0.878547 0.894288 0.736439 0.011898 0.004240
6.221291 7.016038 5.164932 1.573943 0.443437
200.234485 106.346078 59.479450 182.284831 216.552609
6.163992 9.727121 7.459946 4.376414 3.962538
0.197044 0.199847 0.150589 0.008616 0.002687
1.566671 1.746973 1.564136 1.345906 1.339880
2.850083 3.293798 2.565919 2.478642 2.617047
0.027642 0.024778 0.019783 0.006209 0.003037
1.335692 1.467111 1.044189 0.031551 0.005673
0.927060 1.002745 0.846654 0.041748 0.039402
0.818277 0.466486 0.433522 0.072124 0.071931
0.083028 0.067195 0.041593 0.007451 0.002195
1.192210 1.321157 1.076728 0.010747 0.007084
0.470987 0.457153 0.237541 0.010868 0.007464
0.096775 0.102191 0.077908 0.062550 0.058125
1.214243 1.747041 3.055881 2.216002 2.210742
0.981418 0.871721 0.266964 0.015846 0.010525
0.572012 0.678788 0.691911 0.461642 0.314719
5.114383 5.395230 4.715624 0.383672 0.324669
0.387851 0.390951 0.362338 0.008555 0.002405
3.740184 3.524874 0.132953 0.104404 0.137913
8.517910 17.155375 15.148972 0.562562 0.182048
0.271079 0.268944 0.226856 0.009095 0.003016
3.799265 4.780049 3.989531 0.071215 0.072116
1.885884 2.293558 2.131470 1.179662 1.181958
0.004031 0.003794 0.002862 0.002159 0.002212
7.476347 10.129231 37.477268 43.120181 25.632161
0.079230 0.072992 0.078821 0.082391 0.082302
3.658264 4.803529 4.207188 3.380121 3.524746
3.651317 4.219225 3.984372 2.066858 0.623539
0.075791 0.063352 0.039797 0.007732 0.002221
3.340317 6.465634 5.745630 0.514650 0.221496
0.009769 0.013563 0.014097 0.005893 0.002356
0.116509 0.116529 0.102913 0.077519 0.071001
1.270722 1.465486 1.490241 1.027314 1.001687
4.409214 5.137906 2.808233 0.812072 0.799131
6.173493 7.476514 6.474725 2.828408 2.788905
0.028741 0.030449 0.027058 0.007349 0.002005
3.313452 3.884471 3.548282 2.722852 2.705051
0.522231 0.531520 0.486167 0.312462 0.308076
1.149807 1.376130 0.926192 0.022636 0.006484
0.120786 0.145262 0.587955 0.505538 0.498501
1.211785 1.321108 1.090822 0.014287 0.008363
0.380982 0.356418 0.223156 0.187295 0.179534
14.812977 10.000824 7.286640 0.509497 0.550274
17.714559 18.101888 8.628047 2.063169 1.820621
2.202878 3.472294 5.259642 2.835997 1.843564
5.060157 7.030868 5.516964 1.888291 1.826678
2.067615 2.720866 3.442677 1.280944 1.259136
2.394786 2.993603 2.487684 0.092242 0.092855
0.010481 0.014319 0.013633 0.006859 0.003683
1.530520 1.849491 1.278093 0.048622 0.047851
0.569525 0.571599 0.388307 0.009290 0.002851
3.755284 6.695434 5.850269 0.171787 0.171315
0.010481 0.014319 0.013633 0.006859 0.003683
1.260979 1.254085 0.759535 0.015432 0.009683
1.261232 1.470280 1.252146 0.199406 0.163131
1.574196 1.286783 0.077061 0.019035 0.012156
2.426580 2.285998 1.966684 2.250049 2.190696
5.902413 6.271402 9.827079 5.937700 3.245555
0.477623 0.402620 0.390745 0.342348 0.330573
5.045764 5.095665 4.121144 4.393086 4.255848
2.777824 3.356898 4.966426 3.616215 2.209308
27505.435352 11255.261337 4624.801678 18205.761246 22403.419415
19.931073 32.223297 19.971549 5.790338 5.054210
6.136929 6.072230 3.129665 2.196862 2.229560
11.954459 12.601708 3.596976 0.166882 0.165501
0.045101 0.051566 0.354005 0.349000 0.343047
9.596102 16.640631 11.614080 1.306198 0.283426
17.763760 39.121175 35.081350 8.688724 8.064593
2.042860 2.558012 2.135961 0.082930 0.086727
0.068029 0.065665 0.079718 0.082955 0.083692
1.310655 1.383604 1.079207 0.014703 0.009924
4.976949 5.562771 2.800641 0.208906 0.199686
0.266246 0.270003 0.137620 0.009020 0.001947
1.677895 1.921678 1.221504 0.017446 0.009886
0.013574 0.016703 0.015920 0.006638 0.002765
0.087848 0.092721 0.073085 0.063791 0.059889
5.121750 4.735708 0.718219 0.170109 0.168252
2.465495 4.981421 4.619538 0.979477 0.982966
2.441958 1.848980 0.148815 0.019895 0.015518
6.302241 9.699252 8.128260 2.162137 1.152878
0.025145 0.026809 0.024117 0.006578 0.002425
1.773136 2.112517 1.481065 0.018056 0.012206
0.531537 0.533651 0.361297 0.010272 0.002772
0.345094 0.345182 0.340395 0.326845 0.332018
2.645103 3.700531 3.363417 3.013650 3.338867
1.684680 1.937097 2.319235 1.644605 1.504741
1.097820 1.231822 1.015535 0.728123 0.714943
0.804182 0.799684 0.581558 0.600804 0.584662
1.011519 1.134131 1.022260 0.724837 0.710254
1.915385 2.079471 2.505112 1.716270 1.576882
0.016904 0.020567 0.018553 0.005893 0.002191
0.544464 0.544112 0.398147 0.008083 0.003658
1.878122 1.651934 0.072615 0.022392 0.021183
0.020801 0.026735 0.818950 1.071047 1.060724
0.497311 0.648021 2.358156 1.494035 1.450074
0.384592 0.374861 0.044259 0.008873 0.002895
1.465449 1.640261 1.272314 0.432340 0.428069
3.066113 4.025527 2.957403 0.887392 0.881340
2.385187 2.194920 1.027278 0.039774 0.035048
11.366037 12.649562 5.311669 2.441958 2.457085
0.371343 0.376253 0.342161 0.227702 0.214814
2.044708 1.809374 0.430746 0.103742 0.108605
4.517967 6.334998 4.235490 1.289161 1.289188
1.734043 2.061261 2.126057 1.311412 1.243239
0.864593 0.883637 0.721159 0.042829 0.031669
1.579743 1.328008 0.552825 0.075132 0.071737
0.115040 0.104495 0.061531 0.007964 0.001979
83.566520 67.722155 23.545725 16.487412 20.751122
20.018259 42.177206 40.192166 10.046412 7.361233
0.064598 0.050529 0.033531 0.007045 0.003226
11.107391 17.230147 17.807525 1.131272 1.137238
6.570799 5.741490 3.870687 1.887534 0.056856
0.457093 0.469295 0.423422 0.008298 0.002804
0.064598 0.050529 0.033532 0.007045 0.003226
