0.002285
0.005525
0.001001
0.003093
0.002682
0.002338
0.001059
0.003242
0.001962
0.001802
0.004105
0.002363
0.003835
0.002507
0.003878
0.005031
0.003835
0.002507
0.001594
0.003568
0.003282
0.002561
0.001772
0.002964
0.003057
0.002803
0.002148
0.002105
0.001962
0.001802
0.002684
0.002953
0.002149
0.002430
0.003649
0.001258
0.001607
0.002694
0.001274
0.001821
0.002682
0.002338
0.003496
0.001400
0.001762
0.002217
0.001462
0.001497
0.002682
0.002338
0.003472
0.002397
0.002148
0.002105
0.001517
0.001992
0.001762
0.002217
0.002684
0.002953
0.003051
0.002477
0.002814
0.006546
0.002807
0.003096
0.005749
0.004238
0.002149
0.003541
0.002459
0.004061
0.002391
0.003214
0.004030
0.004033
0.002950
0.002367
0.001336
0.001204
0.001879
0.002048
0.005369
0.002798
0.002556
0.002346
0.002818
0.003437
0.003127
0.001953
0.002149
0.003541
0.002238
0.013106
0.002056
0.005849
0.003934
0.003232
0.004129
0.003243
0.002185
0.005704
0.004244
0.003426
0.002348
0.003326
0.003145
0.002131
0.005369
0.002798
0.002747
0.003303
0.002238
0.013106
0.001944
0.002648
0.004129
0.003243
0.004129
0.003243
0.004207
0.002733
0.450093
0.002856
0.006805
0.002884
0.002961
0.002511
0.003387
0.003364
0.004307
0.003161
0.003279
0.002888
0.002811
0.003404
0.003304
0.011977
0.001698
0.003307
0.006071
0.005433
0.001907
0.001619
0.005171
0.003312
0.004128
0.003659
0.003577
0.004323
0.007249
0.006255
0.006071
0.005433
0.010061
0.003808
0.002928
0.011178
0.004207
0.002733
0.002529
0.002965
0.007682
0.003879
0.006331
0.007006
0.003081
0.041813
0.011229
0.003977
0.011229
0.003977
0.005948
0.002324
0.004074
0.004025
0.002889
0.004065
0.002634
0.584534
0.002896
0.002525
0.002849
0.007370
0.016992
0.010863
0.014462
0.014681
0.017960
0.013437
0.007200
0.002976
0.007251
0.010752
0.004103
0.009309
0.078350
0.011843
0.006350
0.010538
0.004190
0.003419
0.005464
0.010863
1.252523
0.016672
0.006794
0.011356
0.006678
0.012448
0.010248
0.003346
0.006370
0.286828
0.011413
0.013238
0.006545
0.183580
0.004484
0.006327
0.002917
0.007427
0.017981
0.003604
0.288248
0.062036
0.006079
0.003865
0.002849
0.007370
0.011985
0.003704
0.012185
0.003014
0.014483
0.013175
0.012453
0.007291
0.018559
0.005901
0.012805
0.009275
0.019182
0.014182
0.018174
0.022213
0.020155
0.336776
0.019006
0.017202
0.019001
0.017196
0.136725
0.019941
0.116429
0.007766
0.003502
0.013621
0.011271
0.013535
0.162814
0.006582
0.011488
0.054834
0.003906
0.004313
0.005884
0.005209
0.064796
0.013956
0.019065
0.137596
0.028622
0.057277
0.012424
0.005895
0.049162
0.017647
0.011271
0.039533
0.036546
0.951093
0.042010
0.043468
0.004579
0.296188
0.003036
0.078907
0.045967
0.007042
0.019301
0.005421
0.012105
0.016996
0.019912
0.476016
0.146947
0.171630
0.081769
0.005209
0.032705
0.081048
0.016914
0.031750
0.046204
0.051951
0.019808
0.069336
0.154860
0.509670
0.022523
0.093524
0.020301
0.302602
0.074318
0.016107
62.773971
0.046746
62.773971
0.042755
0.017276
0.007019
0.014439
0.051411
0.005643
0.052103
0.017452
0.018811
0.052758
0.005715
0.012824
0.220308
0.064959
0.034073
0.038623
0.015063
0.013746
0.015591
0.074720
0.140787
0.109339
0.018965
0.028506
0.023401
0.030725
0.052780
0.030273
0.101061
0.053549
0.196884
0.011219
0.179930
0.018721
0.047107
0.044733
0.056272
0.004424
0.056208
0.039076
0.063819
0.008060
0.013483
0.155645
0.083685
0.086667
0.187335
0.023827
0.037620
0.309384
0.058066
0.028696
0.055308
0.053184
0.167164
0.145960
0.212337
0.094657
0.038801
0.026241
0.056493
0.137398
0.036105
0.543813
0.368328
0.017164
0.105562
0.019852
0.259152
0.046351
0.321092
0.342168
0.512852
0.018496
0.019951
0.054940
0.073725
0.082843
0.115022
0.143378
0.156872
0.043757
0.021437
0.020931
0.040078
0.038674
0.032889
0.093857
0.191777
0.081555
0.151662
1.288688
0.012242
0.093645
0.012697
0.073346
0.038065
0.085875
0.041991
0.065235
0.040170
0.103044
0.223243
0.278209
0.512456
0.009051
0.201623
0.070662
0.105488
0.125148
0.083597
0.222059
0.143411
0.160716
0.789302
0.055145
0.069972
0.015744
0.007419
0.164909
0.060165
0.236051
0.100133
0.093603
0.221903
0.221782
0.235038
0.055218
0.193056
0.067985
0.110766
0.071255
0.288538
0.007909
0.172318
0.102209
0.096495
0.265184
0.293094
0.109064
0.211055
0.153537
0.349516
0.066887
1.147349
1.157601
0.100221
0.195795
0.105860
1.402363
0.201623
0.022770
0.015951
0.039814
0.068345
0.973798
0.352859
0.130085
0.085124
0.063904
0.980387
0.074780
0.500209
0.083271
0.041868
0.070282
0.060398
0.113562
0.031701
0.620131
0.318004
2221.003358
0.172925
0.451551
0.336744
0.037936
0.235048
0.126550
0.062788
0.082258
0.062263
0.053741
0.312497
0.218612
0.020569
0.096864
0.102682
0.090821
0.301025
0.281883
0.163739
1.351084
0.005438
0.283566
0.218300
0.107632
0.075540
1.086314
0.083686
0.498704
0.049236
0.795568
0.073759
0.071959
0.049827
0.074410
0.059608
0.049393
0.145476
0.070281
0.093527
0.220084
0.042961
0.045597
0.008880
0.073865
0.114858
0.051401
0.264620
0.011065
0.176349
0.192545
0.173556
0.136281
0.065853
0.076604
0.086101
1.782157
0.085499
0.218064
0.322024
0.222768
0.332261
0.107406
0.121545
0.055321
0.122229
0.107962
0.041506
0.051021
0.257521
0.464135
0.322526
0.066908
0.046226
0.164388
0.099056
0.377543
0.093402
0.194117
0.254557
0.310559
0.096558
0.125659
0.256411
0.131804
0.068849
0.241135
0.075663
0.028428
0.281414
0.112075
0.044709
0.088953
0.055059
0.055437
0.118409
0.181603
0.130381
0.110221
0.201223
0.142187
0.041264
0.221174
0.058319
0.140784
0.288932
0.062262
0.236591
0.103263
0.365990
0.430627
0.162408
0.077036
0.114482
0.196715
0.527096
1.141571
0.211343
0.083855
0.081046
0.079898
0.692984
0.109134
0.110414
0.128209
0.049878
0.111940
0.068058
0.043883
0.176976
0.145659
0.089402
0.146357
0.109140
0.419631
0.236781
0.052302
0.108205
0.049309
0.004309
0.353974
0.033073
0.096569
0.295155
0.071270
0.430726
0.423819
0.031575
0.073100
0.225725
0.322181
0.053562
0.081957
0.075164
0.082118
0.011860
0.187657
0.077925
0.428791
0.937237
0.112123
0.180211
0.095895
0.105595
0.520940
0.075203
0.160067
0.240099
0.520940
0.080695
0.308222
0.117846
0.207747
0.177254
0.100764
0.390938
0.125147
312.035250
0.465887
0.186515
0.035738
0.048816
0.192216
0.406130
0.090831
0.071028
0.105549
0.251422
0.070753
0.162560
0.299504
0.034393
0.417658
0.365113
0.207626
0.624374
0.080306
0.194294
0.048572
0.041523
0.231211
0.084851
0.071967
0.235802
0.134007
0.197367
0.747160
0.126429
0.158023
0.392883
0.083230
0.158257
0.107943
0.098174
0.128729
0.463880
0.046716
0.024747
0.069090
0.032036
0.176511
0.107836
0.041883
1.401804
0.566607
0.065126
2.942428
0.213309
0.049088
0.065126
