0.001094 0.001217 0.001092 0.000802 0.000395
0.003041 0.003777 0.003570 0.002202 0.000495
0.000494 0.000443 0.000449 0.000443 0.000392
0.001795 0.001464 0.001350 0.001193 0.000473
0.001471 0.001408 0.001298 0.001151 0.000471
0.001330 0.001059 0.000930 0.000812 0.000410
0.000458 0.000474 0.000525 0.000516 0.000395
0.001695 0.001776 0.001506 0.001241 0.000488
0.001007 0.001025 0.000943 0.000780 0.000425
0.000980 0.000927 0.000811 0.000754 0.000414
0.001795 0.002206 0.002090 0.001573 0.000542
0.001008 0.001010 0.001090 0.001381 0.000562
0.001474 0.001971 0.002009 0.001597 0.000582
0.001355 0.001388 0.001242 0.000891 0.000422
0.002145 0.002187 0.001829 0.001216 0.000450
0.003034 0.003496 0.003289 0.002024 0.000511
0.001474 0.001971 0.002009 0.001597 0.000582
0.001355 0.001388 0.001242 0.000891 0.000422
0.000845 0.000737 0.000766 0.000773 0.000422
0.002013 0.002008 0.001618 0.001264 0.000480
0.001824 0.001829 0.001557 0.001109 0.000458
0.001465 0.001150 0.001121 0.001302 0.000523
0.000934 0.000900 0.000881 0.000757 0.000421
0.001566 0.001539 0.001574 0.001325 0.000497
0.001696 0.001696 0.001483 0.001098 0.000446
0.001503 0.001495 0.001319 0.000952 0.000448
0.001190 0.001076 0.000950 0.000775 0.000407
0.001127 0.001070 0.000849 0.000640 0.000386
0.001007 0.001025 0.000943 0.000780 0.000425
0.000980 0.000927 0.000811 0.000754 0.000414
0.001414 0.001440 0.001207 0.000867 0.000411
0.001635 0.001643 0.001414 0.000961 0.000414
0.001127 0.001154 0.001071 0.000802 0.000407
0.001305 0.001294 0.001216 0.001005 0.000426
0.002093 0.002020 0.001623 0.001138 0.000449
0.000586 0.000562 0.000560 0.000489 0.000378
0.000731 0.000691 0.000802 0.000818 0.000425
0.001510 0.001511 0.001391 0.001043 0.000447
0.000662 0.000633 0.000607 0.000488 0.000382
0.000938 0.000861 0.000731 0.000553 0.000378
0.001471 0.001408 0.001298 0.001151 0.000471
0.001330 0.001059 0.000930 0.000812 0.000410
0.001949 0.001960 0.001690 0.001200 0.000463
0.000728 0.000654 0.000574 0.000486 0.000378
0.000846 0.000941 0.000768 0.000747 0.000428
0.001215 0.001197 0.001083 0.000838 0.000416
0.000762 0.000695 0.000659 0.000523 0.000380
0.000710 0.000691 0.000612 0.000559 0.000396
0.001471 0.001408 0.001298 0.001151 0.000471
0.001330 0.001059 0.000930 0.000812 0.000410
0.001962 0.001966 0.001682 0.001139 0.000439
0.001202 0.001254 0.001106 0.000943 0.000435
0.001190 0.001076 0.000950 0.000775 0.000407
0.001127 0.001070 0.000849 0.000640 0.000386
0.000792 0.000752 0.000694 0.000537 0.000381
0.000997 0.000958 0.000782 0.000577 0.000391
0.000846 0.000941 0.000768 0.000747 0.000428
0.001215 0.001197 0.001083 0.000838 0.000416
0.001414 0.001440 0.001207 0.000867 0.000411
0.001635 0.001643 0.001414 0.000961 0.000414
0.001699 0.001698 0.001467 0.001006 0.000431
0.001331 0.001239 0.001268 0.001239 0.000551
0.001493 0.001521 0.001442 0.001131 0.000446
0.003140 0.004329 0.004237 0.002700 0.000523
0.001558 0.001554 0.001372 0.000999 0.000424
0.001839 0.001621 0.001231 0.000953 0.000444
0.002562 0.003743 0.004221 0.002900 0.000565
0.002260 0.002405 0.002045 0.001471 0.000519
0.000944 0.000980 0.001113 0.001107 0.000459
0.002024 0.001972 0.001816 0.001326 0.000490
0.001300 0.001291 0.001165 0.000964 0.000464
0.002213 0.002159 0.002156 0.001768 0.000608
0.001241 0.001224 0.001213 0.001090 0.000452
0.001700 0.001794 0.001555 0.001129 0.000454
0.002246 0.002316 0.002034 0.001449 0.000496
0.002318 0.002278 0.001903 0.001302 0.000461
0.001644 0.001612 0.001369 0.000987 0.000421
0.001236 0.001228 0.001052 0.000892 0.000435
0.000583 0.000562 0.000625 0.000554 0.000379
0.000646 0.000506 0.000554 0.000577 0.000390
0.000830 0.000861 0.000923 0.000775 0.000414
0.000940 0.000894 0.001064 0.001061 0.000460
0.003282 0.003816 0.003565 0.002527 0.000599
0.001339 0.001471 0.001523 0.001266 0.000478
0.001351 0.001277 0.001081 0.000906 0.000417
0.001305 0.001248 0.001217 0.001027 0.000451
0.001379 0.001524 0.001473 0.001110 0.000440
0.001942 0.001890 0.001703 0.001385 0.000483
0.001599 0.001762 0.001526 0.001151 0.000436
0.000984 0.000997 0.000818 0.000663 0.000387
0.000944 0.000980 0.001113 0.001107 0.000459
0.002024 0.001972 0.001816 0.001326 0.000490
0.001042 0.001093 0.001208 0.001053 0.000441
0.006625 0.008713 0.007856 0.003363 0.000644
0.001048 0.000980 0.001091 0.001056 0.000470
0.003313 0.003744 0.003862 0.002488 0.000635
0.002248 0.002149 0.001893 0.001381 0.000543
0.001932 0.001545 0.001433 0.001732 0.000665
0.002284 0.002348 0.001973 0.001366 0.000479
0.001799 0.001756 0.001471 0.000982 0.000411
0.001059 0.001062 0.001102 0.001023 0.000524
0.003191 0.003917 0.003596 0.002661 0.000622
0.002299 0.002415 0.001976 0.001342 0.000472
0.001906 0.001955 0.001736 0.001282 0.000482
0.001058 0.001250 0.001075 0.001017 0.000491
0.001817 0.001869 0.001537 0.001123 0.000476
0.001722 0.001657 0.001339 0.001093 0.000460
0.001092 0.001096 0.000988 0.000796 0.000403
0.003282 0.003816 0.003565 0.002527 0.000599
0.001339 0.001471 0.001523 0.001266 0.000478
0.001481 0.001500 0.001300 0.000944 0.000417
0.001811 0.001841 0.001657 0.001148 0.000443
0.001042 0.001093 0.001208 0.001053 0.000441
0.006625 0.008713 0.007855 0.003363 0.000644
0.001016 0.000983 0.000894 0.000692 0.000403
0.001433 0.001348 0.001107 0.000799 0.000396
0.002284 0.002348 0.001973 0.001366 0.000479
0.001799 0.001756 0.001471 0.000982 0.000411
0.002284 0.002348 0.001973 0.001366 0.000479
0.001799 0.001756 0.001471 0.000982 0.000411
0.002349 0.002252 0.001777 0.001426 0.000507
0.001485 0.001480 0.001290 0.001002 0.000425
0.002644 0.003291 0.003096 0.002608 0.091790
0.001490 0.001545 0.001269 0.000901 0.000407
0.004301 0.004682 0.003930 0.002987 0.000557
0.001632 0.001493 0.001375 0.001291 0.000541
0.001651 0.001608 0.001439 0.001130 0.000457
0.001249 0.001311 0.001049 0.000769 0.000402
0.001980 0.001752 0.001589 0.001368 0.000564
0.001508 0.001810 0.001633 0.001224 0.000484
0.002284 0.002427 0.001944 0.001354 0.000475
0.001729 0.001744 0.001496 0.001256 0.000521
0.001709 0.001839 0.001544 0.001090 0.000427
0.001491 0.001540 0.001261 0.000946 0.000427
0.001447 0.001543 0.001268 0.000887 0.000416
0.001836 0.001846 0.001683 0.001305 0.000480
0.001769 0.001814 0.001553 0.001287 0.000532
0.005663 0.007375 0.007101 0.003269 0.000566
0.000804 0.000843 0.000847 0.000941 0.000452
0.002014 0.001749 0.001592 0.001501 0.000622
0.003549 0.004175 0.003935 0.002689 0.000654
0.003328 0.003789 0.003517 0.002816 0.000772
0.000933 0.000919 0.000885 0.000746 0.000394
0.000903 0.000773 0.000776 0.000758 0.000413
0.003065 0.003651 0.003298 0.002002 0.000497
0.001862 0.001692 0.001728 0.001663 0.000675
0.002306 0.002217 0.001907 0.001453 0.000503
0.001899 0.002087 0.001764 0.001279 0.000452
0.001959 0.001908 0.001680 0.001302 0.000490
0.002344 0.002432 0.002148 0.001660 0.000572
0.004129 0.004978 0.004353 0.002504 0.000567
0.003662 0.004469 0.003660 0.002113 0.000519
0.003549 0.004175 0.003935 0.002689 0.000654
0.003328 0.003789 0.003517 0.002816 0.000772
0.005259 0.006940 0.005907 0.002801 0.000551
0.002099 0.002021 0.001592 0.001157 0.000449
0.001342 0.001470 0.001547 0.001346 0.000623
0.005713 0.007328 0.006792 0.003069 0.000716
0.002349 0.002252 0.001777 0.001426 0.000507
0.001485 0.001480 0.001290 0.001002 0.000425
0.001163 0.001199 0.001316 0.001029 0.000472
0.001610 0.001499 0.001577 0.001527 0.000566
0.004334 0.004945 0.004373 0.002976 0.000663
0.001808 0.002003 0.002107 0.001729 0.000574
0.003354 0.004179 0.003647 0.002375 0.000523
0.004009 0.004919 0.004159 0.002475 0.000545
0.001849 0.001615 0.001618 0.001448 0.000518
0.008241 0.014645 0.027540 0.081265 0.080254
0.005906 0.007683 0.006615 0.002923 0.000648
0.002402 0.001960 0.001734 0.002122 0.000770
0.005907 0.007684 0.006615 0.002923 0.000648
0.002402 0.001960 0.001734 0.002122 0.000770
0.003754 0.004097 0.003473 0.002273 0.000526
0.001320 0.001265 0.001190 0.001059 0.000447
0.002203 0.002312 0.001908 0.001476 0.000526
0.002246 0.002244 0.001673 0.001254 0.000487
0.001607 0.001609 0.001391 0.000982 0.000444
0.002225 0.002233 0.001807 0.001246 0.000456
0.001353 0.001221 0.001381 0.001346 0.000551
1.325673 2.719730 2.661229 1.989693 1.469263
0.001503 0.001551 0.001311 0.001065 0.000443
0.001444 0.001358 0.001229 0.001005 0.000450
0.001634 0.001488 0.001479 0.001421 0.000559
0.003752 0.004785 0.003917 0.002579 0.000622
0.005779 0.006821 0.006990 0.014563 0.016109
0.005736 0.007502 0.006446 0.002881 0.000487
0.007667 0.009048 0.009400 0.003916 0.000771
0.007484 0.009771 0.009203 0.003534 0.000799
0.009659 0.012805 0.010824 0.003820 0.000597
0.006963 0.009102 0.007495 0.003268 0.000637
0.003589 0.004838 0.004370 0.002855 0.000542
0.001832 0.001477 0.001331 0.001176 0.000511
0.004213 0.005128 0.004500 0.003116 0.000662
0.006215 0.007102 0.004910 0.002241 0.000708
0.001847 0.001978 0.002171 0.001955 0.000714
0.005314 0.006647 0.004986 0.003002 0.000704
0.009502 0.030606 0.160651 0.180290 0.176134
0.006168 0.007944 0.007083 0.003019 0.000660
0.003296 0.004366 0.004009 0.002404 0.000504
0.005427 0.006810 0.006125 0.002931 0.000573
0.002255 0.002377 0.002109 0.001530 0.000524
0.001880 0.001906 0.001609 0.001161 0.000459
0.003505 0.003836 0.003295 0.003211 0.003474
0.005736 0.007502 0.006446 0.002881 0.000487
112.414390 112.628318 120.056007 90.909724 35.531481
0.007894 0.011847 0.009775 0.003656 0.000581
0.003681 0.004514 0.003966 0.002585 0.000597
0.005901 0.007637 0.006518 0.002938 0.000592
0.003850 0.004713 0.003982 0.002402 0.000658
0.006973 0.009196 0.008703 0.003794 0.000548
0.005179 0.007000 0.005942 0.002881 0.000493
0.001726 0.001859 0.001644 0.001213 0.000473
0.003589 0.004215 0.004128 0.003087 0.000650
0.035578 0.416091 2.317834 2.910143 1.953333
0.005517 0.007367 0.007011 0.003096 0.000517
0.007243 0.008689 0.008274 0.003493 0.000616
0.003965 0.004301 0.004090 0.003099 0.000774
0.405431 0.617688 0.671169 0.433361 0.363235
0.002353 0.002556 0.002147 0.001469 0.000561
0.003264 0.004261 0.003851 0.002452 0.000582
0.001293 0.001171 0.001768 0.001639 0.000704
0.006969 0.007255 0.004189 0.002426 0.000524
0.010492 0.013578 0.010486 0.003453 0.000505
0.002076 0.001998 0.001654 0.001225 0.000461
0.338278 0.411999 0.294127 0.128132 0.129574
0.346054 0.073917 0.068409 0.083074 0.196127
0.003521 0.004235 0.003688 0.002394 0.000581
0.001989 0.002214 0.002053 0.001807 0.000624
0.001634 0.001488 0.001479 0.001421 0.000559
0.003752 0.004785 0.003917 0.002579 0.000622
0.006208 0.007835 0.007035 0.003213 0.000693
0.002021 0.002114 0.001847 0.001280 0.000472
0.006286 0.007858 0.006771 0.002999 0.000559
0.001708 0.001668 0.001462 0.001254 0.000565
0.007523 0.010233 0.008133 0.003208 0.000494
0.006968 0.009009 0.007543 0.003033 0.000494
0.006513 0.008462 0.007093 0.003042 0.000552
0.004046 0.004833 0.003992 0.002617 0.000825
0.009580 0.013483 0.011613 0.003793 0.000556
0.003503 0.004214 0.003556 0.002090 0.000491
0.006641 0.008246 0.007618 0.003703 0.000700
0.005937 0.007314 0.006097 0.002911 0.000654
0.009355 0.013183 0.012878 0.004184 0.000669
0.006862 0.008606 0.007928 0.003664 0.000782
0.010670 0.013843 0.011113 0.003695 0.000689
0.013198 0.017530 0.014931 0.004080 0.000555
0.012392 0.016513 0.013635 0.004158 0.000722
0.004137 0.004682 0.004877 0.003734 0.000817
0.010912 0.014331 0.012210 0.003956 0.000550
0.009292 0.013009 0.010758 0.003663 0.000550
0.010920 0.014327 0.012210 0.003956 0.000550
0.009320 0.013015 0.010753 0.003661 0.000550
0.014797 0.021823 0.017634 0.007490 0.006248
0.012361 0.015649 0.015321 0.005486 0.003478
0.007447 0.039610 0.142118 0.144714 0.139703
0.004152 0.005304 0.004579 0.002638 0.000509
0.001980 0.001860 0.001738 0.001380 0.000500
0.006976 0.009269 0.007543 0.003037 0.000460
0.005887 0.007462 0.006779 0.003081 0.000562
0.007371 0.009424 0.007548 0.003424 0.000618
0.384511 0.883994 0.650500 0.249181 0.244634
0.003841 0.005196 0.005602 0.003410 0.000792
0.006145 0.007802 0.006662 0.003115 0.000830
0.014821 0.034914 0.142344 0.212054 0.230935
0.002069 0.002188 0.001901 0.001542 0.000596
0.002510 0.002443 0.001992 0.001367 0.000518
0.004158 0.004784 0.004106 0.002247 0.000639
0.002958 0.003576 0.003318 0.002242 0.000679
0.045945 0.085886 0.088775 0.086829 0.071400
0.007276 0.009782 0.008024 0.003232 0.000548
0.011767 0.014521 0.012654 0.004435 0.002258
0.631858 0.674806 0.229198 0.197646 0.196322
0.008668 0.012630 0.009545 0.003769 0.000749
0.014444 0.036416 0.275161 0.361137 0.362734
0.006298 0.008145 0.007228 0.003459 0.000604
0.003312 0.003908 0.003725 0.002490 0.000574
0.009491 0.029014 0.224534 0.197252 0.194886
0.010226 0.013355 0.010404 0.003604 0.000668
0.005887 0.007462 0.006779 0.003081 0.000562
0.050498 0.041337 0.037451 0.022256 0.012605
0.023630 0.033562 0.034500 0.015072 0.014106
4.230780 5.245239 1.603410 0.134258 0.046108
0.012212 0.014823 0.013860 0.003821 0.001484
0.012463 0.030273 0.057111 0.067138 0.062675
0.002504 0.002562 0.002057 0.001435 0.000525
0.573818 1.750320 2.532962 2.273428 1.482541
0.001647 0.001788 0.001477 0.001501 0.000616
0.016877 0.171168 0.280466 0.307636 0.310110
0.009173 0.011299 0.009648 0.003942 0.000793
0.004016 0.004733 0.004456 0.002832 0.000641
0.011621 0.014682 0.011357 0.003750 0.000691
0.003365 0.003517 0.003074 0.002258 0.000626
0.006436 0.008152 0.007330 0.002965 0.000506
0.009057 0.012297 0.010484 0.003684 0.000558
0.013008 0.020833 0.014668 0.003777 0.000613
0.384429 2.977797 3.606892 2.877971 2.343178
0.155905 0.805892 0.768452 0.240496 0.130118
0.036111 0.046286 0.063250 0.052842 0.177258
0.012447 0.048693 0.093343 0.093322 0.077667
0.002958 0.003576 0.003318 0.002242 0.000679
0.007156 0.009083 0.008047 0.003568 0.000568
0.008828 0.009189 0.008078 0.003620 0.000586
0.010273 0.012046 0.010549 0.003821 0.000522
0.008715 0.016547 0.011478 0.003928 0.000692
0.012387 0.020134 0.041306 0.044296 0.044317
0.009306 0.032065 0.087697 0.084655 0.080737
0.008408 0.013573 0.011661 0.003800 0.000628
0.009170 0.013747 0.016076 0.019864 0.102634
0.015154 0.058748 0.063006 0.208433 0.193704
0.164999 0.192288 1.836704 2.379244 2.432432
0.013354 0.022330 0.017679 0.005847 0.005504
0.011670 0.014150 0.012136 0.004178 0.000735
0.013780 0.017721 0.015286 0.010096 0.008315
0.841076 1.825467 1.613548 0.778677 0.412928
0.013691 0.035971 0.670574 1.012678 0.697778
0.009143 0.011801 0.009441 0.003527 0.000691
2253.937839 5355.062622 3176.511308 853.674032 414.419926
0.024845 0.037297 0.184059 0.291434 0.320641
2253.937839 5355.062622 3176.511308 853.674032 414.419926
0.010449 0.021947 0.033269 0.040310 0.041635
0.008822 0.012669 0.009237 0.003478 0.000673
0.004355 0.004054 0.002884 0.001979 0.000429
0.006659 0.009735 0.008703 0.003661 0.000792
0.013078 0.032766 0.146906 0.140077 0.135998
0.003409 0.004031 0.003702 0.002510 0.000521
0.371258 0.590358 0.582384 0.335363 0.288232
0.009665 0.012987 0.010245 0.003492 0.000540
0.007812 0.010263 0.008914 0.003815 0.000902
0.012017 0.027290 0.043995 0.050198 0.051164
0.002954 0.003818 0.003893 0.002810 0.000590
0.006792 0.008533 0.007235 0.003002 0.000599
0.042837 0.295995 0.272559 0.248425 0.229600
0.011675 0.013502 0.010647 0.004073 0.000842
0.008537 0.008649 0.006144 0.003010 0.000770
0.014882 0.019157 0.022066 0.050543 0.045215
0.007807 0.010721 0.008634 0.003238 0.000543
0.006710 0.008899 0.008167 0.003798 0.000802
0.007214 0.010808 0.009530 0.003741 0.000709
0.021879 0.048549 0.264806 0.256121 0.229357
0.007551 0.013324 0.052719 0.050310 0.046848
0.017348 0.036368 0.033039 0.010575 0.007574
0.011264 0.014057 0.012077 0.003928 0.000624
0.013918 0.020779 0.016213 0.034153 0.038915
0.006776 0.010089 0.011679 0.003963 0.000598
0.017007 0.028090 0.028538 0.007645 0.003076
0.092574 0.043855 0.016702 0.004256 0.001228
0.015696 0.028276 0.028322 0.003821 0.000591
0.014194 0.034246 0.222292 0.232774 0.221825
0.018568 0.026773 0.258145 0.397006 0.385910
0.047970 0.156764 0.081692 0.247806 0.435838
0.005958 0.007594 0.006440 0.002892 0.000682
0.019065 0.018421 0.010464 0.007029 0.003989
0.004624 0.003614 0.002990 0.002433 0.002351
0.045096 0.038612 0.017052 0.004053 0.000651
0.073756 0.347616 0.487271 0.261892 0.142060
0.005478 0.008193 0.015039 0.026463 0.010764
0.002370 0.002648 0.002162 0.001509 0.000580
0.022619 0.019030 0.019565 0.019852 0.019431
0.013349 0.026173 0.029709 0.023413 0.162957
0.024524 0.023526 0.041068 0.124181 0.123584
0.012990 0.029502 0.016150 0.003933 0.000517
0.008351 0.025410 0.021446 0.010257 0.007486
0.138087 0.153321 0.181868 0.248311 0.222203
0.017218 0.021091 0.023405 0.033660 0.037525
0.012287 0.015506 0.013042 0.005355 0.004685
0.027521 0.127555 0.389661 0.463377 0.426153
0.015096 0.023446 0.017197 0.019286 0.019088
0.012180 0.016286 0.027790 0.036093 0.035782
0.018399 0.024512 0.041453 0.019377 0.032035
0.018524 0.025355 0.028946 0.020443 0.123998
0.008448 0.011174 0.007698 0.003096 0.000661
0.006681 0.055279 0.100920 0.124062 0.134781
0.022175 0.032343 0.206081 0.202052 0.197481
0.018537 0.019216 0.014433 0.004540 0.002980
0.012724 0.018617 0.086813 0.034894 0.035864
0.026353 0.035747 0.323131 0.139750 0.120179
0.010510 0.018815 0.018185 0.005289 0.003051
0.022788 0.036273 0.038315 0.019573 0.024172
0.015603 0.026242 0.023018 0.004167 0.000638
0.016397 0.030256 0.044325 0.082693 0.080320
0.105000 1.053805 1.801373 1.434957 1.400342
0.014376 0.021577 0.014289 0.003992 0.000697
2.418518 3.925980 3.651771 2.796177 2.763781
0.533343 0.621095 0.848257 0.785955 0.663323
0.009854 0.012699 0.009927 0.003536 0.000709
0.020461 0.058626 0.304404 0.265317 0.262721
0.013009 0.015763 0.013620 0.003924 0.000755
0.018152 0.022875 0.022912 0.015239 0.011715
0.010962 0.013491 0.013253 0.006492 0.005276
0.072923 0.206716 0.093799 0.060236 0.053850
0.077811 0.143644 0.172846 0.352690 0.347920
2.778899 2.228527 1.766107 1.367061 1.317218
0.006772 0.008485 0.008177 0.003730 0.000707
0.006987 0.009347 0.006746 0.002886 0.000465
0.040764 0.036189 0.013924 0.004388 0.000686
0.038900 0.031342 0.015372 0.004103 0.000749
0.138247 0.164968 0.157734 0.139209 0.153725
0.293362 0.365435 0.226968 0.055565 0.061912
0.040406 0.397783 0.227579 0.005286 0.006424
0.079844 0.095994 0.087573 0.084717 0.084881
0.017322 0.017168 0.014419 0.003669 0.001441
0.016200 0.022658 0.015868 0.010052 0.008882
0.007881 0.012744 0.011739 0.004026 0.000802
0.008749 0.015091 0.023853 0.104604 0.107267
0.024052 0.162989 0.191704 0.071184 0.032407
0.022975 0.031761 0.031696 0.011437 0.009359
0.015541 0.019356 0.019994 0.009132 0.005115
0.020358 0.024872 0.017877 0.008205 0.004914
0.012287 0.013367 0.012119 0.002830 0.000978
0.012797 0.017677 0.240448 0.390708 0.370642
2.704226 0.575906 0.439390 0.376025 0.371063
0.006588 0.008136 0.006824 0.003002 0.000606
1.027983 1.619808 1.003747 1.035670 0.945652
0.005950 0.008565 0.007051 0.003577 0.000653
0.010335 0.011144 0.006358 0.002748 0.002673
0.020411 0.035094 0.035085 0.008848 0.005221
0.014418 0.017725 0.015633 0.006465 0.003933
0.011992 0.025312 0.111745 0.106685 0.102033
0.006972 0.008937 0.005247 0.002476 0.000787
0.018263 0.035280 0.037303 0.005572 0.002079
0.024947 0.039632 0.041838 0.009960 0.003146
0.170372 0.614577 0.556244 0.141748 0.143918
0.084667 1.022088 0.660410 0.571876 0.488859
0.792371 1.468387 2.833013 2.759584 1.507071
0.015253 0.038730 0.018711 0.012050 0.003011
0.018802 0.024384 0.022447 0.015446 0.012308
0.169112 0.132413 0.048034 0.137002 0.131698
0.020829 0.029002 0.033933 0.220574 0.224697
0.023401 0.020706 0.196255 0.131745 0.126472
0.042925 0.378320 0.471581 0.365501 0.337447
0.016966 0.085697 0.034088 0.041903 0.047609
0.011844 0.015505 0.011028 0.006166 0.004635
0.219742 0.239723 0.194272 0.106446 0.097374
0.199742 1.599922 1.513887 2.079739 2.300465
0.018186 0.038869 0.448334 0.418850 0.382523
0.004136 0.004300 0.004282 0.002981 0.000476
0.008934 0.011464 0.009178 0.003830 0.000797
0.004930 0.004882 0.003474 0.002519 0.000539
0.018208 0.022653 0.021670 0.015619 0.007893
0.010002 0.012390 0.011330 0.003791 0.003270
0.047990 0.062091 0.078497 0.094165 0.094986
0.013549 0.017565 0.018447 0.012618 0.011820
0.017144 0.018055 0.013847 0.003894 0.002565
0.047770 0.063875 0.585272 0.876055 0.722720
1.161398 0.199234 0.137278 0.088649 0.085845
0.191473 0.416605 1.145034 1.351746 1.175926
0.011648 0.014999 0.011713 0.003995 0.000638
0.022588 0.028098 0.029028 0.024992 0.021477
0.017554 0.032736 0.044452 0.100277 0.100118
0.024987 0.287950 0.284664 0.113424 0.106485
0.022285 0.030109 0.035485 0.045712 0.351261
0.019805 0.028124 0.032386 0.169501 0.258599
0.005615 0.009768 0.008789 0.003044 0.000625
0.004621 0.006342 0.004493 0.002244 0.000612
0.025522 0.043727 0.214251 0.237866 0.232586
0.038244 0.313136 0.657648 0.490634 0.436751
0.020511 0.027331 0.029898 0.030551 0.094274
0.018729 0.025816 0.028989 0.028895 0.042632
0.013877 0.017126 0.018362 0.013654 0.008015
0.126119 0.214593 0.224579 0.472012 0.443195
0.090942 0.106905 0.066281 0.012055 0.010542
0.014273 0.219441 0.209582 0.760436 0.848327
0.015007 0.047515 0.070643 0.085660 0.075918
0.022134 0.024337 0.014418 0.008884 0.009423
0.019667 0.026805 0.030727 0.033150 0.115280
0.024305 0.031339 0.034165 0.019157 0.018246
0.148195 0.178065 0.145647 0.104837 0.069493
0.020877 0.027179 0.027437 0.009780 0.006303
73.992013 34.665282 9.622648 10.678378 5.597927
0.018802 0.024384 0.022447 0.015446 0.012308
0.008221 0.009385 0.007879 0.003354 0.000423
0.007680 0.010841 0.008091 0.003338 0.000805
0.009368 0.011485 0.008997 0.003607 0.000586
0.237118 0.343255 0.276640 0.214266 0.208882
0.021326 0.096439 0.230651 0.475346 0.516103
1.527205 2.267875 2.133515 0.351422 0.245679
0.127377 0.140805 0.121897 0.030524 0.034339
0.011359 0.015251 0.015088 0.008390 0.006081
0.007021 0.007400 0.009591 0.005475 0.005508
2.157982 4.413817 3.805883 1.971134 1.511450
0.013821 0.019013 0.011890 0.005811 0.003761
7.324370 8.685736 5.388276 1.566468 0.534675
0.009974 0.011846 0.009722 0.003464 0.000671
0.011425 0.023026 0.029893 0.067289 0.066879
0.012279 0.011708 0.011086 0.003055 0.000872
0.029377 0.040359 0.128234 0.073240 0.074787
0.051494 0.457897 0.503849 0.332857 0.327953
0.023935 0.024193 0.020924 0.005881 0.004097
4.292310 6.071946 5.157080 2.241488 1.552489
0.946760 3.055103 3.169431 0.667661 0.467263
1274.707009 5012.628105 18369.953013 17575.082212 5842.489850
0.003099 0.003759 0.003817 0.003090 0.000473
0.610237 1.224317 1.368794 1.066563 0.946809
0.065659 0.288506 0.050036 0.047166 0.040326
0.014286 0.017797 0.015332 0.004103 0.002624
0.008187 0.011029 0.013613 0.013107 0.013947
0.030116 0.038947 0.042234 0.026350 0.026505
0.009095 0.010600 0.008814 0.003270 0.000808
0.012554 0.015680 0.009121 0.009494 0.005880
0.009392 0.017093 0.015621 0.003428 0.000549
0.015574 0.022078 0.044861 0.465052 0.466569
0.946190 0.511632 0.449707 0.197081 0.182023
0.016488 0.018312 0.076440 0.087436 0.095544
0.006133 0.015308 0.015474 0.013421 0.010164
0.009982 0.013319 0.010914 0.003541 0.001551
0.015801 0.019965 0.024001 0.017512 0.016919
0.010142 0.013513 0.011788 0.003695 0.001026
0.107499 0.997206 0.882269 1.483480 1.477609
2.213912 1.341448 1.455928 0.958298 0.575952
0.010739 0.032429 0.395710 0.452963 0.408912
0.007054 0.009618 0.010297 0.017785 0.197986
0.003437 0.003932 0.003191 0.002391 0.000713
0.031224 0.180886 0.191537 0.087472 0.104439
0.005736 0.007028 0.006950 0.003147 0.000755
0.007763 0.010479 0.010051 0.003368 0.001980
0.022190 0.146485 0.043192 0.029370 0.029123
0.652691 0.501953 1.378370 1.197947 0.265029
0.006675 0.008190 0.006873 0.004637 0.003843
0.113448 0.113456 0.159034 0.128601 0.116113
0.013068 0.024634 0.016760 0.074236 0.077175
3.989232 6.547040 5.351856 2.855503 2.665168
0.007764 0.009483 0.008304 0.003444 0.000781
0.020480 0.250968 0.235447 0.179616 0.173345
0.005987 0.006984 0.007966 0.009741 0.012957
0.009989 0.012217 0.010080 0.003278 0.000703
0.011381 0.103718 0.116415 0.109602 0.106764
0.011606 0.038733 0.024988 0.018715 0.018112
0.028428 0.353537 0.049500 0.026976 0.025480
0.015275 0.015116 0.012671 0.003055 0.001507
0.027200 0.171078 0.140403 0.084486 0.076439
0.036211 0.037645 0.035546 0.021005 0.019176
0.006507 0.010253 0.013147 0.014697 0.014183
0.010135 0.011378 0.009013 0.003951 0.000526
0.003095 0.004340 0.005272 0.003803 0.000785
0.009828 0.015037 0.017764 0.023832 0.029611
0.007308 0.008762 0.008276 0.003301 0.000765
0.136869 0.135689 0.111257 0.100921 0.097728
0.007163 0.012341 0.602417 2.576570 2.592914
0.003526 0.003246 0.004098 0.006445 0.007029
0.009065 0.011210 0.009764 0.003294 0.000765
0.055205 0.073395 0.075798 0.056542 0.017890
0.013870 0.017374 0.014867 0.005727 0.002296
0.420446 0.502280 0.401557 0.225923 0.212777
0.155206 0.193548 0.118097 0.036958 0.039045
0.029281 0.026339 0.020829 0.007444 0.005227
0.042898 0.060363 0.055720 0.041279 0.215602
4.779175 7.489369 11.513213 17.638688 17.705627
0.012876 0.014057 0.011752 0.003929 0.001231
0.125494 1.558451 1.814466 0.787958 0.332819
0.859796 0.303358 0.301061 0.175574 0.175501
0.525857 3.865927 17.697147 1.737214 1.716024
0.002761 0.003745 0.003567 0.002739 0.000540
0.005993 0.007894 0.007759 0.002649 0.001451
0.006321 0.007875 0.006939 0.003139 0.000621
0.004087 0.003903 0.004268 0.002977 0.000755
0.006472 0.007638 0.004978 0.002012 0.000508
0.073721 0.094351 0.105361 0.081326 0.063564
0.010773 0.013043 0.013556 0.012433 0.012308
0.021914 0.028277 0.030323 0.029848 0.028563
0.832989 1.517271 1.968828 2.128144 1.743646
0.015585 0.020853 0.020888 0.016186 0.014337
0.508627 0.871057 0.687948 0.774351 1.171485
0.013228 0.023214 0.026274 0.018693 0.015029
0.006316 0.007819 0.007250 0.003343 0.000438
0.014220 0.244942 0.351030 0.195691 0.187955
0.009134 0.008210 0.006474 0.002969 0.000723
0.017654 0.022709 0.034109 0.030380 0.028312
0.023221 0.230447 0.311463 0.203763 0.186791
0.059460 0.131297 0.177758 0.072641 0.069230
0.828524 0.793055 0.623812 0.348175 0.326974
0.147312 1.728365 1.742939 0.760437 0.985627
0.038843 0.289137 0.508365 0.367884 0.312068
0.005225 0.005665 0.004263 0.002967 0.000811
0.040409 0.090845 0.365238 0.311320 0.296854
0.018570 0.022459 0.023614 0.020600 0.017510
0.023960 0.026884 0.023388 0.021038 0.021423
0.003625 0.003956 0.003857 0.002951 0.000398
0.007708 0.009875 0.007015 0.002898 0.000881
0.014705 0.060921 0.071523 0.076902 0.078405
0.058216 0.918460 0.614261 0.473269 0.375264
0.009111 0.011530 0.009776 0.003472 0.000573
0.012220 0.015302 0.014254 0.004764 0.002858
0.014910 0.018740 0.020151 0.024054 0.017636
0.004871 0.003212 0.003466 0.003045 0.001992
0.017581 0.020192 0.017945 0.005701 0.004227
0.026485 0.037283 0.049515 0.074688 0.107644
0.123514 1.618637 0.726428 0.053191 0.041826
0.069494 0.207871 0.102451 0.131315 0.123550
0.021888 0.021545 0.008822 0.006391 0.006803
0.087392 0.356547 0.816008 0.255979 0.287541
0.017770 0.029048 0.031231 0.011276 0.006622
0.012971 0.024526 0.031050 0.032377 0.033514
0.282647 0.079193 0.236051 0.174079 0.172132
0.022157 0.021987 0.037109 0.100218 0.157124
0.013727 0.016513 0.012350 0.005889 0.004349
0.030879 0.073681 0.069797 0.053419 0.049453
0.011672 0.044573 0.015864 0.005255 0.002194
0.016261 0.018759 0.017843 0.010714 0.009148
0.013727 0.016458 0.013912 0.005427 0.003859
0.291382 0.565359 0.227414 0.102792 0.100817
0.006694 0.010271 0.021692 0.012574 0.014488
0.268868 0.202229 0.072774 0.048831 0.042146
0.013779 0.065958 0.056820 0.151415 0.439464
0.021167 0.163435 0.105441 0.020096 0.015643
0.005289 0.006498 0.005329 0.002559 0.001575
0.162646 0.206641 0.229031 0.085380 0.100243
73.575576 71.808670 38.158546 48.409194 38.668415
0.054481 0.630184 0.956245 0.818782 0.801677
0.009860 0.011568 0.008009 0.002813 0.000726
0.032691 0.386041 0.369983 0.315242 0.313361
0.026226 0.026993 0.100934 0.135068 0.628355
0.003930 0.004016 0.003975 0.002751 0.000721
0.007522 0.007924 0.006907 0.003462 0.002552
0.006118 0.003367 0.003690 0.004147 0.006391
0.049862 0.027994 0.027689 0.020596 0.016129
0.006431 0.009287 0.008108 0.003070 0.000575
0.027028 0.024680 0.018008 0.005616 0.004017
0.017046 0.014891 0.008281 0.003813 0.001576
0.012625 0.017922 0.019284 0.018887 0.017548
0.038357 0.038312 1.051298 0.626691 0.467603
0.017031 0.022014 0.016314 0.006659 0.004962
0.015957 0.126929 0.156284 0.130019 0.095884
0.007120 0.008860 0.008395 0.006440 0.009357
0.010562 0.012168 0.011375 0.002502 0.000870
0.016865 0.021349 0.021003 0.019337 0.025506
0.391645 0.825835 0.709629 0.103030 0.097933
0.010033 0.012780 0.011294 0.003982 0.000789
0.015543 0.020349 0.021549 0.015588 0.012826
0.017147 0.022799 0.037706 0.267649 0.272599
0.002823 0.002326 0.001692 0.001300 0.000515
0.565519 2.559768 5.283120 5.134768 4.367862
0.010668 0.015615 0.020679 0.030647 0.031842
0.332480 0.748290 0.736583 0.660115 0.447525
0.142902 0.203572 0.221699 0.203221 0.226032
0.011130 0.013193 0.011904 0.003409 0.000547
0.031643 0.141934 0.071694 0.060755 0.064236
0.003449 0.003553 0.003429 0.002730 0.000429
0.045157 0.041846 0.034904 0.022002 0.018238
0.255290 0.331736 0.296440 0.188836 0.181834
0.087342 0.107018 0.124082 0.113092 0.120699
0.175221 0.220642 0.215481 0.040729 0.039180
0.008063 0.010501 0.008962 0.003592 0.000452
0.021737 0.028744 0.034750 0.442577 0.587985
0.017480 0.103531 0.109816 0.082482 0.077623
0.015307 0.015153 0.012716 0.005398 0.003776
0.009843 0.010960 0.041505 0.062512 0.066294
0.009518 0.011422 0.010225 0.004505 0.003280
0.011277 0.041368 0.031982 0.012999 0.011129
0.013584 0.376460 1.919926 0.416441 0.113139
0.304154 0.856061 1.026688 0.760274 0.611319
0.023077 0.132610 0.675816 0.534917 0.352989
0.782415 1.625139 1.460388 0.579193 0.525258
0.010764 0.019859 0.051241 0.245222 0.282599
0.015204 0.019308 0.019839 0.015857 0.013881
0.003429 0.003756 0.003591 0.003567 0.000844
0.010880 0.014246 0.013568 0.013024 0.010527
0.007597 0.008022 0.006209 0.003305 0.001390
0.010262 0.013106 0.012172 0.005854 0.006360
0.003429 0.003756 0.003591 0.003567 0.000844
0.013724 0.017081 0.016156 0.006165 0.003928
0.073936 0.093779 0.108984 0.084472 0.067175
0.019064 0.020344 0.015691 0.008265 0.006294
0.035758 0.038767 0.072980 0.057663 0.489935
0.018224 0.025129 0.029271 0.032992 0.021362
0.015183 0.083273 0.077545 0.082083 0.080872
3.365521 3.230183 2.217209 1.213176 1.044968
0.054778 0.060680 0.096480 0.093104 0.096099
4342.704025 2312.340259 872.587846 1996.237459 2679.453539
4.663320 5.329616 3.591078 1.152746 0.788828
0.116983 0.125300 0.083770 0.067081 0.213772
0.165155 0.175913 0.037684 0.031571 0.029981
0.010072 0.014569 0.053325 0.049559 0.045321
0.748926 1.026007 0.648824 0.153669 0.063023
3.679066 7.021807 5.585480 2.101298 1.422435
0.010916 0.012572 0.010354 0.017135 0.012451
0.007511 0.016646 0.010553 0.005890 0.005207
0.006936 0.008435 0.007577 0.004431 0.003600
0.151938 0.259745 0.108028 0.091751 0.096741
0.009433 0.013160 0.011492 0.003756 0.000533
0.010295 0.012578 0.010950 0.006369 0.007109
0.003846 0.005227 0.005571 0.003190 0.000760
0.010764 0.018166 0.023132 0.018831 0.017346
0.026925 0.027019 0.023380 0.013188 0.014099
0.072109 0.148746 0.147559 0.082859 0.361514
0.014501 0.018704 0.013804 0.006605 0.004912
0.268689 0.347120 0.278403 0.335208 0.335915
0.006712 0.006763 0.006253 0.003431 0.000660
0.027306 0.024073 0.017666 0.008253 0.007970
0.016205 0.017702 0.016026 0.004895 0.001750
0.023488 0.088057 0.087891 0.085694 0.080968
0.256614 0.717579 0.978225 0.645093 0.626005
0.350332 0.413047 0.455850 0.333986 0.308203
0.014033 0.017237 0.018059 0.017892 0.018396
0.019915 0.050477 0.195118 0.176857 0.197901
0.334489 0.407898 0.333495 0.127924 0.125410
0.911444 0.883681 0.456693 0.070089 0.064616
0.005410 0.006878 0.004474 0.001900 0.000534
0.013087 0.017380 0.013749 0.003676 0.002115
0.012825 0.017747 0.017256 0.015652 0.007931
0.006740 0.012456 0.178619 0.238044 0.231481
0.018305 0.019761 0.231259 0.385400 0.369010
0.013698 0.016786 0.014082 0.003891 0.001291
0.022770 0.028893 0.058503 0.068195 0.056610
0.014782 0.051979 0.043260 0.200498 0.204639
0.064750 0.066455 0.036776 0.018167 0.010896
2.932003 3.242008 1.763813 0.587106 0.549366
0.083948 0.081257 0.069251 0.048482 0.045681
0.017363 0.029445 0.021422 0.013349 0.014092
0.335619 1.011045 0.856346 0.432448 0.429197
0.465459 0.479013 0.474781 0.278006 0.261926
0.034306 0.030816 0.022931 0.008552 0.008335
0.023133 0.022559 0.023065 0.021180 0.019778
0.008110 0.020707 0.015570 0.003596 0.000471
33.048199 13.677781 4.683470 2.337757 2.610437
5.610213 12.114739 12.713927 5.647832 2.111196
0.008394 0.010249 0.007135 0.003020 0.000741
0.006929 0.009085 0.014067 0.010846 0.006812
0.141355 0.117377 0.057960 0.029713 0.026954
0.006365 0.007277 0.007226 0.003086 0.001196
0.008394 0.010249 0.007135 0.003020 0.000741
