0.000433 0.0002 0.0002 0.000133 0.000233
0.000633 0.002433 0.002733 0.001833 0.0004
0.000333 0.0002 0.0002 0.000133 0.000233
0.000467 0.0001 6.7e-05 3.3e-05 0.0003
0.000467 0.0001 0.0001 0.0001 0.000267
0.000433 0.000167 0.000167 0.000133 0.0003
0.000333 6.7e-05 3.3e-05 3.3e-05 0.0002
0.000467 6.7e-05 3.3e-05 3.3e-05 0.000333
0.0004 0.000233 0.000233 0.000167 0.000233
0.000433 0.0002 0.000167 0.000133 0.000267
0.0005 0.000133 0.000133 0.0001 0.000367
0.000433 6.7e-05 6.7e-05 3.3e-05 0.000333
0.000467 0.0003 0.0003 0.000233 0.000433
0.000467 0.000333 0.0003 0.000233 0.000267
0.0006 0.0006 0.0006 0.000433 0.0003
0.000567 0.002333 0.002633 0.0018 0.0004
0.000467 0.0003 0.0003 0.000233 0.000433
0.000467 0.000333 0.0003 0.000233 0.000267
0.000433 0.000233 0.000233 0.000167 0.000233
0.000533 0.000133 0.000133 0.0001 0.000333
0.000533 0.000333 0.000333 0.000233 0.0003
0.000467 0.000367 0.000333 0.000233 0.0003
0.0004 0.0002 0.000167 0.000133 0.000233
0.000433 0.000167 0.000167 0.000133 0.000367
0.0005 0.000167 0.000133 0.0001 0.000267
0.0005 0.0002 0.0002 0.000133 0.000267
0.000433 0.0003 0.000267 0.0002 0.000267
0.000467 0.000167 0.000167 0.000133 0.000233
0.0004 0.000233 0.000233 0.000167 0.000233
0.000433 0.0002 0.000167 0.000133 0.000267
0.000467 0.0003 0.000267 0.0002 0.000267
0.000467 0.000433 0.0004 0.0003 0.0003
0.000433 0.000267 0.000267 0.000167 0.000233
0.000467 0.000367 0.000367 0.000267 0.000233
0.000533 0.0002 0.0002 0.000133 0.0003
0.000333 0.000267 0.000267 0.0002 0.000233
0.000367 0.0002 0.000167 0.000133 0.0002
0.000467 0.000233 0.0002 0.000167 0.0003
0.000367 0.0003 0.000267 0.0002 0.0002
0.0004 0.000367 0.000333 0.000233 0.000233
0.000467 0.0001 0.0001 0.0001 0.000267
0.000433 0.000167 0.000167 0.000133 0.0003
0.000533 0.0002 0.0002 0.000133 0.000333
0.000367 0.0001 0.0001 6.7e-05 0.000233
0.0004 0.000333 0.000333 0.000233 0.000233
0.000467 3.3e-05 3.3e-05 3.3e-05 0.000233
0.000433 0.0001 0.0001 6.7e-05 0.0002
0.000367 0.000167 0.000167 0.000133 0.000233
0.000467 0.0001 0.0001 0.0001 0.000267
0.000433 0.000167 0.000167 0.000133 0.0003
0.000533 0.0002 0.000167 0.000133 0.0003
0.000467 6.7e-05 0.0001 3.3e-05 0.0003
0.000433 0.0003 0.000267 0.0002 0.000267
0.000467 0.000167 0.000167 0.000133 0.000233
0.0004 0.0004 0.000367 0.000267 0.000233
0.000433 0.0005 0.000467 0.000333 0.000233
0.0004 0.000333 0.000333 0.000233 0.000233
0.000467 3.3e-05 3.3e-05 3.3e-05 0.000233
0.000467 0.0003 0.000267 0.0002 0.000267
0.000467 0.000433 0.0004 0.0003 0.0003
0.0005 0.000167 0.000167 0.000133 0.000267
0.0004 0.0001 6.7e-05 0.0001 0.0002
0.000467 0.0002 0.0002 0.000133 0.0003
0.002833 0.003 0.002733 0.001133 0.0011
0.000467 0.000133 0.000133 0.0001 0.000267
0.000533 3.3e-05 6.7e-05 3.3e-05 0.000233
0.000567 0.002367 0.0028 0.002 0.0005
0.000533 0.0003 0.0003 0.0002 0.000367
0.000367 0.000167 0.000167 0.000133 0.0002
0.000533 0.0002 0.0002 0.000133 0.0003
0.000433 0.000267 0.000267 0.0002 0.000233
0.000467 0.000233 0.000233 0.0002 0.000433
0.000433 6.7e-05 3.3e-05 3.3e-05 0.0003
0.000467 6.7e-05 6.7e-05 0.0 0.0003
0.000533 0.0004 0.000367 0.000267 0.0003
0.000533 0.000233 0.0002 0.000133 0.0003
0.0005 0.000333 0.000333 0.000233 0.0003
0.000433 0.000467 0.000467 0.000333 0.0003
0.0003 0.000133 0.0001 6.7e-05 0.000267
0.000367 6.7e-05 3.3e-05 0.0 0.000267
0.000367 0.0001 6.7e-05 3.3e-05 0.000267
0.000433 3.3e-05 3.3e-05 6.7e-05 0.000267
0.000667 0.0025 0.002733 0.001767 0.0004
0.0005 0.000533 0.000533 0.0004 0.0003
0.0004 0.0001 6.7e-05 3.3e-05 0.0003
0.000467 6.7e-05 3.3e-05 6.7e-05 0.000233
0.000467 0.000233 0.0002 0.000167 0.000267
0.000533 0.000567 0.000567 0.0004 0.000267
0.0005 0.000433 0.000433 0.0003 0.000233
0.000433 0.000133 0.0001 6.7e-05 0.000233
0.000367 0.000167 0.000167 0.000133 0.0002
0.000533 0.0002 0.0002 0.000133 0.0003
0.0004 6.7e-05 0.0 6.7e-05 0.000233
0.002967 0.008067 0.008967 0.005967 0.0005
0.000467 0.000367 0.000367 0.000267 0.000267
0.000633 0.0024 0.002667 0.001833 0.000467
0.000567 0.000433 0.0004 0.0003 0.000333
0.0005 0.000433 0.0004 0.0003 0.000367
0.000533 0.0003 0.0003 0.000233 0.000333
0.0005 0.000467 0.000433 0.000333 0.000267
0.000433 0.000467 0.000433 0.000333 0.0003
0.000633 0.002433 0.002667 0.001767 0.000433
0.000633 0.000833 0.0008 0.000567 0.000367
0.0005 0.000467 0.000433 0.0003 0.000333
0.000433 0.000367 0.000333 0.000267 0.000267
0.0005 0.0003 0.0003 0.0002 0.0003
0.000567 0.000367 0.000333 0.000267 0.000267
0.000467 0.000167 0.000167 0.000133 0.000233
0.000667 0.0025 0.002733 0.001767 0.0004
0.0005 0.000533 0.000533 0.0004 0.0003
0.000467 6.7e-05 6.7e-05 3.3e-05 0.000267
0.000467 0.000267 0.000267 0.0002 0.0003
0.0004 6.7e-05 0.0 6.7e-05 0.000233
0.002967 0.008067 0.008967 0.005967 0.0005
0.000433 0.000467 0.000433 0.000333 0.000233
0.000533 0.000667 0.000633 0.000467 0.0003
0.000533 0.0003 0.0003 0.000233 0.000333
0.0005 0.000467 0.000433 0.000333 0.000267
0.000533 0.0003 0.0003 0.000233 0.000333
0.0005 0.000467 0.000433 0.000333 0.000267
0.0006 0.0004 0.0004 0.000267 0.000267
0.0005 0.000133 0.000133 0.0001 0.000267
    
0.000533 0.000433 0.0004 0.0003 0.000267
0.0008 0.0027 0.002867 0.001867 0.000467
0.0005 3.3e-05 3.3e-05 6.7e-05 0.0003
0.0005 0.0002 0.0002 0.000133 0.000267
0.0004 0.000167 0.000133 0.0001 0.000267
0.0005 0.0001 0.0001 6.7e-05 0.0003
0.000467 0.000167 0.000167 0.000133 0.000333
0.0006 0.000667 0.000633 0.000467 0.000333
0.000567 0.000733 0.0007 0.0005 0.000367
0.000433 0.000167 0.0002 0.000167 0.000333
0.000433 0.000233 0.0002 0.000133 0.000233
0.0004 0.000133 0.000167 0.0001 0.0003
0.000467 0.0001 0.000133 0.0001 0.000367
0.0005 0.000233 0.000233 0.000167 0.0003
0.002667 0.007433 0.008267 0.005567 0.0005
0.0004 6.7e-05 3.3e-05 3.3e-05 0.000267
0.000533 3.3e-05 3.3e-05 3.3e-05 0.000367
0.0007 0.002533 0.002833 0.001933 0.0005
0.0007 0.0024 0.0026 0.001767 0.0005
0.000333 0.000167 0.000167 0.0001 0.0003
0.000433 3.3e-05 6.7e-05 3.3e-05 0.000267
0.0006 0.002367 0.002667 0.001733 0.000367
0.0004 0.0002 0.0002 0.000167 0.0002
0.000567 0.0006 0.000567 0.000433 0.0003
0.0006 0.000733 0.0007 0.000533 0.000333
0.000567 0.000733 0.0007 0.000533 0.000333
0.000633 0.000733 0.000733 0.000533 0.000333
0.0008 0.002733 0.003 0.001967 0.000467
0.000633 0.0025 0.002733 0.001733 0.000367
0.0007 0.002533 0.002833 0.001933 0.0005
0.0007 0.0024 0.0026 0.001767 0.0005
0.0026 0.007267 0.008067 0.0052 0.000433
0.0006 0.0001 6.7e-05 6.7e-05 0.000267
0.0005 0.0006 0.000567 0.000433 0.000333
0.002667 0.0075 0.008267 0.005533 0.000533
0.0006 0.0004 0.0004 0.000267 0.000267
0.0005 0.000133 0.000133 0.0001 0.000267
0.000433 0.0001 6.7e-05 3.3e-05 0.0003
0.000467 0.0001 3.3e-05 6.7e-05 0.0003
0.003133 0.003167 0.002733 0.0012 0.0011
0.0005 0.0006 0.000567 0.000433 0.000367
0.002733 0.002933 0.002567 0.001033 0.0011
0.000733 0.002667 0.002933 0.001933 0.000433
0.0005 6.7e-05 3.3e-05 3.3e-05 0.0003
    
0.002767 0.0076 0.008367 0.005467 0.000467
0.000533 0.000467 0.000433 0.000333 0.0004
0.002767 0.0076 0.008367 0.005467 0.000467
0.000533 0.000467 0.000433 0.000333 0.0004
0.000667 0.0025 0.002667 0.001733 0.000367
0.000467 0.000167 0.000133 0.000133 0.000233
0.000467 0.0003 0.0003 0.0002 0.000333
0.000533 0.000233 0.0002 0.000167 0.000267
0.000533 0.000633 0.0006 0.000433 0.0003
0.000733 0.001133 0.001067 0.000767 0.000467
0.0005 0.000433 0.0004 0.0003 0.0003
    
0.000333 0.000233 0.000233 0.000133 0.000333
0.0005 6.7e-05 6.7e-05 3.3e-05 0.0003
0.000467 0.000233 0.000233 0.0002 0.0004
0.002867 0.003067 0.002767 0.0011 0.0011
    
0.005733 0.008067 0.007967 0.0041 0.0013
0.003367 0.0087 0.009833 0.0072 0.000767
0.0068 0.009633 0.009667 0.0046 0.0014
0.004433 0.0109 0.012133 0.008233 0.000633
0.006367 0.0088 0.008633 0.004233 0.001333
0.000633 0.0026 0.002967 0.002 0.000467
0.0006 0.000167 0.000167 0.000133 0.000233
0.000833 0.002933 0.003167 0.002 0.000433
0.002533 0.0068 0.006567 0.0023 0.000367
0.000433 0.0003 0.0003 0.000233 0.0002
0.0024 0.006633 0.0066 0.0025 0.0005
    
0.0059 0.008267 0.008133 0.004133 0.001333
0.0006 0.002467 0.002733 0.001867 0.000433
0.0027 0.0073 0.008 0.0051 0.000467
0.000567 0.000567 0.000533 0.0004 0.000333
0.0005 0.000433 0.0004 0.0003 0.000333
    
0.0057 0.008067 0.007967 0.0041 0.0013
    
0.003567 0.009567 0.010967 0.0074 0.000533
0.002867 0.003033 0.002667 0.001033 0.0011
0.002733 0.007533 0.0083 0.005467 0.000533
0.0008 0.0026 0.002833 0.0018 0.000433
0.001633 0.005633 0.006667 0.005233 0.0012
0.002767 0.007533 0.0082 0.005333 0.000467
0.000667 0.0009 0.000867 0.000633 0.000367
0.000667 0.002533 0.002767 0.0019 0.000533
    
0.002633 0.007533 0.0083 0.005567 0.000533
0.003133 0.008267 0.0091 0.006133 0.000533
0.0035 0.002967 0.002633 0.001133 0.001233
    
0.0006 0.0001 0.0001 6.7e-05 0.0003
0.002767 0.003033 0.002733 0.001033 0.001067
0.0005 0.000533 0.000533 0.0004 0.000333
    
0.009067 0.012133 0.0118 0.005233 0.001467
0.000533 3.3e-05 3.3e-05 0.0 0.0003
    
    
0.0006 0.002467 0.002733 0.0018 0.0004
0.0005 0.000233 0.0002 0.000167 0.000333
0.000467 0.000233 0.000233 0.0002 0.0004
0.002867 0.003067 0.002767 0.0011 0.0011
0.002833 0.0077 0.0084 0.005533 0.0005
0.0005 0.000133 0.000133 0.0001 0.0003
0.0059 0.0084 0.008367 0.004133 0.001333
0.0005 0.0004 0.0004 0.0003 0.0003
0.006867 0.009467 0.0092 0.0044 0.001433
0.003 0.0082 0.008967 0.005867 0.000467
0.0029 0.0079 0.008667 0.005733 0.0005
0.0029 0.003067 0.002733 0.0013 0.001
0.004267 0.0112 0.0127 0.008633 0.0007
0.000667 0.0025 0.0027 0.0018 0.000367
0.006167 0.0087 0.008567 0.004433 0.001333
0.003833 0.005 0.0041 0.0009 0.001067
0.0089 0.012267 0.0128 0.006933 0.001367
0.009133 0.009267 0.0089 0.004733 0.001267
0.004667 0.011767 0.012867 0.0085 0.000667
    
    
0.015267 0.000567 3.3e-05 0.335667 0.000933
0.004733 0.0123 0.013867 0.0098 0.000767
0.008467 0.011567 0.011533 0.005467 0.0014
0.004733 0.0123 0.013867 0.0098 0.000767
0.0085 0.011567 0.011533 0.005467 0.0014
    
    
    
0.000733 0.0028 0.003133 0.002 0.000467
0.0005 0.000233 0.0002 0.000167 0.000333
0.003133 0.008333 0.0092 0.006033 0.000533
0.0028 0.007667 0.008367 0.005567 0.0005
0.003267 0.008567 0.009367 0.005967 0.0006
    
0.001133 0.000267 0.002667 0.002033 0.000867
0.005833 0.0082 0.008067 0.004033 0.001433
    
0.000367 0.000267 0.0003 0.0002 0.0004
0.0006 0.0001 0.0001 6.7e-05 0.000267
    
0.0006 0.0024 0.0027 0.001833 0.0004
    
0.006733 0.0093 0.009067 0.0044 0.001367
    
    
0.0235 0.0141 0.0125 0.005833 0.001367
    
0.003 0.008033 0.0088 0.005933 0.0006
0.0006 0.002433 0.0027 0.001767 0.000433
    
0.004367 0.0113 0.012333 0.007867 0.000533
0.0028 0.007667 0.008367 0.005567 0.0005
    
    
    
    
    
0.0006 0.000467 0.000467 0.000333 0.0003
    
0.0005 6.7e-05 6.7e-05 6.7e-05 0.000333
    
0.045567 0.007867 0.008867 0.007 0.001
0.000767 0.0027 0.003 0.001967 0.000433
0.0101 0.013167 0.012733 0.0057 0.001533
0.002533 0.0027 0.002367 0.0011 0.001033
0.006133 0.008433 0.0082 0.004133 0.0013
0.004033 0.010467 0.0117 0.007933 0.000633
    
    
    
    
    
0.0006 0.0024 0.0027 0.001833 0.0004
0.000967 0.0126 0.007533 0.0047 0.0011
0.034 0.069467 0.005433 0.002733 0.0011
0.008767 0.011633 0.0115 0.005833 0.001367
0.0286 0.018767 0.015467 0.0068 0.001533
    
    
0.003867 0.010967 0.012967 0.009233 0.000733
    
    
    
    
0.019267 0.093367 0.010933 0.004867 0.001333
    
    
    
0.003933 0.010133 0.0111 0.0072 0.0006
    
    
    
    
0.009167 0.012067 0.012033 0.0078 0.000667
    
0.003033 0.008733 0.0099 0.0067 0.000533
    
0.000633 0.002433 0.0028 0.0019 0.000467
    
0.0041 0.0109 0.012 0.0078 0.000567
0.018133 0.007533 0.0007 0.000933 0.001067
    
0.0027 0.0028 0.0025 0.001133 0.001133
0.006233 0.0086 0.008333 0.004067 0.001333
    
0.062633 0.044467 0.014467 0.006333 0.001667
0.014367 0.023667 0.005733 0.001267 0.0011
    
0.003467 0.0091 0.0101 0.006633 0.0005
0.007933 0.009867 0.0096 0.0063 0.000667
0.006933 0.010033 0.010133 0.004967 0.001333
    
    
    
0.005267 0.0125 0.013667 0.009667 0.0007
    
0.003167 0.009733 0.017133 0.015 0.000967
    
    
    
    
    
    
0.0059 0.0083 0.008067 0.004 0.0014
    
    
    
    
    
    
    
    
    
    
    
    
    
    
    
    
    
    
    
0.027033 0.024767 0.013667 0.0068 0.000467
    
    
    
    
    
    
    
    
    
    
    
    
    
0.0084 0.011367 0.011033 0.005167 0.001367
    
    
    
    
    
    
    
0.015033 0.0015 0.006567 0.005133 0.001267
0.013067 0.013367 0.0129 0.0027 0.001033
    
    
    
    
    
    
    
    
0.0152 0.012733 0.012633 0.0068 0.001367
    
    
    
    
    
    
    
    
0.003033 0.008033 0.008667 0.005467 0.0004
    
0.004133 0.000233 0.0049 0.001133 0.001133
    
    
    
    
    
    
    
    
    
    
    
    
    
    
    
    
    
    
    
    
    
0.005533 0.000667 0.0001 0.0007 0.0012
0.0036 0.0023 0.001767 0.002333 0.001
    
    
    
    
    
    
    
    
    
0.053467 0.0441 0.0197 0.0104 0.000533
    
    
    
    
    
    
0.1716 0.007233 0.0061 0.001233 0.001167
    
    
    
    
    
    
    
    
    
    
    
    
    
    
    
    
0.0063 0.0078 0.002967 0.002567 0.0012
0.009333 0.0111 0.010667 0.006167 0.000433
0.005367 0.0117 0.015633 0.007767 0.000533
    
    
    
    
    
    
    
    
    
0.043467 0.0329 0.009033 0.006833 0.001167
    
    
    
    
    
    
    
    
0.170367 0.002933 0.002667 0.001933 0.0006
    
    
    
    
    
    
    
    
    
    
    
    
    
    
    
    
    
    
    
    
    
0.217367 0.008967 0.0084 0.004133 0.001367
    
    
    
    
    
    
    
0.0658 0.0068 0.000433 0.004833 0.0012
    
    
0.036333 0.028833 0.029733 0.003233 0.001367
    
    
    
    
    
    
    
0.033067 0.008833 0.012233 0.009 0.001067
    
    
0.012933 0.047733 0.007867 0.0074 0.000533
    
    
    
0.108 0.016267 0.011833 0.0094 0.000767
    
    
    
    
    
    
    
    
    
    
    
0.328833 0.002867 0.002567 0.0018 0.0005
    
    
0.054233 0.0005 6.7e-05 0.000567 0.0012
0.082467 0.0043 0.003867 0.000733 0.001133
    
    
    
    
    
    
    
0.0444 0.007733 0.0091 0.005033 0.001267
    
    
    
    
    
    
    
    
0.1244 0.003467 0.0021 0.002667 0.0005
    
    
    
0.238033 0.003433 0.002833 0.002 0.0006
    
    
    
    
    
    
    
    
    
    
    
    
    
    
    
    
    
    
    
    
    
    
    
    
    
    
    
    
    
    
    
    
    
    
0.687433 0.000767 0.0002 0.0006 0.001167
    
    
    
    
    
    
    
    
    
    
    
    
    
    
    
    
    
    
    
    
    
    
    
    
0.4176 0.003167 0.0027 0.001867 0.000533
    
    
    
    
0.0259 0.014333 0.0009 0.005667 0.001267
    
    
    
    
    
    
    
    
    
    
    
    
0.403867 0.0013 0.003167 0.0017 0.000467
    
    
    
0.403867 0.0013 0.003167 0.0017 0.000467
    
    
    
    
    
    
    
    
    
    
    
    
    
    
    
    
    
    
    
    
    
0.2176 0.000467 0.0033 0.0027 0.001133
    
    
    
    
    
0.009367 0.008667 0.0084 0.006033 0.001367
    
    
    
    
    
    
    
    
    
0.738333 0.008867 0.006933 0.002367 0.0003
    
    
    
    
    
    
    
    
    
    
    
    
    
    
    
    
    
    
    
    
    
    
    
