0.000280 0.000327 0.000789 0.000886 0.001241
0.004720 0.000604 0.001866 0.005573 0.003692
0.000193 0.000190 0.000467 0.000579 0.001136
0.000899 0.000565 0.000942 0.001085 0.001406
0.000491 0.000472 0.000962 0.001134 0.001415
0.000523 0.000388 0.000747 0.000846 0.001259
0.000203 0.000196 0.000463 0.000650 0.001182
0.000691 0.000487 0.001083 0.001148 0.001422
0.000279 0.000305 0.000739 0.000848 0.001278
0.000278 0.000294 0.000660 0.000728 0.001238
0.000718 0.000609 0.001291 0.001562 0.001521
0.000316 0.000351 0.000739 0.001274 0.001517
0.000574 0.000589 0.001226 0.001462 0.001536
0.000421 0.000360 0.000875 0.000960 0.001279
0.000978 0.000532 0.001248 0.001290 0.001391
0.004732 0.000624 0.001815 0.005251 0.003535
0.000574 0.000589 0.001226 0.001462 0.001536
0.000421 0.000360 0.000875 0.000960 0.001279
0.000266 0.000277 0.000608 0.000815 0.001272
0.001000 0.000552 0.001225 0.001260 0.001424
0.000756 0.000450 0.001076 0.001127 0.001373
0.000597 0.000477 0.000905 0.001173 0.001477
0.000259 0.000279 0.000697 0.000796 0.001270
0.000697 0.000477 0.000938 0.001231 0.001431
0.000656 0.000424 0.001031 0.001101 0.001371
0.000553 0.000421 0.000911 0.001027 0.001307
0.000383 0.000336 0.000730 0.000806 0.001239
0.000365 0.000312 0.000701 0.000732 0.001190
0.000279 0.000305 0.000739 0.000848 0.001278
0.000278 0.000294 0.000660 0.000728 0.001238
0.000479 0.000383 0.000900 0.000926 0.001263
0.000576 0.000425 0.000993 0.001022 0.001296
0.000304 0.000309 0.000753 0.000883 0.001252
0.000409 0.000351 0.000819 0.000986 0.001337
0.000947 0.000532 0.001171 0.001179 0.001350
0.000200 0.000206 0.000490 0.000581 0.001134
0.000232 0.000276 0.000602 0.000740 0.001263
0.000544 0.000416 0.000916 0.001049 0.001338
0.000201 0.000207 0.000516 0.000568 0.001136
0.000266 0.000275 0.000608 0.000638 0.001153
0.000491 0.000472 0.000962 0.001134 0.001415
0.000523 0.000388 0.000747 0.000846 0.001259
0.000839 0.000508 0.001165 0.001237 0.001385
0.000212 0.000226 0.000535 0.000593 0.001129
0.000291 0.000298 0.000728 0.000785 0.001257
0.000394 0.000328 0.000780 0.000869 0.001272
0.000241 0.000255 0.000556 0.000596 0.001156
0.000219 0.000232 0.000555 0.000614 0.001159
0.000491 0.000472 0.000962 0.001134 0.001415
0.000523 0.000388 0.000747 0.000846 0.001259
0.000818 0.000491 0.001136 0.001191 0.001362
0.000422 0.000357 0.000863 0.000937 0.001316
0.000383 0.000336 0.000730 0.000806 0.001239
0.000365 0.000312 0.000701 0.000732 0.001190
0.000216 0.000231 0.000581 0.000625 0.001140
0.000303 0.000294 0.000665 0.000656 0.001154
0.000291 0.000298 0.000728 0.000785 0.001257
0.000394 0.000328 0.000780 0.000869 0.001272
0.000479 0.000383 0.000900 0.000926 0.001263
0.000576 0.000425 0.000993 0.001022 0.001296
0.000652 0.000417 0.001005 0.001083 0.001314
0.000570 0.000419 0.000865 0.001051 0.001429
0.000549 0.000416 0.000952 0.001123 0.001374
0.005730 0.000860 0.001527 0.005355 0.003678
0.000543 0.000392 0.000945 0.001039 0.001318
0.000887 0.000492 0.001014 0.000954 0.001337
0.005212 0.000978 0.001338 0.004246 0.003505
0.001057 0.000604 0.001359 0.001506 0.001482
0.000297 0.000328 0.000766 0.000940 0.001368
0.000951 0.000569 0.001149 0.001332 0.001444
0.000425 0.000371 0.000928 0.000971 0.001356
0.001237 0.000652 0.001241 0.001643 0.001599
0.000414 0.000377 0.000840 0.000996 0.001366
0.000688 0.000471 0.001093 0.001147 0.001366
0.001043 0.000587 0.001329 0.001425 0.001487
0.001151 0.000572 0.001307 0.001327 0.001418
0.000636 0.000409 0.000961 0.001010 0.001302
0.000390 0.000336 0.000806 0.000841 0.001314
0.000193 0.000209 0.000500 0.000644 0.001139
0.000216 0.000223 0.000463 0.000630 0.001184
0.000259 0.000272 0.000670 0.000860 0.001257
0.000332 0.000300 0.000703 0.000949 0.001388
0.005717 0.000886 0.001312 0.004105 0.003406
0.000445 0.000387 0.000929 0.001194 0.001432
0.000549 0.000396 0.000860 0.000860 0.001293
0.000504 0.000395 0.000869 0.000972 0.001374
0.000455 0.000390 0.000929 0.001126 0.001368
0.000909 0.000501 0.001125 0.001316 0.001469
0.000543 0.000457 0.001034 0.001129 0.001358
0.000291 0.000282 0.000696 0.000689 0.001199
0.000297 0.000328 0.000766 0.000940 0.001368
0.000951 0.000569 0.001149 0.001332 0.001444
0.000313 0.000323 0.000763 0.001021 0.001365
0.008238 0.001898 0.002660 0.006874 0.003633
0.000382 0.000350 0.000730 0.000998 0.001376
0.004120 0.000656 0.001399 0.004383 0.002969
0.001168 0.000582 0.001281 0.001441 0.001486
0.001013 0.000634 0.001138 0.001528 0.001673
0.001086 0.000583 0.001352 0.001393 0.001440
0.000742 0.000449 0.001046 0.001048 0.001295
0.000377 0.000366 0.000756 0.001028 0.001413
0.004612 0.001007 0.001337 0.003945 0.003432
0.001140 0.000594 0.001362 0.001388 0.001425
0.000754 0.000499 0.001144 0.001265 0.001428
0.000384 0.000380 0.000925 0.000968 0.001371
0.000772 0.000490 0.001127 0.001160 0.001397
0.000817 0.000477 0.000995 0.001035 0.001353
0.000360 0.000314 0.000744 0.000852 0.001258
0.005717 0.000886 0.001312 0.004105 0.003406
0.000445 0.000387 0.000929 0.001194 0.001432
0.000505 0.000397 0.000940 0.000980 0.001301
0.000767 0.000474 0.001111 0.001205 0.001367
0.000313 0.000323 0.000763 0.001021 0.001365
0.008238 0.001898 0.002660 0.006874 0.003632
0.000279 0.000289 0.000679 0.000734 0.001215
0.000543 0.000391 0.000838 0.000863 0.001242
0.001086 0.000583 0.001352 0.001393 0.001440
0.000742 0.000449 0.001046 0.001048 0.001295
0.001086 0.000583 0.001352 0.001393 0.001440
0.000742 0.000449 0.001046 0.001048 0.001295
0.001361 0.000646 0.001290 0.001336 0.001473
0.000539 0.000395 0.000939 0.000979 0.001322
2.094785 0.195576 0.842309 1.305826 0.324062
0.000619 0.000390 0.000956 0.000947 0.001278
0.004967 0.000965 0.001843 0.005527 0.003534
0.000685 0.000510 0.001103 0.001196 0.001452
0.000628 0.000430 0.001017 0.001104 0.001369
0.000422 0.000358 0.000831 0.000867 0.001225
0.000995 0.000578 0.001192 0.001242 0.001474
0.000507 0.000540 0.001164 0.001269 0.001415
0.001216 0.000570 0.001353 0.001436 0.001451
0.000671 0.000449 0.001040 0.001119 0.001452
0.000715 0.000481 0.001078 0.001141 0.001331
0.000571 0.000413 0.000969 0.000971 0.001320
0.000564 0.000397 0.000934 0.000962 0.001258
0.000879 0.000515 0.001131 0.001281 0.001414
0.000794 0.000515 0.001214 0.001210 0.001475
0.007363 0.001789 0.002853 0.006146 0.003459
0.000265 0.000299 0.000736 0.000895 0.001324
0.001064 0.000566 0.001136 0.001199 0.001546
0.004591 0.000759 0.001786 0.005491 0.003491
0.003438 0.001113 0.002774 0.004347 0.002950
0.000287 0.000276 0.000650 0.000802 0.001207
0.000262 0.000281 0.000589 0.000762 0.001257
0.004785 0.000598 0.001861 0.005622 0.003629
0.000948 0.000560 0.001147 0.001371 0.001578
0.001216 0.000623 0.001335 0.001433 0.001500
0.000868 0.000518 0.001183 0.001286 0.001405
0.000956 0.000504 0.001133 0.001228 0.001459
0.001211 0.000622 0.001392 0.001597 0.001575
0.004989 0.001074 0.001797 0.003864 0.003227
0.004461 0.000868 0.001355 0.004641 0.003169
0.004591 0.000759 0.001786 0.005491 0.003491
0.003438 0.001113 0.002774 0.004347 0.002950
0.006668 0.001287 0.002208 0.005525 0.003424
0.001105 0.000579 0.001199 0.001169 0.001386
0.000592 0.000493 0.000964 0.001236 0.001548
0.006920 0.001647 0.002037 0.005984 0.003904
0.001361 0.000646 0.001290 0.001336 0.001473
0.000539 0.000395 0.000939 0.000979 0.001322
0.000397 0.000384 0.000854 0.001116 0.001371
0.000658 0.000468 0.001041 0.001285 0.001560
0.006694 0.001168 0.001664 0.004475 0.003412
0.000890 0.000550 0.001147 0.001630 0.001582
0.005183 0.000822 0.001466 0.005712 0.003497
0.005101 0.001042 0.001661 0.004818 0.003370
0.000832 0.000558 0.001046 0.001252 0.001514
0.382777 0.007531 0.005559 0.108000 0.003115
0.007477 0.001320 0.002207 0.005988 0.003357
0.001484 0.000803 0.001398 0.001832 0.001864
0.007478 0.001320 0.002207 0.005988 0.003357
0.001484 0.000803 0.001398 0.001832 0.001864
0.004694 0.000705 0.001297 0.005171 0.003523
0.000492 0.000395 0.000821 0.000978 0.001370
0.001115 0.000597 0.001355 0.001442 0.001504
0.001156 0.000616 0.001346 0.001238 0.001426
0.000597 0.000440 0.000978 0.001026 0.001316
0.001161 0.000589 0.001287 0.001250 0.001388
0.000590 0.000446 0.000894 0.001244 0.001494
2.339575 1.915516 2.955153 3.545843 1.111909
0.000591 0.000405 0.000957 0.001073 0.001322
0.000582 0.000387 0.000850 0.001017 0.001354
0.000680 0.000497 0.000884 0.001194 0.001491
0.004865 0.001228 0.001963 0.006350 0.003962
0.015175 2.331997 1.978934 2.839203 1.376024
0.007434 0.001263 0.002245 0.006284 0.003859
0.009303 0.001944 0.002588 0.007675 0.004342
0.008891 0.001905 0.002690 0.007744 0.003887
0.012132 0.001830 0.002113 0.009365 0.004256
0.009015 0.001222 0.002299 0.007205 0.003670
0.004827 0.001118 0.001843 0.005241 0.003512
0.001074 0.000552 0.000998 0.001114 0.001473
0.005048 0.001386 0.002239 0.005449 0.003543
0.006895 0.001827 0.002706 0.005064 0.003023
0.000929 0.000559 0.001349 0.001707 0.001704
0.006374 0.001701 0.002195 0.004652 0.003353
0.774042 0.064291 0.271970 0.159161 0.006982
0.007986 0.001303 0.002919 0.006314 0.003405
0.004937 0.000906 0.001845 0.005423 0.003658
0.006783 0.001142 0.002524 0.005423 0.003267
0.001078 0.000591 0.001336 0.001525 0.001504
0.000805 0.000478 0.001097 0.001131 0.001333
0.007529 0.906502 0.458613 1.208625 0.006559
0.007434 0.001263 0.002245 0.006284 0.003859
148.169220 115.567658 94.171607 157.631339 67.808289
0.011012 0.001449 0.002080 0.008903 0.004062
0.005419 0.000945 0.001451 0.005484 0.003780
0.007060 0.001294 0.002632 0.005940 0.003897
0.004841 0.000944 0.001505 0.005206 0.003370
0.007371 0.001546 0.001586 0.006565 0.003831
0.006790 0.001258 0.002017 0.005566 0.003378
0.000738 0.000504 0.001139 0.001242 0.001405
0.004502 0.000755 0.001418 0.004671 0.003258
3.871284 3.430304 2.082574 5.866196 3.652917
0.006645 0.001413 0.002265 0.005948 0.003576
0.008650 0.001258 0.002112 0.007162 0.003791
0.014522 0.001745 0.001696 0.004807 0.003594
1.255448 0.630102 0.545835 1.126242 0.165783
0.001371 0.000651 0.001445 0.001664 0.001524
0.005434 0.000920 0.001578 0.005496 0.003483
0.000717 0.000530 0.001247 0.001686 0.001667
0.005656 0.002772 0.002289 0.005273 0.003655
0.014963 0.001160 0.002131 0.010911 0.004184
0.000996 0.000521 0.001186 0.001174 0.001390
6.389353 2.998290 3.388796 0.539509 0.151905
37.520244 13.707397 4.793024 1.705236 5.237236
0.004950 0.000713 0.001770 0.005158 0.003277
0.000900 0.000614 0.001351 0.001573 0.001622
0.000680 0.000497 0.000884 0.001194 0.001491
0.004865 0.001228 0.001963 0.006350 0.003962
0.007744 0.001521 0.002355 0.006366 0.003482
0.000873 0.000540 0.001215 0.001311 0.001418
0.007681 0.002081 0.002497 0.006265 0.003547
0.000644 0.000446 0.001017 0.001283 0.001429
0.009923 0.001222 0.002054 0.008445 0.003822
0.008776 0.001230 0.002040 0.007217 0.003558
0.008243 0.001260 0.002110 0.006716 0.003901
0.005011 0.001120 0.001699 0.003931 0.003216
0.013599 0.001443 0.002146 0.010796 0.004644
0.004648 0.000730 0.001766 0.005285 0.003356
0.008159 0.001665 0.002219 0.006784 0.004112
0.006031 0.001098 0.002217 0.005465 0.003591
0.013773 0.001555 0.002124 0.010553 0.004957
0.008222 0.001517 0.002153 0.007440 0.003973
0.017838 0.001617 0.002206 0.011145 0.004555
0.191695 0.003257 0.024359 0.091559 0.005538
0.263560 0.003539 0.030462 0.146543 0.005537
0.004085 0.002079 0.003189 0.008481 0.003447
0.015404 0.002053 0.002169 0.011218 0.004725
0.013640 0.001631 0.001875 0.010407 0.004416
0.015405 0.002053 0.002169 0.011210 0.004725
0.013664 0.001631 0.001875 0.010408 0.004412
1.085082 0.418367 0.665140 1.777027 0.437821
0.782324 0.107548 0.380787 0.493157 0.005568
0.130752 0.039273 0.654058 0.137970 0.003756
0.004906 0.001262 0.002204 0.005031 0.003445
0.000933 0.000547 0.001140 0.001297 0.001458
0.008538 0.001221 0.002287 0.006818 0.003551
0.007262 0.001253 0.002145 0.006042 0.003595
0.008407 0.001143 0.002565 0.006843 0.003681
1.094717 0.860133 0.963023 0.770458 0.007830
0.005399 0.001776 0.002446 0.004975 0.003296
0.007728 0.001285 0.002201 0.006298 0.003428
0.826120 0.171240 0.237815 0.515409 0.040708
0.001054 0.000556 0.001276 0.001491 0.001528
0.001391 0.000609 0.001389 0.001382 0.001485
0.004394 0.003834 0.005608 0.008532 0.006422
0.004614 0.000638 0.001808 0.005157 0.003500
0.361169 0.181180 0.010899 0.015867 0.077514
0.009539 0.001219 0.002053 0.007664 0.003656
0.550480 0.065488 0.079508 0.436917 0.005396
2.282022 0.564372 1.256481 0.138996 0.019123
0.022348 0.003089 0.002515 0.008989 0.004362
1.232722 0.623105 0.705196 0.445171 0.045920
0.007853 0.001271 0.002153 0.006412 0.003639
0.004828 0.000708 0.001645 0.005051 0.003373
0.528790 0.175529 0.377106 0.141723 0.005229
0.014068 0.001432 0.002690 0.009713 0.004296
0.007262 0.001253 0.002145 0.006042 0.003595
0.093603 0.086396 0.006883 0.006710 0.005567
1.472049 0.431352 1.123129 1.079329 0.004798
22.396337 22.889455 20.207305 3.963615 0.253598
0.611497 0.020230 0.155975 0.363975 0.005866
0.167797 0.008099 0.018879 0.019222 0.012027
0.001415 0.000607 0.001425 0.001496 0.001485
4.412382 4.371709 3.700021 9.296855 3.828548
0.000706 0.000582 0.001319 0.001338 0.001572
1.638093 0.809797 1.202800 1.180675 0.102327
0.045890 0.001691 0.002479 0.009331 0.003611
0.005182 0.001077 0.001713 0.005228 0.003561
0.017871 0.001386 0.002094 0.011716 0.004460
0.003666 0.000768 0.003050 0.004672 0.003216
0.008325 0.001253 0.002162 0.006823 0.003829
0.012759 0.002017 0.003003 0.009363 0.004354
0.109098 0.009026 0.021914 0.031863 0.004550
6.916671 10.399141 12.121680 6.875167 1.623402
6.333965 1.739443 4.728954 4.159904 0.318322
1.293962 0.711611 0.581561 0.923895 0.299764
0.332414 0.064231 0.292709 0.412233 0.347039
0.004614 0.000638 0.001808 0.005157 0.003500
0.007810 0.001506 0.002784 0.006186 0.003924
0.015148 0.001418 0.002250 0.007040 0.003964
0.013199 0.001752 0.002497 0.009756 0.004559
0.025639 0.009436 0.003033 0.010086 0.004543
0.105614 0.004786 0.007480 0.005069 0.003860
0.392973 0.009231 0.110360 0.017429 0.003934
0.010609 0.002481 0.002712 0.009082 0.004216
0.900390 0.324976 0.388976 0.700869 0.155220
0.130585 0.035980 0.044984 0.912949 0.096013
3.643098 1.935646 1.728860 1.994658 0.915671
1.289697 0.192680 0.590556 0.688861 0.005284
0.019345 0.001352 0.002785 0.012313 0.004753
2.193269 1.638959 1.358418 1.437019 0.006385
13.091923 6.325567 4.439525 3.003502 0.908251
2.250438 1.687434 4.417110 7.109160 2.660438
0.011754 0.002022 0.002810 0.008912 0.004226
2752.091698 3107.123599 5504.822205 2093.309247 980.944089
1.141890 0.497100 0.395100 0.457065 0.078025
2752.091698 3107.123599 5504.822205 2093.309247 980.944089
0.033063 0.006261 0.007479 0.003413 0.003265
0.011597 0.002787 0.002123 0.008701 0.004097
0.003317 0.001241 0.006545 0.005065 0.003516
0.008859 0.001805 0.002709 0.007949 0.003844
0.661019 0.031162 0.277240 0.053373 0.004082
0.005182 0.000753 0.001412 0.005417 0.003714
1.233261 0.602748 0.552097 1.118822 0.104012
0.013738 0.001208 0.001830 0.010318 0.004203
0.008472 0.001500 0.002628 0.007533 0.003551
0.131744 0.008278 0.007706 0.005073 0.003556
0.005782 0.000905 0.001367 0.004436 0.003578
0.008720 0.001880 0.003145 0.006972 0.003488
0.850416 0.293024 0.565880 1.174989 0.027217
0.056416 0.003772 0.017048 0.010221 0.004671
0.015812 0.002018 0.002637 0.006120 0.003160
0.022594 0.006974 0.095645 0.070131 0.003994
0.010300 0.001294 0.002204 0.008067 0.003743
0.010546 0.001915 0.002727 0.007079 0.004227
0.009774 0.001540 0.002365 0.008657 0.004030
0.885109 0.276730 0.404835 0.134993 0.069131
0.023953 0.005296 0.098330 0.006062 0.008363
1.623101 0.541574 1.080587 1.200932 0.009107
0.014543 0.001794 0.002604 0.010480 0.004299
0.720933 0.400419 0.008728 0.315678 0.004723
0.008510 0.002855 0.003391 0.009795 0.004227
0.570054 0.067395 0.360815 0.432121 0.005463
0.304057 0.083556 0.015622 0.260905 0.005206
0.173699 0.007408 0.054123 0.056444 0.004563
1.257290 0.221776 0.413166 0.111876 0.042926
1.143313 0.583110 0.510566 0.354126 0.108823
1.705172 0.961904 0.855931 0.564842 0.409112
0.007737 0.001253 0.002104 0.006173 0.003562
0.593607 0.046535 0.526955 0.013942 0.004413
0.005407 0.001011 0.046938 0.085448 0.003643
0.368347 0.004448 0.026471 0.304701 0.004951
1.650224 0.367894 0.661255 0.971045 1.108064
0.534489 0.082027 0.174863 0.448311 0.012440
0.003977 0.000611 0.001947 0.001602 0.001547
0.080713 0.048839 0.002344 0.005042 0.003651
0.691435 0.118242 0.119587 0.459681 0.280565
0.668693 0.062573 0.123460 0.230480 0.003613
0.019404 0.093361 0.069875 0.051831 0.004274
0.015569 0.045751 0.061986 0.047387 0.004427
3.173868 0.617935 1.339761 1.801127 0.038399
0.442236 0.006036 0.013760 0.282819 0.003983
0.627957 0.145638 0.170552 0.594303 0.004776
1.467848 1.093633 0.735574 1.373232 0.142457
0.024296 0.003296 0.003844 0.006417 0.004195
0.034363 0.004828 0.010561 0.007093 0.003765
2.092507 0.854575 1.952129 1.226170 0.170976
0.761319 0.142638 0.218954 0.475656 0.163424
0.028153 0.003163 0.005356 0.007343 0.003680
0.006871 0.275898 0.119399 0.097157 0.047819
0.699975 0.091933 0.349980 0.141227 0.009893
0.586312 0.044806 0.416782 0.144317 0.004247
0.288833 0.006455 0.055508 0.198266 0.003698
1.105063 0.446583 0.978715 0.920329 0.029392
0.926805 0.195224 0.437094 0.746091 0.012009
4.105790 1.218964 1.422546 1.474894 0.461098
0.202153 0.004948 0.031469 0.087710 0.004921
0.414523 0.006079 0.008655 0.143334 0.003917
2.388670 4.931281 6.886344 4.502727 1.721555
0.104075 0.003804 0.012299 0.031029 0.004962
2.870939 2.950583 2.523079 2.196417 1.905164
0.809248 0.238652 1.226319 0.862975 0.630767
0.012867 0.001503 0.002107 0.009515 0.004033
0.857574 0.153794 0.362628 0.245284 0.071550
0.323446 0.003666 0.025625 0.201751 0.005056
1.276077 0.534213 1.410680 0.053893 0.004212
0.258143 0.073388 0.003451 0.229718 0.003395
5.928242 2.087926 4.539698 4.011627 0.072796
0.979819 0.397556 0.504885 0.784597 0.026192
3.780824 1.523127 1.901016 1.807016 0.619268
0.014297 0.001739 0.001941 0.006115 0.003687
0.013128 0.002557 0.004666 0.008301 0.003098
0.116245 0.002830 0.011941 0.042012 0.005357
0.319026 0.002591 0.011364 0.273544 0.005217
0.991958 0.504533 0.753533 0.975824 0.207587
0.684758 0.265371 0.275929 0.387734 0.017003
0.458448 0.526231 0.201764 0.273316 0.499546
1.757062 1.150213 1.305478 1.818015 0.004338
0.490025 0.003410 0.054200 0.263625 0.005400
8.296287 2.659808 1.764859 2.058801 0.005649
0.013169 0.003022 0.002621 0.009291 0.004396
0.886638 0.111235 0.275829 0.421581 0.003666
2.505996 2.432837 2.480603 4.674338 1.819512
1.240667 0.359906 0.579882 0.844856 0.005011
1.152835 0.234166 0.529404 0.819084 0.004967
0.795854 0.127367 0.593834 0.217361 0.004193
0.389820 0.003186 0.076735 0.218247 0.004143
1.243294 0.569624 0.804383 1.205421 0.081070
69.763283 20.907536 6.643623 2.744478 0.023511
0.008235 0.001902 0.003130 0.006371 0.003503
4.537249 3.161376 2.357050 2.247854 1.065376
0.005781 0.001798 0.004478 0.004940 0.003578
7.472573 2.794800 1.453237 2.740992 1.283413
0.837197 0.154075 0.338621 0.559219 0.004823
0.945950 0.139205 0.339667 0.548535 0.004622
0.424844 0.005415 0.163800 0.040241 0.004056
0.078372 0.005464 0.009779 0.010966 0.003010
0.464209 0.009835 0.217792 0.230260 0.004816
0.895032 0.143406 0.398810 0.811309 0.029437
3.891422 1.362952 3.360123 1.178662 0.154763
1.547411 0.620922 0.619395 0.892727 0.366059
2.380293 2.781311 5.482287 2.865495 1.380310
0.303459 0.082801 0.082587 0.099314 0.056995
0.958795 0.322625 1.105643 0.035012 0.009231
1.849768 0.540533 0.811194 0.307359 0.018742
1.043484 0.286424 0.472733 0.469646 0.007050
0.525727 0.040184 0.465577 0.470395 0.004715
1.178443 0.353783 0.365253 0.650101 0.098837
2.918258 1.536783 1.609540 1.754386 0.014024
1.077320 0.233433 0.698748 0.052518 0.003660
4.687154 4.186221 2.471525 2.200143 0.877308
3.159997 1.690485 1.968145 2.851822 1.882254
1.036741 0.375387 0.585880 0.751979 0.094673
0.025699 0.001568 0.002972 0.004747 0.002937
0.009659 0.001605 0.005958 0.007261 0.004076
0.004157 0.001871 0.006586 0.005892 0.004044
1.178430 0.574408 1.003720 0.049263 0.007644
0.601312 0.062055 0.158982 0.422758 0.005567
0.614300 0.856913 0.015051 0.130499 0.003642
1.784318 0.581663 0.453834 2.135363 0.009206
0.782099 0.051915 0.350676 0.362399 0.005547
2.413449 0.616895 1.176010 0.946433 0.444151
2.130778 1.133555 1.206823 0.643262 0.156801
1.658074 1.261878 2.509903 2.805769 1.207449
0.056117 0.004608 0.014405 0.010702 0.004730
3.206499 1.037798 1.804269 0.474355 0.044175
0.598225 0.023875 0.070946 0.190562 0.003904
0.589431 0.316777 0.060028 0.384466 0.009045
2.597710 0.670918 1.108153 0.735309 0.463466
0.373031 0.186914 0.076158 0.262402 0.169481
0.007329 0.002991 0.002193 0.007425 0.003668
0.007052 0.001790 0.002628 0.004824 0.003191
0.813311 0.142825 0.346766 0.237676 0.011496
1.043795 0.590684 0.645386 1.092193 0.093191
4.074978 1.154006 1.732800 1.756075 0.581324
4.101470 1.043524 1.720624 1.904996 0.169157
1.016092 0.369258 0.843017 1.090186 0.003314
0.284117 0.787857 1.091408 0.452151 0.071770
1.647519 0.658946 0.926233 1.097197 0.007507
0.428333 0.204996 0.647211 1.981670 0.504326
0.556771 0.056204 0.089016 0.189537 0.074049
6.580245 1.606830 4.920979 3.139860 0.005417
7.698980 4.387464 6.027101 2.622734 0.695617
0.957950 0.222175 0.293092 0.848364 0.004472
2.958350 1.102978 2.746631 1.052982 0.198015
0.964808 0.259576 0.464896 0.767834 0.004844
203.506631 74.117805 27.652792 17.099538 9.085148
0.958795 0.322625 1.105643 0.035012 0.009231
0.009463 0.002387 0.003300 0.005665 0.003642
0.011837 0.002425 0.002697 0.007601 0.003542
0.042672 0.002462 0.010219 0.007605 0.004230
0.583094 0.231885 0.178860 0.330033 0.022241
3.841787 2.361608 3.439243 4.050348 0.299080
3.467330 6.094317 9.382253 8.362128 1.937678
3.965377 1.647252 1.587735 2.959796 0.123472
0.803667 0.190315 0.304966 0.692031 0.004909
0.988358 0.159089 0.538525 0.580791 0.004631
11.981522 6.116894 7.945523 6.957745 0.943408
0.771954 0.095133 0.584042 0.033517 0.004031
17.076118 16.704702 10.425331 6.932956 3.565858
0.045404 0.001061 0.002569 0.009320 0.003949
0.423926 0.008383 0.014224 0.149173 0.003374
0.322212 0.003757 0.022560 0.182528 0.005129
0.527967 0.063136 0.377229 0.467420 0.003840
1.105695 0.493575 0.942517 1.486062 0.076534
0.968520 0.140963 0.290829 0.749963 0.005668
24.944202 11.317004 10.705733 14.952527 5.136983
3.790176 2.238449 2.197641 2.265098 0.642825
3050.724688 14017.246875 74152.873773 115012.859653 69941.622347
0.006341 0.001461 0.001958 0.003200 0.003249
13.580203 1.575987 4.940835 5.040266 1.832108
1.690453 0.480325 1.307636 0.294700 0.006263
0.684706 0.021432 0.321726 0.417427 0.003547
0.293807 0.369444 1.001774 0.268979 0.003507
1.506085 0.450062 0.918552 1.104797 0.004542
0.322685 0.005791 0.030114 0.168742 0.005729
0.610269 0.052136 0.120899 0.367579 0.003822
0.098296 0.009365 0.019943 0.025194 0.003886
1.233016 0.711705 1.059362 1.225437 0.367898
1.012197 0.381373 0.710521 0.573831 0.025948
0.510871 0.004945 0.283720 0.209843 0.082599
0.011257 0.026943 0.002354 0.013111 0.006163
0.567055 0.011303 0.312542 0.239913 0.003902
2.256110 0.394197 1.022746 0.633891 0.004151
0.090395 0.037731 0.016627 0.035041 0.004191
3.249708 3.471042 3.113311 1.280619 1.351789
6.054765 2.913216 3.176375 3.518748 0.500749
0.771683 0.227884 0.704139 0.555368 0.273344
5.523884 1.506354 3.285886 3.659210 1.040474
0.004481 0.004785 0.001599 0.005591 0.003399
2.560568 3.038686 3.685937 5.578487 1.459204
0.012048 0.002595 0.002211 0.006372 0.003475
0.832813 0.064696 0.185098 0.504581 0.005480
0.534154 0.194494 0.211197 0.238247 0.005442
4.970052 3.811332 1.941615 3.806074 0.981936
0.484918 0.046705 0.065189 0.337304 0.012329
4.109960 1.160566 1.745182 2.942854 3.233760
0.402250 0.007366 0.016049 0.206880 0.004430
8.507485 10.029029 14.434580 9.850650 1.222997
0.012619 0.001670 0.002178 0.007489 0.003298
0.629970 0.426440 0.087372 0.247832 0.005418
0.765410 0.105545 0.154383 0.347037 0.004284
0.053787 0.001375 0.003734 0.011005 0.003520
0.379437 0.176102 0.007165 0.061253 0.003010
0.201447 0.038379 0.012535 0.026274 0.005358
0.640108 0.597450 0.522265 0.455999 0.011116
0.444396 0.004753 0.031221 0.246092 0.005129
0.256616 0.173267 0.059524 0.058367 0.007698
2.337464 0.824853 1.678552 0.299190 0.027856
0.406644 0.006574 0.146311 0.411921 0.020425
0.041919 0.001535 0.002542 0.009114 0.003592
0.002809 0.001175 0.002448 0.004309 0.008818
0.618319 0.016273 0.067343 0.293222 0.004515
0.011718 0.001898 0.004105 0.010104 0.003701
0.393378 0.009641 0.064955 0.059461 0.004101
7.558764 2.730396 9.766390 14.728204 8.556117
0.006772 0.001318 0.002689 0.003319 0.003291
0.056815 0.001925 0.004800 0.013828 0.003711
2.567879 1.794757 2.002347 1.190927 0.315511
0.512166 0.013811 0.090669 0.320323 0.023999
0.963959 0.747747 0.360560 0.754582 0.012759
3.020789 2.430014 3.148978 2.617206 0.126683
0.977471 0.159839 0.559516 0.560599 0.008073
1.165059 0.835022 0.749503 1.033781 0.334143
4.941354 6.492646 27.240586 63.097922 47.616174
0.416199 0.003666 0.171360 0.102833 0.005282
3.492976 5.161054 4.731486 6.699578 2.340803
4.888810 2.756778 4.438718 2.815437 0.334593
0.839814 7.867155 86.948290 95.368037 2.560324
0.006605 0.001854 0.001541 0.003175 0.003156
0.447917 0.006468 0.023830 0.251110 0.003703
0.330121 0.004337 0.097232 0.129193 0.005167
0.019980 0.001279 0.003235 0.007039 0.003325
0.024409 0.001522 0.002910 0.007292 0.003091
1.871691 1.274865 2.144796 2.324854 0.578360
0.184047 0.006524 0.142086 0.011896 0.003651
1.059527 0.268560 0.208014 0.592965 0.084118
3.248314 1.933861 3.869253 3.784536 1.905293
9.297659 2.878794 2.054573 1.535029 0.004560
6.465521 6.176146 3.938724 0.768223 1.186448
0.602934 0.009632 0.186012 0.298470 0.004578
0.019694 0.001417 0.002872 0.007144 0.003528
0.857813 0.424219 0.256573 0.695796 0.008564
0.344389 0.005572 0.101305 0.143733 0.005983
2.424634 1.345433 2.540946 0.414154 0.102284
0.848079 0.434860 0.313434 0.428388 0.090237
1.100918 0.125461 0.494331 0.737638 0.004791
1.245059 0.525950 0.824579 0.670292 0.060853
5.155608 1.243267 0.971050 1.188243 1.227436
1.078773 0.524356 1.178246 0.518779 0.092008
0.013812 0.000984 0.002232 0.006786 0.003401
1.550131 1.539173 2.220143 3.749225 0.607826
1.869605 0.420983 0.645716 2.048608 0.493889
0.580773 0.052479 0.065655 0.135581 0.004815
0.008724 0.001938 0.002933 0.003902 0.003163
0.078035 0.004271 0.008590 0.012035 0.003185
0.399089 0.107428 0.009200 0.016054 0.003523
1.106777 0.935617 0.639164 1.109138 0.366659
0.205576 0.004710 0.029205 0.075562 0.004630
0.648270 0.024538 0.145082 0.327018 0.005463
0.425648 0.003588 0.026507 0.241752 0.004111
0.788461 0.074496 0.405506 0.421322 0.005781
0.806553 0.117248 0.291627 0.568665 0.005631
5.431615 1.985595 1.549069 1.377215 0.767289
5.882150 1.933057 1.599206 2.242859 0.055753
0.436404 0.197769 0.458055 0.460012 0.061551
1.574981 0.432659 1.038412 1.533007 0.171949
1.671841 1.387605 2.711253 3.358002 0.368044
0.700634 0.142681 0.359601 0.533498 0.004072
0.056816 0.003685 0.003377 0.003358 0.003039
0.624290 0.613964 0.326325 0.294511 0.005663
0.727037 0.054061 0.110510 0.246981 0.092368
1.027551 0.170431 0.714017 0.033158 0.003698
5.324604 1.331999 1.646369 1.552335 0.048725
0.063135 0.045660 0.024936 0.013924 0.005453
3.720722 2.197357 1.210249 2.643908 1.269259
0.807298 0.065998 0.490755 0.213679 0.003698
31.089321 26.827875 20.419991 19.893938 0.025362
3.490891 1.090030 1.325371 4.774054 0.215793
0.567327 0.115205 0.200929 0.241995 0.003827
2.062480 1.925429 1.871648 0.910863 0.603780
1.907286 1.288548 2.021440 1.988467 0.026113
0.638883 0.032171 0.140590 0.410133 0.003780
3.144810 0.991383 1.347242 1.888834 1.236388
187.707808 88.727169 49.689647 78.691489 99.810565
3.081668 3.576931 3.251608 1.845135 0.772353
0.185245 0.003811 0.026607 0.074040 0.004409
0.883510 0.692166 0.154106 0.383971 0.038029
1.396731 0.681947 0.497322 0.380233 0.997174
0.026413 0.001022 0.001494 0.005644 0.003127
0.933040 0.130639 0.432644 0.630973 0.009002
0.440754 0.074039 0.152036 0.426939 0.005391
0.471739 0.697034 0.022127 0.181157 0.024867
0.083867 0.004567 0.008203 0.014846 0.003846
0.744094 0.115048 0.259246 0.528197 0.004599
0.415599 0.006260 0.333772 0.128512 0.005051
0.094889 0.002605 0.006342 0.005418 0.003887
0.852079 0.383898 1.800129 0.609365 0.326527
0.806289 0.111924 0.565251 0.202620 0.004037
0.494923 0.194662 0.056305 0.168174 0.213089
2.485317 0.846935 1.431824 2.414085 0.030809
0.346011 0.003563 0.017472 0.234416 0.004726
1.805949 0.785522 2.179809 0.024025 0.114402
4.401290 5.144264 8.160604 7.428859 0.365746
0.253195 0.003465 0.022457 0.139349 0.004690
2.464046 0.879299 1.727681 2.123521 0.054846
0.973307 0.377081 0.467587 0.640447 0.042093
0.001674 0.003362 0.001727 0.001360 0.001441
3.811799 2.346077 16.671139 22.216059 12.033644
0.061139 0.003560 0.002924 0.003384 0.003341
2.173324 1.120542 1.378029 0.536353 0.693845
1.968616 0.731386 0.623843 1.225004 1.542963
0.077990 0.006065 0.016245 0.023303 0.003983
1.613349 2.480975 2.932492 2.843035 0.354626
0.007746 0.001597 0.003107 0.003999 0.003078
0.107557 0.002250 0.004732 0.010385 0.003726
0.913337 0.284762 0.205510 0.489650 0.010978
2.146094 0.910546 1.363273 1.033195 0.130146
3.146137 2.177833 1.278123 3.171164 0.065904
0.018768 0.002436 0.004295 0.011077 0.004003
1.689469 0.817984 0.670988 1.100440 0.402366
0.444614 0.287055 0.037871 0.260331 0.006511
0.642909 0.185661 0.452699 0.535951 0.005619
0.064675 0.010210 0.471946 0.142896 0.003999
0.811737 0.105723 0.238144 0.553806 0.004799
0.247041 0.028616 0.085443 0.019235 0.003854
13.709037 3.592439 2.416732 4.368205 0.358941
10.499719 6.776753 8.008035 4.044947 0.793883
1.609341 0.778911 2.019044 2.377026 0.535263
2.928667 1.750725 2.437542 1.889721 0.246455
1.154289 0.672062 1.234066 1.402700 0.063563
1.379075 0.583000 0.936624 1.234069 0.007222
0.006612 0.001954 0.002712 0.002656 0.003373
0.779683 0.291827 0.668964 0.874098 0.006657
0.488271 0.006564 0.159596 0.221758 0.005432
1.892824 1.532651 2.463531 3.137909 0.004220
0.006612 0.001954 0.002712 0.002656 0.003373
0.913094 0.061723 0.470189 0.615081 0.003440
0.830366 0.189768 0.526770 0.679614 0.170712
1.388561 0.294578 0.980251 0.034558 0.003659
1.262905 0.182944 0.386695 0.343919 0.777409
2.838988 0.699091 2.503085 6.051008 1.661421
0.272913 0.120508 0.058871 0.040480 0.003393
2.817293 1.484127 1.870588 1.796653 0.259825
1.356501 0.551814 0.916244 2.852692 0.868213
30182.968963 11236.116775 3929.798368 7669.701527 11157.827560
10.463550 13.787345 14.464034 8.161990 0.735333
3.637840 1.641220 1.584531 0.686816 0.388834
6.272297 5.864653 4.738859 1.918257 0.003496
0.043128 0.044403 0.344676 0.005714 0.006198
4.774495 6.084245 7.837295 5.474021 0.754009
12.044825 10.756038 20.217062 15.618528 0.877444
0.992794 0.429383 0.906945 1.136405 0.006860
0.039711 0.017822 0.004976 0.005344 0.003610
0.907482 0.091965 0.297438 0.559551 0.005390
3.420480 1.059047 1.877101 1.660632 0.059962
0.245995 0.003497 0.107749 0.063548 0.004490
0.981813 0.233222 0.415533 0.600816 0.007473
0.006496 0.002382 0.001938 0.003897 0.003246
0.085798 0.001669 0.003726 0.005653 0.004249
3.081085 1.557849 2.612312 0.484693 0.004373
1.186281 2.182580 1.635456 1.797653 0.254599
2.426512 0.533744 1.181801 0.102784 0.003536
3.262232 2.216724 2.646158 3.235677 1.056435
0.015094 0.001075 0.002636 0.006513 0.003492
1.098691 0.312502 0.850469 0.744715 0.004246
0.459594 0.003546 0.154346 0.235594 0.005554
0.302675 0.122431 0.006650 0.007575 0.012978
1.494796 0.859045 0.871051 0.573503 0.583633
1.350652 0.242119 0.362043 0.849753 0.082528
0.643213 0.112253 0.232423 0.264588 0.003209
0.632029 0.030429 0.259844 0.030731 0.010685
0.705493 0.192872 0.182678 0.285114 0.004903
1.025105 0.687443 0.852835 1.242127 0.072510
0.012959 0.002565 0.003066 0.004563 0.002894
0.475563 0.006877 0.123618 0.349581 0.003885
1.134860 0.248554 1.027576 0.022325 0.004095
0.010994 0.003093 0.825114 0.285132 0.005937
0.400338 0.136901 1.304729 1.012524 0.274264
0.358385 0.007039 0.287402 0.022494 0.004117
0.714530 0.208476 0.404321 0.553422 0.041636
1.905750 1.022593 1.328715 1.061324 0.007176
1.510970 0.450067 1.226069 0.481512 0.010909
5.658592 5.375630 3.896325 1.632347 0.102045
0.354973 0.003227 0.029377 0.080049 0.011954
0.999055 0.302045 0.901002 0.335939 0.005236
2.288512 2.194986 2.372881 1.847857 0.006757
0.952040 0.304158 0.325792 0.829463 0.043267
0.653171 0.031965 0.148925 0.403862 0.004665
0.785165 0.214435 0.464808 0.526260 0.003724
0.114112 0.026420 0.013363 0.025965 0.004615
51.147606 39.981308 31.525498 9.030698 4.780821
14.058569 12.333308 20.681053 15.605882 3.624413
0.066828 0.003034 0.005736 0.010816 0.003060
9.016869 9.602207 5.342274 9.528788 0.004895
4.596149 2.086003 1.208517 1.817828 1.597413
0.407817 0.017101 0.034457 0.233194 0.004237
0.066828 0.003034 0.005736 0.010817 0.003060
