0.001654 0.002185 0.002285 0.001770 0.001026
0.002671 0.004936 0.005525 0.003892 0.001933
0.000951 0.001001 0.000864 0.000725 0.000810
0.002376 0.003093 0.002421 0.002253 0.001684
0.002013 0.002682 0.002400 0.002395 0.001589
0.001999 0.002338 0.001900 0.001615 0.001270
0.000837 0.001035 0.001059 0.000960 0.000737
0.002228 0.003242 0.003064 0.002436 0.001816
0.001545 0.001961 0.001962 0.001495 0.001113
0.001601 0.001802 0.001664 0.001361 0.001225
0.002479 0.003532 0.004105 0.003441 0.002178
0.001644 0.001857 0.001915 0.002363 0.002125
0.002203 0.003005 0.003835 0.003328 0.002286
0.001969 0.002507 0.002493 0.001894 0.001192
0.002975 0.003878 0.003699 0.002690 0.001529
0.003386 0.004677 0.005031 0.003593 0.001993
0.002203 0.003005 0.003835 0.003328 0.002286
0.001969 0.002507 0.002493 0.001894 0.001192
0.001476 0.001594 0.001371 0.001400 0.001204
0.002937 0.003568 0.003458 0.002619 0.001810
0.002602 0.003282 0.003091 0.002252 0.001640
0.002193 0.002561 0.001736 0.002234 0.001947
0.001475 0.001760 0.001772 0.001517 0.001040
0.002063 0.002847 0.002964 0.002690 0.001883
0.002413 0.003057 0.002900 0.002223 0.001432
0.002209 0.002803 0.002577 0.002012 0.001281
0.001824 0.002148 0.001914 0.001554 0.001112
0.001812 0.002105 0.001879 0.001416 0.000867
0.001545 0.001961 0.001962 0.001495 0.001113
0.001601 0.001802 0.001664 0.001361 0.001225
0.001987 0.002684 0.002545 0.001788 0.001145
0.002283 0.002953 0.002829 0.002028 0.001301
0.001678 0.002109 0.002149 0.001728 0.001096
0.001906 0.002430 0.002309 0.002088 0.001166
0.002879 0.003649 0.003357 0.002347 0.001570
0.001008 0.001258 0.001197 0.000909 0.000795
0.001203 0.001481 0.001537 0.001607 0.000972
0.002139 0.002694 0.002666 0.002161 0.001499
0.001171 0.001274 0.001233 0.001022 0.000686
0.001434 0.001821 0.001573 0.001157 0.000792
0.002013 0.002682 0.002400 0.002395 0.001589
0.001999 0.002338 0.001900 0.001615 0.001270
0.002639 0.003496 0.003391 0.002611 0.001691
0.001225 0.001400 0.001284 0.000979 0.000816
0.001354 0.001757 0.001762 0.001404 0.001246
0.001874 0.002217 0.002121 0.001734 0.001137
0.001462 0.001425 0.001378 0.001039 0.000764
0.001157 0.001497 0.001340 0.001059 0.000883
0.002013 0.002682 0.002400 0.002395 0.001589
0.001999 0.002338 0.001900 0.001615 0.001270
0.002708 0.003472 0.003313 0.002430 0.001493
0.001922 0.002221 0.002397 0.001903 0.001419
0.001824 0.002148 0.001914 0.001554 0.001112
0.001812 0.002105 0.001879 0.001416 0.000867
0.001319 0.001517 0.001454 0.001063 0.000838
0.001471 0.001992 0.001751 0.001172 0.000865
0.001354 0.001757 0.001762 0.001404 0.001246
0.001874 0.002217 0.002121 0.001734 0.001137
0.001987 0.002684 0.002545 0.001788 0.001145
0.002283 0.002953 0.002829 0.002028 0.001301
0.002414 0.003051 0.002927 0.002178 0.001321
0.001694 0.002360 0.002477 0.002225 0.001463
0.002116 0.002750 0.002814 0.002365 0.001631
0.004775 0.006182 0.006546 0.004569 0.002640
0.002215 0.002807 0.002737 0.002105 0.001364
0.002744 0.003096 0.002631 0.001966 0.001267
0.002940 0.004015 0.005749 0.005557 0.002551
0.003092 0.004107 0.004238 0.003289 0.002037
0.001408 0.001861 0.002079 0.002149 0.001178
0.002750 0.003541 0.003534 0.002833 0.001845
0.001882 0.002435 0.002459 0.001875 0.001354
0.002731 0.003860 0.004061 0.003730 0.002505
0.001745 0.002391 0.002184 0.002033 0.001577
0.002318 0.003195 0.003214 0.002344 0.001517
0.003076 0.004030 0.004025 0.003049 0.001882
0.003226 0.004033 0.003845 0.002770 0.001700
0.002380 0.002950 0.002732 0.002045 0.001354
0.001784 0.002367 0.002233 0.001647 0.001421
0.000878 0.001302 0.001336 0.001163 0.000888
0.001182 0.001204 0.001091 0.001071 0.000982
0.001344 0.001660 0.001879 0.001584 0.001242
0.001654 0.001737 0.001904 0.002048 0.001515
0.002752 0.005167 0.005369 0.004181 0.002470
0.001943 0.002588 0.002798 0.002493 0.001671
0.001765 0.002556 0.002210 0.001777 0.001399
0.002042 0.002346 0.002307 0.002099 0.001371
0.002008 0.002639 0.002818 0.002339 0.001465
0.002809 0.003437 0.003309 0.002895 0.001554
0.002199 0.003065 0.003127 0.002451 0.001249
0.001640 0.001953 0.001777 0.001296 0.000989
0.001408 0.001861 0.002079 0.002149 0.001178
0.002750 0.003541 0.003534 0.002833 0.001845
0.001463 0.002125 0.002238 0.002185 0.001345
0.005660 0.012165 0.013106 0.009646 0.002631
0.001808 0.001924 0.001910 0.002056 0.001503
0.002613 0.005144 0.005849 0.005099 0.002640
0.003236 0.003934 0.003600 0.002989 0.002025
0.002764 0.003232 0.002396 0.002939 0.002696
0.003082 0.004129 0.004058 0.002973 0.001842
0.002461 0.003243 0.003015 0.002089 0.001302
0.001710 0.001939 0.002185 0.001887 0.001789
0.002370 0.005219 0.005704 0.004408 0.002492
0.003047 0.004244 0.004136 0.002985 0.001810
0.002609 0.003426 0.003359 0.002702 0.001833
0.001600 0.002162 0.002348 0.001947 0.001636
0.002578 0.003326 0.003266 0.002354 0.001693
0.002651 0.003145 0.002712 0.002206 0.001520
0.001812 0.002131 0.001965 0.001668 0.001137
0.002752 0.005167 0.005369 0.004181 0.002470
0.001943 0.002588 0.002798 0.002493 0.001671
0.002079 0.002747 0.002665 0.001949 0.001298
0.002435 0.003303 0.003271 0.002439 0.001511
0.001463 0.002125 0.002238 0.002185 0.001345
0.005660 0.012165 0.013106 0.009645 0.002631
0.001532 0.001944 0.001776 0.001456 0.000931
0.001993 0.002648 0.002286 0.001692 0.001076
0.003082 0.004129 0.004058 0.002973 0.001842
0.002461 0.003243 0.003015 0.002089 0.001302
0.003082 0.004129 0.004058 0.002973 0.001842
0.002461 0.003243 0.003015 0.002089 0.001302
0.003492 0.004207 0.003624 0.002944 0.001583
0.002205 0.002733 0.002504 0.001991 0.001381
0.377504 0.085024 0.091786 0.450093 0.251955
0.002323 0.002856 0.002589 0.001872 0.001262
0.003572 0.006805 0.006564 0.005228 0.002850
0.002433 0.002884 0.002657 0.002565 0.001923
0.002347 0.002961 0.002769 0.002386 0.001484
0.001607 0.002511 0.002360 0.001692 0.001150
0.002746 0.003387 0.002940 0.002580 0.002077
0.002141 0.002983 0.003364 0.002593 0.001805
0.003333 0.004307 0.004077 0.003006 0.001725
0.002362 0.003161 0.003052 0.002364 0.001916
0.001993 0.003279 0.003245 0.002426 0.001526
0.001920 0.002888 0.002629 0.002012 0.001212
0.001739 0.002811 0.002770 0.001975 0.001282
0.002425 0.003404 0.003269 0.002769 0.001824
0.002449 0.003156 0.003304 0.002473 0.001902
0.004320 0.010223 0.011977 0.008981 0.002787
0.001438 0.001596 0.001600 0.001698 0.001451
0.003003 0.003307 0.003014 0.002567 0.002341
0.002742 0.005718 0.006071 0.005212 0.002644
0.002729 0.005235 0.005433 0.004810 0.003436
0.001092 0.001907 0.001770 0.001569 0.001128
0.001548 0.001619 0.001582 0.001430 0.001216
0.003293 0.004809 0.005171 0.003429 0.001879
0.002154 0.003226 0.003312 0.002984 0.002013
0.003123 0.004128 0.003692 0.003120 0.001882
0.002782 0.003659 0.003627 0.002765 0.001425
0.002311 0.003577 0.003261 0.002658 0.001727
0.003309 0.004161 0.004323 0.003547 0.002068
0.003279 0.006805 0.007249 0.005384 0.002214
0.003078 0.006089 0.006255 0.004125 0.001996
0.002742 0.005718 0.006071 0.005212 0.002644
0.002729 0.005235 0.005433 0.004810 0.003436
0.003858 0.009033 0.010061 0.006794 0.002234
0.003134 0.003808 0.003152 0.002461 0.001482
0.002035 0.002358 0.002928 0.002583 0.002290
0.004538 0.010184 0.011178 0.008313 0.003215
0.003492 0.004207 0.003624 0.002944 0.001583
0.002205 0.002733 0.002504 0.001991 0.001381
0.001784 0.002201 0.002529 0.002192 0.001638
0.002275 0.002896 0.002758 0.002965 0.002146
0.006566 0.007682 0.006679 0.004989 0.003064
0.002518 0.003319 0.003879 0.003535 0.002342
0.005044 0.006331 0.005823 0.003635 0.002403
0.003120 0.006698 0.007006 0.004928 0.002258
0.002648 0.003081 0.002955 0.002835 0.001922
0.005133 0.015311 0.022897 0.041465 0.041813
0.004481 0.010499 0.011229 0.007820 0.002641
0.003271 0.003977 0.003265 0.003669 0.003520
0.004482 0.010501 0.011229 0.007820 0.002641
0.003271 0.003977 0.003265 0.003669 0.003520
0.003027 0.005948 0.005408 0.004400 0.001688
0.002066 0.002324 0.002229 0.002136 0.001257
0.002765 0.004074 0.003994 0.003125 0.002062
0.003055 0.004025 0.003636 0.002561 0.001683
0.002308 0.002889 0.002758 0.002020 0.001376
0.002831 0.004065 0.003764 0.002674 0.001679
0.002229 0.002366 0.002501 0.002634 0.001957
0.265321 0.098319 0.220451 0.052018 0.584534
0.001435 0.002896 0.002732 0.002245 0.001536
0.002246 0.002525 0.002511 0.002020 0.001520
0.002373 0.002849 0.002493 0.002727 0.002130
0.005397 0.007370 0.006499 0.003860 0.003151
0.004560 0.006062 0.004891 0.016992 0.006992
0.007503 0.010863 0.010639 0.006086 0.002418
0.006975 0.012772 0.014462 0.013023 0.003732
0.010407 0.013824 0.014681 0.009222 0.003934
0.007791 0.016253 0.017960 0.013296 0.002477
0.009194 0.013437 0.012753 0.007386 0.002711
0.003329 0.006312 0.007200 0.005749 0.002429
0.002976 0.002909 0.002602 0.002242 0.001629
0.003286 0.007129 0.007251 0.005794 0.002881
0.005162 0.010752 0.010225 0.003975 0.002866
0.002459 0.003436 0.003934 0.004103 0.002362
0.003999 0.009289 0.009309 0.005663 0.003120
0.078350 0.023678 0.040438 0.045591 0.052397
0.008088 0.011843 0.011769 0.006908 0.002583
0.003354 0.005762 0.006350 0.004645 0.001975
0.004551 0.009568 0.010538 0.007294 0.002544
0.003045 0.004082 0.004190 0.003303 0.002066
0.002558 0.003419 0.003346 0.002514 0.001622
0.003135 0.005464 0.005238 0.004996 0.004447
0.007503 0.010863 0.010639 0.006086 0.002418
0.628280 1.252523 1.183038 1.027743 0.326529
0.006318 0.014296 0.016672 0.011755 0.002373
0.005467 0.006794 0.006228 0.003734 0.002369
0.004820 0.010589 0.011356 0.007660 0.002173
0.003153 0.006399 0.006678 0.004664 0.002419
0.007595 0.011474 0.012448 0.012071 0.002908
0.004044 0.009170 0.010248 0.007207 0.001845
0.002296 0.003277 0.003346 0.002581 0.001754
0.002858 0.005763 0.006370 0.006032 0.002941
0.256002 0.226721 0.154507 0.223592 0.286828
0.004012 0.009570 0.011413 0.009075 0.001954
0.006174 0.012619 0.013238 0.010612 0.002637
0.006440 0.006545 0.006227 0.005166 0.003829
0.183580 0.098102 0.048713 0.039321 0.071856
0.003513 0.004439 0.004484 0.003330 0.002080
0.004643 0.006327 0.005954 0.003481 0.002837
0.002174 0.002074 0.002885 0.002917 0.002815
0.003447 0.007427 0.007283 0.004620 0.002026
0.013119 0.017981 0.017197 0.008976 0.002939
0.002961 0.003604 0.003353 0.002489 0.001653
0.191042 0.288248 0.200166 0.077034 0.133610
0.043045 0.062036 0.026498 0.023032 0.055501
0.003725 0.005622 0.006079 0.004459 0.002320
0.002733 0.003811 0.003865 0.003538 0.002573
0.002373 0.002849 0.002493 0.002727 0.002130
0.005397 0.007370 0.006499 0.003860 0.003151
0.004883 0.010940 0.011985 0.008510 0.003054
0.002698 0.003704 0.003693 0.002774 0.001743
0.008402 0.012181 0.012185 0.007638 0.002475
0.002400 0.003014 0.002852 0.002535 0.001985
0.010341 0.014483 0.013856 0.007642 0.002510
0.005374 0.012449 0.013175 0.008892 0.001924
0.005091 0.011607 0.012453 0.008601 0.002124
0.005873 0.007291 0.006491 0.004306 0.002919
0.007432 0.016330 0.018559 0.013671 0.002471
0.002676 0.005769 0.005901 0.004043 0.001803
0.008955 0.012805 0.012055 0.008774 0.003562
0.006912 0.009275 0.008295 0.006041 0.002699
0.012000 0.017212 0.019182 0.013607 0.003244
0.014182 0.013001 0.012884 0.009886 0.003170
0.007994 0.017213 0.018174 0.012614 0.002719
0.021901 0.021198 0.022213 0.012739 0.003133
0.006997 0.018712 0.020155 0.014704 0.003661
0.015792 0.006950 0.005526 0.336776 0.003386
0.008100 0.017696 0.019006 0.015956 0.002541
0.012068 0.017036 0.017202 0.009833 0.002762
0.008106 0.017704 0.019001 0.015960 0.002543
0.012092 0.017052 0.017196 0.009832 0.002762
0.136725 0.045476 0.023396 0.063893 0.022748
0.008556 0.018099 0.019941 0.015443 0.011263
0.004620 0.018356 0.017843 0.029393 0.116429
0.003323 0.007065 0.007766 0.005706 0.002071
0.002687 0.003502 0.003278 0.002754 0.001914
0.005850 0.012930 0.013621 0.009664 0.002008
0.004811 0.010103 0.011271 0.008525 0.001885
0.006262 0.013179 0.013535 0.009507 0.002939
0.162814 0.021409 0.028108 0.051837 0.018355
0.002909 0.005851 0.006582 0.005598 0.003242
0.008089 0.011488 0.011065 0.006315 0.003927
0.007577 0.029449 0.053301 0.054834 0.049368
0.001911 0.003906 0.003813 0.003261 0.002298
0.003550 0.004313 0.004090 0.002912 0.001735
0.004957 0.005884 0.005430 0.004200 0.002083
0.003001 0.004765 0.005209 0.003600 0.002685
0.009309 0.014642 0.021759 0.022272 0.064796
0.009938 0.013956 0.013575 0.007875 0.002364
0.008971 0.017662 0.019065 0.014431 0.004454
0.137596 0.078726 0.108962 0.088123 0.075974
0.028622 0.018060 0.016980 0.010319 0.002733
0.006617 0.028003 0.046106 0.052870 0.057277
0.005546 0.011310 0.012424 0.010054 0.002621
0.003493 0.005115 0.005895 0.004555 0.002149
0.005425 0.020802 0.044364 0.048760 0.049162
0.007701 0.016747 0.017647 0.012014 0.002434
0.004811 0.010103 0.011271 0.008525 0.001885
0.004579 0.031926 0.039533 0.019243 0.005781
0.012321 0.030750 0.036546 0.027959 0.018577
0.885040 0.227944 0.951093 0.428650 0.274939
0.042010 0.012788 0.014964 0.011226 0.004808
0.014952 0.024030 0.043468 0.041800 0.035326
0.003604 0.004579 0.004240 0.003149 0.001967
0.296188 0.120624 0.120077 0.260023 0.102235
0.002443 0.002986 0.003036 0.002530 0.002321
0.007294 0.031261 0.042671 0.058904 0.078907
0.045967 0.011601 0.012765 0.010602 0.003213
0.003366 0.006445 0.007042 0.005743 0.002420
0.014294 0.019301 0.018233 0.010074 0.003691
0.004756 0.005421 0.004891 0.003312 0.002533
0.008737 0.011956 0.012105 0.007080 0.002508
0.007109 0.015479 0.016996 0.012976 0.002563
0.018930 0.019912 0.019096 0.009604 0.002657
0.329942 0.476016 0.199655 0.062103 0.096542
0.111912 0.102148 0.060154 0.070643 0.146947
0.171630 0.039896 0.019755 0.081254 0.073068
0.009126 0.016962 0.081769 0.076218 0.065573
0.003001 0.004765 0.005209 0.003600 0.002685
0.016008 0.032705 0.013368 0.010270 0.002615
0.055793 0.081048 0.011015 0.007645 0.002451
0.013453 0.016914 0.016376 0.011213 0.002840
0.031750 0.022487 0.020628 0.011306 0.003626
0.013430 0.018107 0.031344 0.042873 0.046204
0.005180 0.022170 0.047525 0.051951 0.048353
0.006642 0.015948 0.019808 0.015026 0.002402
0.069336 0.040460 0.020893 0.039844 0.045778
0.028192 0.024293 0.056194 0.062550 0.154860
0.169393 0.098800 0.242013 0.161086 0.509670
0.009125 0.020174 0.022523 0.017424 0.012127
0.027647 0.093524 0.018574 0.011708 0.004065
0.007961 0.018469 0.020301 0.013687 0.012105
0.209180 0.026124 0.149725 0.079504 0.302602
0.009005 0.026526 0.074318 0.055870 0.060299
0.007448 0.015430 0.016107 0.011393 0.002737
62.249011 62.773971 7.265637 6.668201 3.529351
0.008807 0.033838 0.042479 0.043166 0.046746
62.249011 62.773971 7.265637 6.668201 3.529351
0.011317 0.017990 0.028019 0.038930 0.042755
0.015162 0.017261 0.017276 0.011378 0.002754
0.007019 0.006927 0.005317 0.003056 0.001116
0.005133 0.012708 0.014439 0.011668 0.003387
0.006763 0.024991 0.044061 0.051411 0.051120
0.003638 0.005379 0.005643 0.004771 0.002080
0.009843 0.027822 0.035494 0.043152 0.052103
0.007194 0.016204 0.017452 0.011830 0.002546
0.018811 0.013261 0.015469 0.011341 0.003708
0.008147 0.020172 0.035096 0.048414 0.052758
0.004403 0.005715 0.005304 0.004143 0.002975
0.009147 0.012824 0.012220 0.006605 0.002911
0.045047 0.020868 0.068965 0.067801 0.220308
0.064959 0.046349 0.017410 0.010494 0.004012
0.024368 0.034073 0.008852 0.004445 0.003060
0.015029 0.021399 0.024836 0.026512 0.038623
0.006370 0.013933 0.015063 0.010256 0.002352
0.013651 0.013643 0.013746 0.010630 0.003845
0.009956 0.014343 0.015591 0.009006 0.002634
0.074720 0.015712 0.069143 0.047874 0.050236
0.005682 0.015108 0.101723 0.140787 0.042872
0.109339 0.075667 0.035124 0.090893 0.010239
0.009395 0.017860 0.018965 0.015813 0.002377
0.010750 0.020157 0.021817 0.023056 0.028506
0.005309 0.013069 0.023401 0.021632 0.002447
0.010901 0.025689 0.030725 0.023423 0.013137
0.052780 0.050635 0.035334 0.018439 0.002425
0.009786 0.025312 0.030273 0.017149 0.002588
0.101061 0.036158 0.034590 0.046048 0.052361
0.039898 0.014801 0.044954 0.051708 0.053549
0.136804 0.044708 0.019299 0.036119 0.196884
0.007941 0.011219 0.010722 0.005717 0.003572
0.179930 0.169651 0.053271 0.013408 0.011174
0.005316 0.005870 0.018721 0.014958 0.001826
0.047107 0.044103 0.031226 0.015180 0.002074
0.018502 0.018199 0.025764 0.038162 0.044733
0.056272 0.013811 0.013289 0.026238 0.034746
0.003104 0.004424 0.004179 0.003185 0.002127
0.039052 0.014427 0.017279 0.019092 0.056208
0.010319 0.022285 0.029655 0.031489 0.039076
0.061524 0.020812 0.029591 0.040986 0.063819
0.007096 0.008060 0.007440 0.004037 0.001445
0.012166 0.013483 0.012774 0.008036 0.003547
0.030739 0.015235 0.018641 0.128883 0.155645
0.026634 0.018687 0.020083 0.023240 0.083685
0.086667 0.011378 0.017521 0.081437 0.010151
0.187335 0.022513 0.054279 0.054301 0.042131
0.011902 0.022637 0.022785 0.021684 0.023827
0.008681 0.016555 0.024940 0.031304 0.037620
0.306825 0.309384 0.020976 0.013660 0.028167
0.039707 0.012989 0.016565 0.020411 0.058066
0.028696 0.026598 0.015913 0.009281 0.002625
0.006643 0.055308 0.020856 0.019441 0.016460
0.030796 0.029489 0.046690 0.048037 0.053184
0.112072 0.067586 0.167164 0.015914 0.007980
0.014192 0.014320 0.088415 0.145960 0.026272
0.127359 0.053179 0.050576 0.072763 0.212337
0.094657 0.024070 0.024558 0.055656 0.006587
0.010547 0.030973 0.038801 0.022401 0.024957
0.025761 0.025995 0.026241 0.011789 0.003400
0.045527 0.026146 0.040822 0.051331 0.056493
0.026015 0.110463 0.066283 0.083758 0.137398
0.036105 0.022403 0.019996 0.011544 0.003174
0.543813 0.231268 0.101569 0.077915 0.150432
0.173678 0.250648 0.250215 0.185417 0.368328
0.012427 0.017164 0.016378 0.008900 0.002501
0.087836 0.026922 0.048851 0.105562 0.095607
0.009773 0.019517 0.019852 0.016431 0.002777
0.259152 0.253375 0.017134 0.011060 0.017345
0.040311 0.014439 0.010660 0.046351 0.007572
0.321092 0.062094 0.040192 0.238435 0.058112
0.086277 0.013122 0.034276 0.044152 0.342168
0.512852 0.434824 0.311414 0.066937 0.160843
0.018496 0.008704 0.010438 0.010246 0.003459
0.019951 0.017501 0.015214 0.005455 0.002475
0.054940 0.039695 0.023794 0.010838 0.004183
0.073725 0.037727 0.024208 0.013121 0.002659
0.036314 0.082843 0.021132 0.028680 0.035872
0.060752 0.115022 0.093376 0.044236 0.025267
0.143378 0.056049 0.051415 0.040819 0.089777
0.148427 0.018177 0.022991 0.039574 0.156872
0.043757 0.041122 0.037001 0.026076 0.002965
0.011189 0.021437 0.021437 0.017643 0.013285
0.020931 0.017149 0.019112 0.013465 0.003863
0.031788 0.018247 0.021133 0.022151 0.040078
0.009087 0.038674 0.034712 0.028094 0.011639
0.011863 0.028554 0.032889 0.027062 0.029002
0.093857 0.014864 0.016611 0.085766 0.016444
0.183294 0.191777 0.065822 0.041772 0.015112
0.081555 0.023483 0.034394 0.023048 0.003706
0.151662 0.030921 0.071265 0.052359 0.110742
0.626327 0.636410 1.288688 0.226512 0.047765
0.005527 0.011807 0.012242 0.008570 0.001901
0.087923 0.056050 0.054830 0.093645 0.035983
0.006917 0.012233 0.012697 0.007423 0.003105
0.073346 0.013404 0.013189 0.005294 0.003827
0.010241 0.029358 0.038065 0.022818 0.018716
0.085875 0.043458 0.013858 0.008310 0.014065
0.041991 0.022087 0.035806 0.041250 0.041187
0.065235 0.011353 0.011001 0.005294 0.002923
0.010589 0.029827 0.040170 0.022304 0.005647
0.103044 0.047117 0.038472 0.039418 0.009373
0.223243 0.107430 0.065947 0.031525 0.151743
0.077345 0.136588 0.058540 0.049280 0.278209
0.117284 0.025368 0.191219 0.164641 0.512456
0.007305 0.008073 0.009051 0.003315 0.002786
0.201623 0.164473 0.042568 0.009943 0.021018
0.054580 0.048327 0.068815 0.066464 0.070662
0.105488 0.015169 0.026117 0.063681 0.063441
0.048468 0.125148 0.007522 0.093041 0.070544
0.061536 0.026709 0.035868 0.029376 0.083597
0.222059 0.089889 0.101791 0.105317 0.005892
0.042960 0.049011 0.143411 0.024248 0.012401
0.023279 0.036504 0.015901 0.020578 0.160716
0.190064 0.789302 0.560226 0.116704 0.744968
0.009693 0.035281 0.047713 0.045715 0.055145
0.069972 0.005497 0.004939 0.006017 0.003193
0.009249 0.013699 0.015744 0.008443 0.003372
0.004969 0.007419 0.006244 0.004047 0.002255
0.164909 0.084652 0.048721 0.010916 0.025499
0.060165 0.010918 0.012914 0.010701 0.005423
0.236051 0.214321 0.042469 0.045158 0.048474
0.100133 0.016404 0.019060 0.015823 0.016231
0.093603 0.029001 0.025983 0.009694 0.005684
0.221903 0.081329 0.070124 0.133813 0.053389
0.114260 0.221782 0.207264 0.029028 0.013813
0.235038 0.076751 0.043165 0.079361 0.056522
0.055218 0.045477 0.022065 0.014854 0.003441
0.116933 0.193056 0.101168 0.015161 0.035454
0.053811 0.029152 0.037163 0.055820 0.067985
0.065018 0.033035 0.024169 0.064390 0.110766
0.071255 0.036302 0.017056 0.018356 0.045898
0.094820 0.015409 0.029560 0.034164 0.288538
0.005466 0.007909 0.006948 0.006780 0.002883
0.172318 0.010137 0.009068 0.003021 0.002388
0.102209 0.041522 0.069195 0.058698 0.060936
0.096495 0.040913 0.053010 0.032856 0.061541
0.265184 0.108664 0.177077 0.162914 0.045792
0.219634 0.064337 0.094186 0.293094 0.046032
0.068471 0.062103 0.050097 0.109064 0.020807
0.019390 0.211055 0.127787 0.073077 0.053627
0.107086 0.034330 0.071883 0.153537 0.023041
0.006791 0.024637 0.030631 0.066676 0.349516
0.050788 0.009644 0.024335 0.037809 0.066887
0.449653 0.301585 0.514849 1.147349 0.013309
0.578508 0.029234 0.207850 1.157601 0.069470
0.100221 0.024608 0.017821 0.069150 0.081819
0.195795 0.123017 0.017269 0.033031 0.096668
0.076526 0.015410 0.024139 0.105860 0.019688
0.943209 0.365400 0.141224 0.838873 1.402363
0.201623 0.164473 0.042568 0.009943 0.021018
0.014481 0.022770 0.014358 0.008593 0.002897
0.015248 0.015951 0.015102 0.009333 0.003090
0.039814 0.023221 0.018590 0.011494 0.002841
0.012059 0.018114 0.059398 0.058745 0.068345
0.973798 0.814934 0.115114 0.305869 0.024152
0.352859 0.249263 0.265507 0.251156 0.041213
0.130085 0.033931 0.019493 0.096060 0.039908
0.085124 0.011716 0.010311 0.007310 0.017829
0.063904 0.020459 0.028391 0.060475 0.012286
0.416902 0.326699 0.046756 0.980387 0.808040
0.058705 0.048240 0.074780 0.030335 0.011407
0.500209 0.259269 0.093429 0.461852 0.438162
0.083271 0.049606 0.012260 0.010407 0.003421
0.041868 0.034824 0.027161 0.035056 0.041222
0.070282 0.011578 0.009944 0.020232 0.003935
0.060398 0.012082 0.016037 0.016918 0.044850
0.019804 0.011564 0.018329 0.038799 0.113562
0.028910 0.028723 0.031701 0.013540 0.011628
0.620131 0.042322 0.110280 0.596433 0.080732
0.318004 0.026962 0.076882 0.285134 0.036886
157.803722 830.440784 2221.003358 1737.762642 1394.081920
0.172925 0.005279 0.005910 0.005674 0.003185
0.451551 0.137263 0.231104 0.214809 0.089006
0.159884 0.233821 0.336744 0.034692 0.071920
0.031915 0.010869 0.029280 0.037936 0.005713
0.215760 0.235048 0.072704 0.021010 0.159917
0.057565 0.018760 0.022652 0.022109 0.126550
0.062788 0.038062 0.009936 0.021073 0.003360
0.082258 0.010424 0.009513 0.003676 0.007385
0.062263 0.015498 0.017865 0.011479 0.002796
0.013637 0.017225 0.036296 0.047525 0.053741
0.312497 0.195775 0.113999 0.175643 0.168230
0.128259 0.055370 0.088597 0.016730 0.218612
0.018679 0.008623 0.008348 0.007426 0.020569
0.096864 0.017128 0.038653 0.027913 0.004512
0.080837 0.102682 0.013559 0.042387 0.068623
0.090821 0.071188 0.072222 0.014304 0.002954
0.146944 0.301025 0.164251 0.045042 0.115851
0.219215 0.088628 0.281883 0.031738 0.201907
0.094571 0.029955 0.082688 0.163739 0.119205
0.151129 0.491744 0.120969 1.351084 0.098812
0.004144 0.005340 0.005438 0.003857 0.002573
0.283566 0.033939 0.079536 0.177431 0.114463
0.218300 0.010765 0.011580 0.007442 0.003194
0.107632 0.011429 0.011930 0.010402 0.003817
0.055843 0.075540 0.056792 0.034050 0.022443
0.296834 0.218812 0.161240 1.086314 0.954647
0.029520 0.005879 0.005693 0.049961 0.083686
0.384659 0.498704 0.180917 0.136046 0.430989
0.026996 0.022748 0.023446 0.041393 0.049236
0.795568 0.195131 0.217910 0.494011 0.290029
0.073759 0.012910 0.011735 0.008101 0.004097
0.035157 0.015083 0.071959 0.063036 0.055657
0.049827 0.004667 0.005021 0.012032 0.015433
0.074410 0.029722 0.029749 0.006255 0.003681
0.041127 0.027273 0.040244 0.055550 0.059608
0.049393 0.044816 0.037113 0.026400 0.027060
0.076268 0.145476 0.083175 0.026878 0.015432
0.070281 0.011578 0.009944 0.032177 0.003935
0.015499 0.093527 0.077483 0.018502 0.030579
0.073076 0.220084 0.089968 0.010451 0.040734
0.042961 0.013579 0.012116 0.034687 0.024070
0.045597 0.011537 0.012223 0.022292 0.002511
0.002497 0.004973 0.008327 0.008880 0.004185
0.073865 0.016695 0.020151 0.023200 0.031201
0.114858 0.049694 0.015971 0.009706 0.003387
0.017884 0.033761 0.040452 0.048301 0.051401
0.264620 0.014219 0.127335 0.141540 0.071144
0.009996 0.004621 0.005194 0.008292 0.011065
0.176349 0.040736 0.015861 0.009932 0.003387
0.123388 0.088839 0.192545 0.064409 0.049410
0.173556 0.063969 0.014675 0.008149 0.005159
0.136281 0.067499 0.028803 0.058115 0.021601
0.065853 0.017354 0.016903 0.018893 0.045580
0.076604 0.049103 0.019861 0.050166 0.013198
0.028163 0.016128 0.021671 0.037579 0.086101
0.173501 0.568609 1.741322 0.501143 1.782157
0.085499 0.022130 0.018152 0.013924 0.002370
0.218064 0.064768 0.076260 0.161202 0.133107
0.322024 0.114433 0.024694 0.054462 0.071496
0.165584 0.103513 0.159905 0.222768 0.195384
0.332261 0.005328 0.005594 0.005169 0.002661
0.107406 0.003604 0.005115 0.033389 0.004027
0.121545 0.006955 0.011028 0.008379 0.002634
0.055321 0.004901 0.004218 0.004389 0.003813
0.122229 0.008718 0.008170 0.002631 0.002147
0.055633 0.010944 0.031022 0.047639 0.107962
0.041506 0.007341 0.009240 0.006228 0.016402
0.051021 0.015351 0.016563 0.015554 0.045049
0.257521 0.084738 0.073618 0.087444 0.208745
0.128682 0.464135 0.145750 0.135601 0.017904
0.072249 0.024354 0.070293 0.143207 0.322526
0.066908 0.019799 0.024545 0.024204 0.018834
0.046226 0.010424 0.011761 0.010190 0.001975
0.164388 0.061014 0.070908 0.013243 0.015395
0.099056 0.030348 0.010193 0.008392 0.002659
0.139240 0.146563 0.377543 0.037052 0.026213
0.093402 0.040766 0.038632 0.027206 0.072438
0.194117 0.083550 0.180675 0.095648 0.077861
0.254557 0.068284 0.045094 0.028647 0.246493
0.099858 0.018758 0.093652 0.170919 0.310559
0.055875 0.060226 0.018620 0.027244 0.096558
0.125659 0.005200 0.005622 0.006044 0.003521
0.256411 0.066176 0.035216 0.092722 0.088889
0.131804 0.023356 0.015402 0.013605 0.012875
0.063769 0.068849 0.022653 0.018940 0.056118
0.241135 0.006286 0.005887 0.005327 0.002856
0.075663 0.009305 0.010709 0.005512 0.003415
0.026514 0.015195 0.007559 0.026267 0.028428
0.166265 0.146551 0.115370 0.078563 0.281414
0.112075 0.044605 0.013467 0.010022 0.002373
0.044709 0.014921 0.016589 0.033677 0.007401
0.088953 0.035508 0.021498 0.023175 0.054895
0.055059 0.004563 0.005072 0.005187 0.003684
0.035272 0.043021 0.038207 0.055437 0.009850
0.118409 0.017396 0.019626 0.032580 0.076617
0.181603 0.051824 0.088958 0.179415 0.056548
0.076771 0.059735 0.060453 0.130381 0.009216
0.075003 0.075671 0.039864 0.110221 0.007585
0.088505 0.019456 0.155799 0.188107 0.201223
0.142187 0.035087 0.019570 0.038293 0.023596
0.029421 0.041264 0.014111 0.031481 0.035642
0.221174 0.095170 0.057790 0.016227 0.056753
0.058319 0.016218 0.011324 0.037813 0.035229
0.074159 0.007526 0.140784 0.032017 0.010064
0.288932 0.017402 0.046798 0.046360 0.026025
0.062262 0.053732 0.042227 0.021228 0.003189
0.236591 0.022674 0.020646 0.023769 0.013192
0.074373 0.007380 0.103263 0.072536 0.009662
0.365990 0.047907 0.055355 0.105002 0.057698
0.430627 0.012890 0.014855 0.013914 0.016906
0.162408 0.092029 0.105569 0.012727 0.029480
0.077036 0.055017 0.024726 0.027952 0.031362
0.114482 0.009539 0.013534 0.012612 0.026950
0.196715 0.005165 0.005277 0.004231 0.003054
0.399431 0.168429 0.276027 0.527096 0.058541
1.141571 0.057787 0.570805 0.283094 0.647593
0.211343 0.039709 0.037654 0.044022 0.049788
0.083855 0.012195 0.021432 0.009565 0.003879
0.067616 0.014081 0.027936 0.040226 0.081046
0.079898 0.038154 0.049851 0.020629 0.036349
0.692984 0.005612 0.004836 0.004477 0.002867
0.109134 0.064394 0.019823 0.059144 0.003084
0.110414 0.005939 0.005275 0.005212 0.008269
0.128209 0.085169 0.052117 0.017182 0.050694
0.049878 0.011610 0.012045 0.007147 0.002822
0.111940 0.011092 0.013585 0.070021 0.007558
0.068058 0.055665 0.010910 0.007897 0.002732
0.039844 0.013296 0.021927 0.016777 0.043883
0.176976 0.054599 0.036785 0.042132 0.083652
0.145659 0.139517 0.057583 0.039163 0.013698
0.014150 0.015271 0.032563 0.089402 0.047081
0.146357 0.006521 0.006426 0.005965 0.006171
0.064880 0.109140 0.007836 0.003285 0.002279
0.419631 0.071200 0.016505 0.008831 0.028434
0.236781 0.076641 0.027386 0.018482 0.014477
0.052302 0.011592 0.013814 0.016254 0.003461
0.091849 0.108205 0.014738 0.011346 0.020377
0.018801 0.017478 0.033251 0.042765 0.049309
0.004304 0.004309 0.003443 0.002690 0.001855
0.353974 0.147797 0.179387 0.328026 0.240473
0.015003 0.016156 0.021567 0.021025 0.033073
0.096569 0.036906 0.015658 0.019322 0.058303
0.295155 0.023576 0.031315 0.083584 0.290805
0.071270 0.050163 0.048594 0.014229 0.002605
0.241950 0.430726 0.207730 0.219964 0.045531
0.423819 0.006044 0.005197 0.004451 0.002588
0.031575 0.029507 0.029179 0.027932 0.023678
0.051175 0.021071 0.020561 0.048286 0.073100
0.115698 0.204474 0.209749 0.225725 0.051705
0.322181 0.105330 0.232102 0.030470 0.019063
0.053562 0.025767 0.015750 0.010446 0.002700
0.081957 0.013181 0.018115 0.057343 0.055219
0.075164 0.041113 0.073042 0.066366 0.069361
0.082118 0.024719 0.028438 0.049895 0.002523
0.008548 0.009657 0.009343 0.007480 0.011860
0.187657 0.014478 0.015613 0.017690 0.004001
0.077925 0.036851 0.064715 0.005373 0.009935
0.244281 0.237624 0.391581 0.428791 0.277947
0.694554 0.167534 0.937237 0.344974 0.152639
0.112123 0.034938 0.030895 0.017180 0.051305
0.180211 0.038263 0.063537 0.073731 0.104848
0.095895 0.021312 0.023622 0.020873 0.041500
0.055122 0.046865 0.045576 0.105595 0.017257
0.520940 0.004541 0.006351 0.005398 0.004009
0.060235 0.007651 0.033647 0.075203 0.003473
0.160067 0.011892 0.008024 0.017281 0.002801
0.120819 0.122888 0.138945 0.240099 0.009258
0.520940 0.004541 0.006351 0.005398 0.004009
0.080695 0.012604 0.037647 0.055375 0.011921
0.308222 0.134022 0.143877 0.135925 0.116606
0.117846 0.095654 0.087912 0.013336 0.014806
0.149960 0.082095 0.139353 0.085866 0.207747
0.177254 0.014843 0.015144 0.012898 0.035192
0.100764 0.016807 0.023780 0.030138 0.029675
0.128736 0.204513 0.170982 0.051952 0.390938
0.125147 0.013290 0.019826 0.036927 0.094195
209.029616 127.263051 27.478192 249.797654 312.035250
0.465887 0.077514 0.057719 0.332326 0.453067
0.186515 0.054653 0.050778 0.047822 0.073528
0.035738 0.017995 0.023108 0.018948 0.016520
0.029606 0.048816 0.019440 0.012907 0.028203
0.192216 0.093663 0.118148 0.166044 0.060980
0.406130 0.180152 0.027935 0.087962 0.332771
0.081140 0.031220 0.032469 0.090831 0.022162
0.071028 0.024894 0.019131 0.009847 0.007464
0.105549 0.009442 0.013331 0.064567 0.003557
0.251422 0.102717 0.154983 0.050387 0.101063
0.070753 0.015749 0.018919 0.013115 0.002413
0.162560 0.013883 0.032428 0.010122 0.011615
0.299504 0.005786 0.008523 0.006525 0.004379
0.034393 0.016392 0.023704 0.023553 0.022233
0.417658 0.197901 0.221003 0.038383 0.017214
0.221125 0.164169 0.047730 0.046561 0.365113
0.132889 0.207626 0.030642 0.010115 0.019018
0.624374 0.337176 0.140090 0.238850 0.237596
0.080306 0.010335 0.009941 0.010261 0.003328
0.194294 0.041669 0.022155 0.017315 0.014090
0.048572 0.032620 0.025610 0.013243 0.003136
0.011547 0.033685 0.035624 0.034432 0.041523
0.143789 0.095736 0.071587 0.101357 0.231211
0.084851 0.008096 0.073346 0.011446 0.024615
0.071967 0.016300 0.018125 0.022419 0.022840
0.235802 0.026996 0.017938 0.048020 0.053245
0.070413 0.102511 0.023908 0.134007 0.074356
0.069914 0.069936 0.103076 0.197367 0.098643
0.747160 0.012363 0.010063 0.004213 0.001593
0.096014 0.126429 0.014292 0.010188 0.005160
0.135989 0.158023 0.069376 0.010158 0.020375
0.392883 0.015187 0.058802 0.079839 0.020232
0.077176 0.083230 0.064548 0.032783 0.065700
0.060091 0.158257 0.051466 0.011114 0.003882
0.107943 0.053399 0.051762 0.062279 0.041117
0.098174 0.023206 0.022180 0.032778 0.035820
0.128729 0.066363 0.047565 0.040474 0.023391
0.463880 0.109783 0.083835 0.171967 0.181055
0.041608 0.006200 0.007088 0.016813 0.046716
0.008255 0.021968 0.023993 0.024747 0.024719
0.041591 0.029682 0.023437 0.069090 0.055538
0.022364 0.006363 0.026966 0.028085 0.032036
0.176511 0.009529 0.011202 0.020136 0.026919
0.107836 0.046234 0.024369 0.013111 0.066950
0.041883 0.026446 0.019979 0.013381 0.002675
1.401804 0.805945 0.363427 0.235473 0.399054
0.566607 0.233349 0.324514 0.274670 0.108915
0.065126 0.011622 0.010129 0.005005 0.003297
1.699120 2.730186 2.280536 2.942428 0.025273
0.205231 0.060477 0.074775 0.030653 0.213309
0.049088 0.004390 0.004190 0.025432 0.002856
0.065126 0.011621 0.010129 0.005005 0.003297
