0.378719 0.532994 0.498592 0.724659 0.765764
1.811807 3.399316 2.749964 3.335753 2.225683
0.534894 0.717070 0.697184 0.508580 0.654926
0.770702 1.131830 1.185291 0.885279 1.242146
0.814611 1.031327 1.313497 0.885768 1.299433
0.765543 0.891546 0.952824 0.791838 1.033538
0.768517 0.674388 0.669961 0.748203 0.872706
0.557981 0.960139 1.000387 0.970420 1.259702
0.945927 1.137465 0.808969 0.654454 1.196975
0.658607 0.857681 0.812270 0.643861 0.875820
0.751482 0.940797 1.038858 1.127185 1.405262
1.153775 1.416308 1.256547 0.913538 1.607979
1.003791 0.992182 1.002353 1.319266 1.492994
0.863931 0.908001 0.940094 0.804535 1.016354
0.515204 0.582518 0.822142 0.975941 1.093933
1.782892 3.254383 2.727093 3.371170 2.294321
1.003791 0.992182 1.002353 1.319266 1.492994
0.863931 0.908001 0.940094 0.804535 1.016354
0.936490 1.072467 0.913016 0.664215 1.056537
1.007365 0.999396 0.946780 0.998804 1.266598
0.771298 0.922345 1.082340 0.970293 1.225859
0.912873 1.463339 1.379734 0.801429 1.491002
0.730631 0.815607 0.872045 0.720425 1.004875
0.604264 0.936102 1.090108 0.889805 1.246634
0.589977 0.636729 0.770877 0.890961 1.174530
0.530439 0.838956 0.723724 0.942560 1.009050
0.391299 0.580866 0.600972 0.618013 0.806492
0.295618 0.465724 0.558034 0.535406 0.638702
0.945927 1.137465 0.808969 0.654454 1.196975
0.658607 0.857681 0.812270 0.643861 0.875820
0.584055 0.679180 0.614245 0.690692 0.826958
0.666677 0.845765 0.671837 0.769557 0.859580
0.586185 0.694349 0.568477 0.724947 0.905298
0.456504 0.596904 0.770726 0.783978 1.040006
0.511343 0.658137 0.852623 0.941233 0.984230
0.355200 0.563471 0.454452 0.392078 0.594925
0.495857 0.681442 0.834600 0.634071 0.979395
0.590362 0.726204 0.847748 0.761473 1.017997
0.321511 0.386942 0.337571 0.407854 0.542326
0.319977 0.402164 0.455327 0.459963 0.531552
0.814611 1.031327 1.313497 0.885768 1.299433
0.765543 0.891546 0.952824 0.791838 1.033538
0.564898 0.713515 0.852010 1.041317 1.123018
0.469585 0.567305 0.535144 0.461782 0.598917
1.076987 1.020161 0.971637 0.813281 1.080930
0.690737 0.755968 0.668709 0.645273 0.922109
0.453883 0.535807 0.487247 0.547874 0.624815
0.401007 0.512203 0.550344 0.477932 0.644529
0.814611 1.031327 1.313497 0.885768 1.299433
0.765543 0.891546 0.952824 0.791838 1.033538
0.684726 0.668013 0.810815 0.902932 0.989283
0.795356 0.711968 0.827784 0.773354 1.014048
0.391299 0.580866 0.600972 0.618013 0.806492
0.295618 0.465724 0.558034 0.535406 0.638702
0.389441 0.547359 0.520573 0.466420 0.553909
0.358142 0.530473 0.482694 0.479676 0.603247
1.076987 1.020161 0.971637 0.813281 1.080930
0.690737 0.755968 0.668709 0.645273 0.922109
0.584055 0.679180 0.614245 0.690692 0.826958
0.666677 0.845765 0.671837 0.769557 0.859580
0.633956 0.661745 0.821530 0.829377 0.919226
1.087896 1.159877 1.292015 1.252905 1.591819
0.899508 0.901292 0.883138 0.882870 1.121031
4.136396 7.419235 4.934862 4.166883 2.687882
0.482819 0.696321 0.625455 0.779908 0.926180
0.651628 0.900149 0.981415 0.755953 1.173187
5.840227 3.056786 3.232250 2.930473 2.443326
1.140962 1.216155 1.259173 1.106865 1.336607
0.662059 0.889373 0.999193 0.861830 1.284222
0.789064 0.925587 1.072479 1.002960 1.311754
1.033276 1.066482 1.148785 0.993591 1.337539
0.839706 1.314848 1.460860 1.110910 1.563823
0.788353 1.081743 0.994538 0.729306 1.161281
0.843160 0.808102 0.863129 0.937604 1.151070
0.666245 0.902438 0.924473 1.046153 1.336283
0.607165 0.896880 1.028385 1.008333 1.240040
0.816652 0.841564 0.883751 0.873364 0.961854
0.814298 0.933516 0.846372 0.717321 1.090646
0.333658 0.374104 0.503507 0.522005 0.591545
0.434334 0.714719 0.546582 0.461636 0.724301
0.814519 0.849492 0.831191 0.916241 1.016774
0.997300 1.111890 0.903216 0.651550 1.276797
3.367670 2.115001 3.307689 2.555899 2.017068
0.846600 1.173761 1.081650 1.041591 1.329469
0.519177 0.752745 0.806731 0.702407 1.032661
0.787649 1.093041 0.922408 0.776159 1.224583
0.756861 0.929430 0.779756 0.874971 1.171923
0.570036 0.841869 0.942535 1.024772 1.328623
0.379350 0.483232 0.677426 0.908591 1.059653
0.397824 0.503849 0.602174 0.556521 0.705869
0.662059 0.889373 0.999193 0.861830 1.284222
0.789064 0.925587 1.072479 1.002960 1.311754
0.619571 0.844227 0.636489 0.790633 1.115979
4.022240 3.038278 3.293540 3.034963 2.030060
1.225895 1.359822 1.193846 0.851689 1.352793
1.598583 2.747514 2.738269 2.855425 2.151077
1.002500 1.260246 1.346338 1.262552 1.572767
1.206088 1.646551 1.699492 0.909719 2.036115
0.541861 0.791740 0.882843 1.046240 1.163811
0.515772 0.557528 0.694202 0.785876 0.841455
1.236895 1.435457 1.086699 0.760602 1.509632
5.810126 2.471189 3.685304 2.759002 2.363829
0.798788 0.872412 0.850201 1.056996 1.123034
0.897923 1.167440 0.870697 0.927453 1.211609
1.513232 1.404292 1.300125 1.117734 1.514192
0.971165 1.010697 0.893452 0.868267 1.281382
0.535636 0.839869 0.922671 0.824040 1.096797
0.523062 0.696876 0.716826 0.657052 0.853040
3.367670 2.115001 3.307689 2.555899 2.017068
0.846600 1.173761 1.081650 1.041591 1.329469
0.752681 0.942907 1.005903 0.755031 0.997569
0.565119 0.944584 1.013503 0.920750 1.141906
0.619571 0.844227 0.636489 0.790633 1.115979
4.022240 3.038278 3.293540 3.034963 2.030060
0.419023 0.492834 0.458672 0.561230 0.759340
0.472223 0.558562 0.623806 0.639175 0.735657
0.541861 0.791740 0.882843 1.046240 1.163811
0.515772 0.557528 0.694202 0.785876 0.841455
0.541861 0.791740 0.882843 1.046240 1.163811
0.515772 0.557528 0.694202 0.785876 0.841455
0.769032 1.083054 1.155704 1.031804 1.377264
0.681054 0.956798 0.894965 0.771709 0.994667
18.331096 19.034333 19.452277 242.299124 33.861659
0.526608 0.649120 0.799215 0.730842 0.862669
1.594744 3.617741 2.812831 3.498469 2.124590
1.378821 1.360387 1.617378 1.321241 1.542505
0.656462 0.778474 0.792779 0.925921 1.083596
0.382526 0.494236 0.570309 0.674227 0.745657
1.229851 1.700243 1.433303 1.177604 1.843790
0.996517 1.018896 0.961551 1.058099 1.266653
1.126283 1.116604 1.258867 1.088708 1.283433
1.097513 1.178909 1.168021 0.995697 1.404825
0.611674 0.692258 0.703899 0.836693 0.988002
0.471762 0.556437 0.748648 0.729828 0.991733
0.528778 0.530596 0.660169 0.752771 0.805783
0.880097 0.801795 1.125218 0.945505 1.177645
1.387032 1.409901 1.450681 1.271324 1.692189
3.767735 4.129409 2.849828 3.210490 2.101954
0.924437 0.960547 0.965564 0.877676 1.275161
1.539788 1.687071 1.179540 1.278256 1.762501
2.705282 2.942207 2.859174 3.666082 2.097572
3.050856 3.651909 2.314169 3.808555 2.586075
0.464861 0.510144 0.666582 0.670853 0.764973
0.578425 0.915175 0.717086 0.588166 0.908759
1.618376 3.500863 2.865933 3.294911 2.106943
1.455113 1.547470 1.670047 1.590952 2.028282
0.617948 0.948782 1.090907 1.129648 1.377025
0.521639 0.721879 0.796639 0.991463 1.114124
0.888669 1.235649 1.036015 1.084428 1.384950
1.003411 0.834383 1.068375 1.294831 1.570575
4.636858 3.199849 3.477638 2.332975 1.769870
1.462125 2.683885 2.483006 3.077595 2.056696
2.705281 2.942207 2.859174 3.666082 2.097571
3.050856 3.651909 2.314169 3.808555 2.586075
2.058661 6.350535 5.470124 3.302064 2.086191
0.583890 0.918933 1.026057 0.907492 1.185291
1.522669 1.835168 1.413450 0.960165 1.855636
5.692210 3.477868 4.671203 3.248479 2.677838
0.769032 1.083054 1.155704 1.031804 1.377264
0.681054 0.956798 0.894965 0.771709 0.994667
1.062871 1.191341 1.147717 1.233416 1.346393
1.258631 1.498990 1.318059 0.915433 1.686953
5.911140 7.663736 4.332194 3.804717 2.923343
1.177744 1.577732 1.403768 1.314044 1.610425
2.965123 7.724160 4.600601 3.972856 1.603214
2.444271 3.229370 3.442614 2.081965 1.575677
1.039403 1.507078 1.278303 0.997978 1.542361
3.715906 3.372946 3.689197 3.286102 4.757534
1.862426 5.649782 5.860586 2.968460 1.956791
1.461009 2.063582 2.105007 1.243345 2.612066
1.862426 5.649782 5.860586 2.968460 1.956791
1.461009 2.063582 2.105007 1.243345 2.612066
2.284492 2.391762 3.549832 2.741721 1.581501
0.722401 0.967719 0.952141 0.810873 1.170026
0.950014 1.289797 1.188539 1.060589 1.378260
1.095110 1.166281 1.317059 1.092343 1.399888
0.692231 0.907997 0.905070 0.798334 1.102283
0.699981 0.956200 0.898217 0.945731 1.095408
1.562264 1.663829 1.533156 1.068028 1.697415
34.104038 24.129034 30.052000 114.018044 15.364875
0.677991 0.764726 0.932207 0.891398 1.048053
0.832847 1.132815 0.987552 0.751122 1.224524
0.686350 1.213206 1.136715 0.873092 1.456715
3.017684 6.150385 6.917506 4.716063 3.235935
6.896023 7.972490 4.975984 10.326881 5.631266
3.917663 6.387635 6.059426 4.659483 3.125209
5.954716 2.818962 3.379906 2.500577 2.626372
8.696976 7.510442 5.473364 3.773714 2.705208
2.134412 3.582620 4.469736 3.671043 2.324150
7.349508 5.299018 5.728687 4.465387 3.559140
1.713996 3.092825 2.994845 3.519842 2.110242
1.263110 1.396246 1.340711 1.238657 1.718971
2.141483 2.954463 2.535053 3.801959 2.231217
5.022140 7.260557 3.643728 2.188913 2.493608
1.292580 1.466879 1.267258 1.443681 2.144444
4.248273 6.029716 3.368919 2.927649 2.421862
13.795665 14.795432 11.799259 5.886595 7.084496
6.094631 7.931481 5.222319 3.697720 2.500980
1.579805 3.084473 2.866197 3.534164 2.328190
2.527789 7.992657 3.993588 3.348236 2.216383
0.624839 0.878602 1.085320 1.064456 1.328736
0.564458 0.634058 0.761649 0.850508 0.980552
2.197784 3.585451 3.127327 2.504964 3.668487
3.917663 6.387635 6.059426 4.659483 3.125209
174.837600 55.551941 185.607883 131.901568 6.915785
2.224526 3.645247 3.985650 2.364534 1.858273
4.381256 6.349324 4.823641 4.226495 3.287357
2.286178 6.123678 4.726598 3.431104 2.397859
1.902294 2.679464 2.572268 3.080044 2.153154
4.662647 5.402953 6.716932 4.672080 2.300123
2.398085 5.753991 5.436642 3.406889 2.380757
0.649941 0.926307 0.817282 0.999081 1.180415
1.990067 2.860779 2.895650 3.037162 2.067928
52.456923 23.129790 27.440633 59.611121 13.383892
2.798987 3.631194 6.371814 3.552962 2.163539
4.725572 2.924701 4.992202 2.950369 2.243570
47.309300 50.575229 7.190231 4.267395 3.511860
20.768981 31.801901 25.612857 21.805685 14.347107
1.409775 1.463144 1.478517 1.444782 1.649844
4.517453 6.491232 5.630400 4.165234 2.555369
2.330129 2.680419 2.524930 2.325095 2.236455
37.225363 3.222808 2.843418 3.618853 2.467542
4.332576 8.482119 6.129961 3.687821 2.066514
0.605174 0.912259 0.955626 0.903547 1.132551
96.158424 121.709253 55.888218 57.067207 67.631710
26.445110 8.038622 8.654000 12.839753 7.752532
1.842333 3.730182 3.238266 2.961730 2.318357
1.127618 1.371683 1.465842 1.305376 1.690257
0.686350 1.213206 1.136715 0.873092 1.456715
3.017684 6.150385 6.917506 4.716063 3.235935
4.600512 6.997065 5.492240 3.238696 2.280523
1.071556 1.206535 1.210201 0.963549 1.330188
4.684452 5.307473 7.390844 5.216262 2.617476
1.391427 1.728317 1.706333 1.702547 1.942051
3.605488 5.490563 6.994076 4.836638 2.457733
2.254186 5.559958 4.945092 3.298276 2.231014
1.507822 5.874002 5.713004 3.367501 2.406930
8.568574 5.834465 5.573417 4.964201 2.844221
6.791983 3.359223 5.984573 2.897658 2.366640
1.472503 3.440650 2.879452 3.281754 2.230765
8.308737 6.744559 5.095592 4.145466 3.056642
4.720421 5.753874 4.388965 6.122590 3.475621
4.095075 6.191486 6.027984 5.248804 3.347198
6.497647 10.431489 6.369960 4.754835 4.161997
2.031689 5.480835 5.631303 4.165447 2.415567
5.743929 6.153031 7.458641 5.369830 2.275328
6.279709 9.791561 5.487716 4.055801 2.723874
7.750749 9.487673 6.021548 5.148065 3.868605
3.277612 6.345514 5.979987 3.283259 1.952340
4.100476 7.451810 5.243444 3.928209 2.425300
3.277612 6.345514 5.979987 3.283259 1.952340
4.100476 7.451810 5.243444 3.928209 2.425300
24.241750 18.006905 33.892825 10.870068 16.950117
2.762785 6.578748 4.754271 3.798819 2.313249
6.159783 4.104864 11.783126 9.472182 10.606788
1.762534 3.621274 2.664371 3.462147 2.184233
0.835254 1.011757 1.118186 1.052767 1.283882
2.461469 4.197480 6.544479 3.776620 2.201958
1.739085 5.618735 6.312045 3.445670 2.432402
3.724443 7.911395 4.197384 2.877012 2.707639
17.962189 52.418915 23.787496 11.869170 11.643510
6.829949 5.503598 4.751459 4.419815 3.572410
7.955909 6.134234 5.629977 3.842722 3.604381
5.217720 4.361422 5.564903 8.963276 6.072765
0.938889 1.260201 1.321101 1.179052 1.615090
1.200277 1.397146 1.339775 1.085183 1.725038
3.856769 5.862317 20.917062 18.370899 9.195374
1.819116 3.390781 2.746227 3.297305 2.438334
4.588289 12.737978 17.059618 6.136819 12.229233
3.894104 6.012524 5.249500 4.657762 2.912331
3.136417 3.989820 5.600996 3.165651 2.323547
7.687482 8.892000 16.614834 6.421340 9.517931
4.696942 7.605199 3.951353 4.083388 3.196068
6.112962 4.258045 4.731289 6.852609 4.658067
2.819129 7.587188 5.225413 3.617755 2.442831
1.863241 3.683784 2.652236 2.990954 2.258311
5.201526 3.450645 4.849099 7.870300 4.420907
3.972931 8.521843 4.413876 3.182900 2.254774
1.739085 5.618735 6.312045 3.445670 2.432402
10.312330 21.170005 9.316078 7.973805 4.545462
6.000465 6.849275 3.847193 9.306929 6.525898
335.890416 22.250882 19.653389 6.243658 8.835920
5.673596 5.352909 6.253892 4.234054 2.691026
7.816124 7.859926 5.218116 7.193028 6.925576
1.207564 1.478954 1.308837 1.103560 1.498172
28.177728 47.493811 12.594871 49.150082 9.309098
1.781375 1.687958 1.772781 1.608052 1.873121
18.787545 26.028846 14.814966 3.875914 4.109226
4.063216 6.685841 4.114498 3.027994 3.172829
3.387046 4.201893 2.567959 2.441656 2.145293
3.824355 6.165918 6.149415 4.346152 2.648499
5.372664 5.090483 6.075316 4.745795 2.956798
3.527558 5.841318 6.539489 4.655098 3.364956
4.845222 6.544089 4.999394 3.407174 2.301478
5.189759 37.512710 8.015949 4.224492 2.549453
156.936922 30.101370 36.240728 26.689643 19.868375
101.094722 26.584096 14.050428 23.535366 13.258332
42.423286 133.036293 151.423618 114.331061 67.137365
3.856769 5.862317 20.905280 19.773545 10.831660
1.819116 3.390781 2.746227 3.297305 2.438334
5.527737 5.733546 6.894571 4.460922 3.484460
4.818322 6.104713 5.233075 4.458075 3.562000
4.640660 5.285873 7.990193 3.959855 2.352995
4.419073 4.445607 6.711298 5.212828 2.934214
5.548947 6.929988 6.774474 6.969284 2.830634
4.525554 5.761361 5.122729 7.907414 2.483742
5.238624 6.834920 4.321699 3.080299 1.941707
203.880984 64.467398 11.013511 7.870743 8.286920
8.798039 11.460988 9.110738 7.396299 6.589994
36.720238 19.002457 10.999337 31.642199 15.145296
2.802524 4.208466 5.941733 3.398845 2.204022
5.766375 6.471102 5.667267 4.304293 3.341205
7.662693 11.358034 10.095897 6.509043 4.149941
94.715236 32.158080 20.001905 9.302008 10.203205
3.445683 7.102268 12.858174 14.619478 13.271988
5.494065 6.722453 6.062166 3.231597 2.396606
1870.914246 490.969940 532.252521 1496.881534 187.535775
8.312090 6.637274 17.247730 13.033020 11.294640
1870.914246 490.969940 532.252521 1496.881534 187.535775
5.689284 3.965521 2.841993 4.780264 3.477770
3.478221 3.401968 3.705506 2.797712 2.290533
2.546856 3.508891 7.164834 4.130621 1.715800
7.714443 6.469114 3.466781 2.584705 2.562263
6.761996 3.863004 4.168616 6.783556 5.265545
2.182288 2.654521 2.918776 3.436159 2.334298
6.229852 13.498105 17.696528 13.025382 6.726525
4.759216 3.231894 5.437783 2.405481 2.318058
5.489790 5.703442 6.643729 3.545566 3.607764
4.534542 3.741623 5.067312 4.988312 2.709511
4.711890 6.169146 4.993609 4.016083 3.094251
4.741002 7.257593 5.711356 4.171264 2.664214
14.556469 10.864730 10.974430 6.633982 9.566713
7.135067 9.096670 5.857128 5.117352 4.305511
6.351937 7.418049 7.022722 7.479422 2.506059
4.378788 6.133950 5.873106 7.352644 5.283858
2.259090 4.722274 6.067971 3.887386 2.041388
5.906787 5.535480 3.544490 2.681978 2.666490
7.346732 6.999292 4.989770 4.267744 3.395385
9.387676 16.638055 10.527774 12.079307 5.633153
2.469947 4.876035 10.458625 5.196837 7.946755
60.958186 91.424906 22.620325 30.073672 8.275704
4.218629 6.419737 4.903601 3.464589 2.074495
3.302627 3.232122 4.462469 4.374074 3.886920
2.122640 3.717315 5.005945 3.356938 2.362293
5.272146 7.459147 4.217483 3.496037 2.493883
3.370397 6.203927 4.945246 4.167483 2.705375
3.813904 3.998506 4.266707 2.442601 1.822245
10.996594 12.363670 17.371400 77.606797 35.203511
3.613915 4.129329 8.938767 7.939539 3.594361
17.752230 35.258598 14.296879 152.981290 12.015049
3.265205 5.990840 6.295919 4.694270 2.982160
6.594962 9.453778 5.000877 3.612324 2.930076
3.362935 21.035195 19.794941 26.579526 14.163295
3.809395 4.417539 6.869432 3.695077 2.394098
4.745460 6.400989 11.458210 8.297128 11.133319
26.562357 9.857896 7.921296 4.970640 3.282672
5.772895 5.399696 5.064521 1.734067 1.965665
8.569144 6.489097 6.324705 6.606565 2.789228
4.837323 4.257592 6.020074 6.538920 6.022357
14.414476 12.036031 7.820207 5.750266 7.969700
63.320211 46.349469 32.691638 12.000247 3.435578
9.180416 6.495089 5.419318 4.589985 3.865649
10.135064 7.873880 11.318722 5.212382 7.892653
8.645993 8.352186 7.152542 6.095531 5.250663
9.536217 22.915706 20.321600 4.364160 2.800822
47.413464 51.057626 27.400038 30.486719 18.669589
3.035630 6.853575 4.053150 7.950401 2.537046
21.887100 70.601914 61.978873 25.509834 10.366792
17.709042 9.539776 19.009327 4.802450 4.002653
3.824548 6.980794 5.819398 7.914401 3.756444
2.518608 6.891115 4.281940 2.132235 1.950439
4.311697 11.410745 13.723444 17.137475 7.633602
9.520135 9.186567 15.221804 9.460785 9.613790
10.544226 17.934897 8.171735 3.372276 2.575760
8.942689 7.226645 14.191218 7.977881 10.667742
20.579415 20.227635 21.106708 12.281302 5.306726
10.539427 9.915828 8.147592 4.381787 3.483183
5.630890 7.891846 7.142667 5.164949 4.196285
5.841588 6.678365 7.553438 4.805365 2.686995
9.219061 9.657913 6.614391 7.242600 9.746927
13.160613 17.642889 11.929765 6.979571 6.565489
5.365469 26.955040 4.439711 3.810497 2.217038
41.530043 32.218610 25.409970 40.096140 19.349959
15.906186 7.037250 27.626802 38.150391 15.687725
4.993290 6.765917 5.711752 4.908827 3.297536
43.741920 114.430974 171.487762 158.884062 102.326210
5.513443 8.005162 5.422634 3.116950 2.275126
4.567915 5.757347 7.078710 5.100790 4.366113
17.669542 23.459716 23.378283 3.052298 3.596644
316.274689 29.790700 60.997892 4.616970 7.086429
12.232912 27.063880 9.692155 8.151244 4.263471
59.389143 50.025704 15.994264 43.075508 20.357646
4.757093 9.264858 5.316349 5.866119 2.673016
5.788485 4.298808 5.160948 4.789386 2.020135
4.263089 6.100006 42.100271 4.676577 3.279296
6.756907 6.486415 6.034075 4.422139 3.330672
8.090052 13.637773 11.197745 6.623738 5.975591
8.031410 19.912193 6.675602 21.637960 6.583517
26.646331 15.345749 8.715371 14.884412 9.125361
23.274472 18.133293 6.835931 7.831362 8.581150
50.109113 8.515991 7.157686 4.618877 3.051384
5.576007 8.260086 3.926499 4.032103 3.970138
4.785290 5.356820 5.260543 7.003762 3.804316
13.297963 12.969769 9.642707 7.390296 10.255220
6.956841 4.735753 7.291770 10.125948 6.754057
8.256601 11.467010 9.149714 5.553731 4.289777
22.663213 18.913818 15.072411 4.595764 2.940884
9.165628 7.009458 15.056479 3.475837 2.798020
7.441038 20.502726 8.720369 4.364160 2.800822
10.338415 26.246023 30.988099 19.526874 14.229025
76.796871 191.684474 51.789191 4.928222 12.209456
5.356251 2.963747 3.791398 3.316045 2.106019
20.078209 19.514034 20.673007 15.658742 16.402384
5.536021 4.981042 6.091251 5.116239 2.669981
9.636053 7.234781 7.924950 5.245394 13.161805
6.474396 7.322247 7.664677 5.756511 4.122279
5.671663 5.957618 6.479653 4.725731 3.805418
7.076353 6.306939 5.674012 6.847335 10.674945
9.636050 7.234772 3.522080 4.041438 3.403725
6.377039 7.169175 7.948667 5.832232 4.122279
12.998233 15.943824 10.428041 7.579198 3.338358
21.242722 15.196906 7.262090 4.766974 4.574858
9.965061 14.943948 7.027614 16.164507 13.014957
16.252498 11.398713 18.208316 86.756117 8.896511
483.420526 1002.758822 12.189754 66.277461 26.064853
5.395898 5.791373 6.365521 4.959811 4.365678
11.235679 8.947585 4.562969 7.243614 4.603239
13.996286 27.193856 14.450910 6.835863 8.183793
18.804324 15.904486 45.186813 13.810691 5.908890
8.007203 5.090485 9.616535 14.328849 6.675230
13.030163 15.283621 13.181664 4.776722 8.543541
83.122390 26.990212 9.806185 7.150348 2.112371
7.388278 7.803659 8.852105 6.289735 6.572719
73.214047 55.075479 35.027955 148.502534 55.806687
5.589446 5.436805 13.344426 6.641980 3.760288
6.873117 8.381121 7.729849 6.851973 3.139341
6.016148 6.197450 4.416856 4.137598 3.053052
3.396669 3.354782 1.220344 1.483040 2.478591
5.616378 4.777283 6.796551 4.972286 4.059945
5.268472 6.230103 6.993787 3.829225 2.734719
13.431482 4.839474 6.741717 5.685870 4.056476
5.154728 6.580635 4.295687 3.689195 2.932423
7.012039 6.991780 4.033455 3.716063 2.113069
10.812212 22.734061 31.425449 42.991676 18.193023
20.769142 16.140400 7.021210 30.565910 5.328513
36.325682 88.068452 121.300504 55.949347 19.545667
3.669918 4.017763 2.805686 3.696377 2.610106
6.149497 5.385600 5.272668 4.806978 5.368392
11.303747 10.956633 8.175224 6.212246 9.216603
80.260133 31.498015 24.474876 14.132159 14.080021
83.878186 151.491716 168.964711 70.283213 33.580586
17.010006 12.741490 18.719231 6.584533 10.108855
5.161500 41.352992 13.653485 3.745431 1.950663
3.978190 5.683216 6.144162 4.421454 2.644782
13.218072 16.950503 18.152010 10.903739 9.540160
25.269942 36.506276 30.457176 238.566929 16.483844
62.073839 20.957708 36.090111 13.822060 12.769827
20.581399 45.314601 17.942514 6.945690 16.684129
17.816923 35.168471 12.326534 6.738519 6.148218
9.416820 22.113944 20.109144 33.745542 19.652060
31.644172 106.205540 43.109208 11.859421 5.758253
9.232987 21.035860 13.253153 29.868389 15.802939
12.051832 11.688539 8.977298 7.941686 10.454676
28.844088 31.960678 19.096709 6.311486 13.118747
40.978348 20.989717 13.707440 5.811361 3.068131
18.603507 22.841160 31.800863 11.361270 11.707232
25.904135 23.352223 23.940513 5.028434 4.993190
23.590425 80.401539 100.417870 27.653556 3.665339
52.225488 10.283199 21.239839 37.165946 23.351333
5.395898 5.791373 6.365521 4.959811 4.365678
5.386386 5.525482 6.376493 4.769647 3.000401
5.655454 6.671179 3.710778 2.947489 2.860692
6.741833 6.747835 5.162116 3.649378 2.580047
8.141775 6.193423 4.865473 10.231643 4.007175
70.408355 175.412773 166.718413 43.362255 12.672561
69.026948 298.236411 37.717558 30.015787 19.445598
15.300305 14.901181 9.195221 5.632102 4.751970
6.019281 7.304778 7.054632 6.309196 2.990864
22.116713 12.444644 7.621204 5.891073 3.232280
90.017247 159.283306 144.260036 188.006918 21.292529
5.416145 5.853470 6.707725 4.913977 3.560846
23.311541 23.845458 24.305823 29.013662 13.336494
7.516578 6.402260 4.644635 4.620976 2.492857
8.711058 17.810214 9.502342 8.637621 6.877486
8.068993 7.747841 6.583234 5.116453 3.502806
33.922579 8.513919 6.676774 6.639995 4.696059
23.680606 13.275198 12.556374 32.981451 22.686231
5.013380 5.919142 4.585973 5.892220 2.645229
47.271186 53.486817 48.470079 30.478666 13.746970
21.053010 43.404987 20.819204 23.464360 14.255119
12819.862682 112657.458560 331506.686463 141692.776628 7687.463562
8.478025 3.011241 1.320298 3.176407 2.505281
55.047820 29.293417 11.324113 26.187355 19.310880
68.255287 90.649805 6.169470 6.543764 4.588035
93.962086 15.596744 7.280263 3.999925 2.817062
24.038828 9.545514 10.999377 4.026339 9.912999
6.105736 5.575787 4.894289 8.711806 8.868988
37.399847 40.317042 47.028373 5.645715 3.136995
5.574765 6.224443 4.840925 4.944522 3.376612
8.113337 6.755739 4.992519 2.204690 2.279394
4.664722 3.368364 4.613762 7.728268 10.833454
21.243035 22.594648 9.388582 9.885891 9.057519
6.397412 3.457797 9.400146 20.472861 6.685600
8.583738 5.033197 5.990106 4.177036 3.118173
21.033907 17.675677 8.718631 4.922171 3.017060
5.985111 6.427095 8.255214 2.967114 4.021974
4.244998 17.875794 38.578621 3.000898 2.312771
30.977367 112.783029 24.268147 46.564730 18.258966
5.831046 9.552641 7.145808 23.493397 7.776279
9.315403 9.856224 21.839531 23.909395 18.736830
22.920080 11.908121 12.803530 37.907775 9.424294
4.595703 6.041824 3.114480 3.066995 2.398483
14.854098 9.655124 25.754985 9.810385 10.246543
6.505343 6.047679 9.221707 6.819160 7.349503
6.995081 6.636508 6.510116 4.849958 3.198997
7.085446 8.515831 7.844454 8.826408 12.157422
18.834135 37.315909 14.245933 23.361214 20.119517
13.089698 7.954476 7.054194 25.302630 13.160347
47.263073 63.324749 121.850914 189.025832 15.576847
8.467588 8.716011 3.310905 8.588489 3.598250
37.584562 137.032459 25.033759 52.007319 25.325571
8.036983 4.969869 7.575811 6.443378 2.634280
6.059684 6.407311 4.587085 8.792539 3.719677
5.033659 6.250490 5.996901 7.276857 4.371655
7.431489 7.637205 4.737910 4.607690 2.663393
4.732781 12.456645 6.607422 8.634233 7.730398
7.067179 9.613333 5.607491 6.557192 10.021130
12.402822 11.933748 12.778377 6.286259 9.221991
6.891552 7.755002 6.582218 5.116453 3.502800
5.499366 9.901107 6.184690 7.835341 3.162826
5.481302 5.558162 6.999337 5.814827 5.334294
13.939379 8.549364 9.200715 5.160961 4.685879
8.616424 4.428497 4.256540 4.824256 2.539677
4.858709 3.447030 4.445604 4.215646 2.938327
6.949403 4.549819 6.300483 6.964225 7.217886
6.490202 6.308244 5.682614 3.480874 2.822123
3.379337 7.255975 10.690430 5.110740 5.094310
5.436774 12.680061 14.029975 10.272856 18.139890
5.758052 4.549819 6.300483 6.964225 3.638342
6.490202 6.573338 6.125131 3.480874 2.822123
7.092650 6.416263 9.665807 5.548314 5.692124
6.467509 6.500459 6.261352 6.939416 3.337243
19.407584 14.095026 18.468516 10.268192 14.288702
20.980920 15.886682 8.833112 24.058533 17.543799
12.657422 7.964152 7.294506 5.119157 2.448471
9.292722 12.030679 9.234358 8.044220 3.473892
30.794451 90.808450 798.070030 203.371795 19.071390
5.198547 6.869581 18.869484 4.327482 2.291878
83.159754 117.701442 134.015448 207.053804 68.123085
14.868529 62.024651 26.728637 58.188495 47.786308
1597.877763 2400.272520 2459.092741 6515.893365 434.069499
9.537856 2.584305 1.619192 3.445020 3.039164
8.817295 8.425066 7.925758 5.651573 3.900678
6.291969 8.928297 4.866493 4.435403 2.836639
5.791879 9.898504 7.664649 6.770931 3.247071
6.168955 7.717830 9.006103 5.030443 3.792253
7.405284 8.382199 19.430874 9.812653 5.056455
8.086551 5.744658 6.392422 5.009905 4.561861
5.594015 7.567626 10.081936 6.416135 5.038966
9.589140 15.727216 22.992240 15.469603 8.640860
7.073563 43.655451 14.478843 6.037776 8.272211
9.570532 34.486606 17.213613 29.182371 8.476995
7.884514 7.150907 5.828041 6.745882 3.221251
5.051715 6.900749 6.749767 5.066343 2.123406
14.053040 72.427299 23.332057 10.507863 12.819483
6.567973 5.845915 4.570933 3.323423 2.394066
37.560131 8.006754 6.454844 3.833923 7.257950
6.256813 7.442742 6.698636 6.602700 11.028896
17.995864 9.307466 18.071014 15.430573 12.074513
24.006176 24.329665 11.112185 8.852550 8.643735
47.360967 20.698000 15.664178 77.432068 18.793118
8.283275 24.510862 26.105683 23.793283 15.936062
4.836260 4.798279 5.547821 2.901753 2.785215
54.691932 16.455337 13.714403 29.728694 16.628514
6.462081 8.995988 7.594911 10.930470 9.996857
8.982278 26.683273 6.748977 8.852618 12.053824
6.567040 2.801752 1.763568 4.193883 2.229256
6.048982 6.847765 6.316468 6.009796 3.809138
6.470956 9.772867 11.595550 7.321573 10.853525
19.446533 11.738398 27.316648 20.292303 10.923157
7.180809 7.133462 7.663344 6.841115 2.245453
10.765243 12.331174 9.598291 6.402670 3.197362
7.756227 6.883769 8.620058 7.508900 9.557432
6.971322 4.775340 3.613438 3.669585 2.731357
12.532375 8.327244 13.121180 5.321320 3.194696
14.723123 7.060560 7.500186 17.341057 7.122110
14.440389 16.653812 6.656249 5.068933 5.111600
8.244737 12.058894 19.604774 11.140457 13.515011
19.759131 35.360940 32.111684 11.150192 12.231172
45.804141 22.866249 11.291209 8.044220 9.181016
23.910890 11.622873 17.335378 6.052666 3.896336
6.219733 4.609343 7.547696 7.106631 4.143824
10.234071 34.648042 22.308883 7.233957 10.118024
19.789278 17.385605 37.084868 74.993220 10.029784
17.840099 6.976984 6.592852 3.912268 3.103866
15.515306 8.416055 12.096517 9.927728 14.500108
5.478531 5.154330 4.549488 7.070887 2.921830
5.336443 7.260961 7.521672 7.110129 5.283178
8.467340 6.976859 17.241651 3.912268 4.201557
6.702140 15.126095 8.156824 4.990437 10.957811
5.250085 4.942262 6.299489 3.975767 7.599989
9.549749 11.417610 52.819384 7.637775 11.599643
66.763826 50.140094 14.145271 16.114720 14.930850
5.326838 8.701165 7.840908 6.258790 3.442292
6.083178 8.294979 7.370587 2.762141 2.477922
34.248056 11.879758 28.373415 11.208812 3.842215
72.133824 27.675127 7.419145 23.931874 13.180251
69.043838 15.226345 22.780194 47.099942 14.444341
8.701745 17.788623 12.649110 5.335639 3.234645
12.899546 27.853292 48.263026 64.435121 12.264704
23.975591 5.449586 7.166905 6.467805 6.092052
4.586193 8.567856 4.545565 3.220378 2.434785
12.893656 26.111405 9.398270 43.262164 4.824225
6.416562 4.106814 2.879646 3.800833 4.183720
22.663585 8.495982 8.313188 25.106508 7.284358
6.451111 8.294463 4.610761 4.515922 2.876465
10.586608 8.662879 6.423361 4.625566 3.269374
43.580404 6.632629 6.905620 4.674146 2.858274
7.986200 10.724915 6.581129 7.146330 3.848462
13.289412 19.583426 24.857502 28.965088 10.998074
19.667346 8.983160 11.920918 6.619853 7.686371
5.735777 6.829940 5.767034 13.310053 4.628841
9.262982 8.637835 6.449831 9.140766 23.469794
7.627135 12.012672 9.339001 4.705025 2.603540
5.395518 6.029703 6.122987 4.952695 6.217423
17.771333 13.295336 18.635673 10.207622 10.132591
6.967273 6.780829 7.991376 4.753485 3.651704
6.052106 6.171842 5.848852 24.541274 4.110823
4.573600 6.505633 5.151974 8.170559 5.874550
5.368344 23.545470 5.338820 1.155466 1.554311
223.396976 145.345736 131.713941 258.979098 18.750276
36.218011 5.002140 5.301668 5.337401 9.868468
7.600549 14.840384 7.208575 9.556655 7.139941
29.082057 7.198521 6.109572 4.368393 6.740741
7.480587 8.012736 6.475423 3.845934 2.281112
6.597972 15.833533 33.146236 7.395262 6.908382
8.556745 3.229211 1.649467 3.748622 2.143996
7.513336 6.213586 5.662386 5.555633 9.908279
5.659792 16.681714 6.329588 17.757776 9.736522
27.202423 17.724885 18.597646 10.669091 17.641246
37.397200 26.336202 9.342264 8.035433 12.270508
6.078763 6.029795 7.127506 4.951105 2.429005
7.475564 8.623003 5.592872 7.146383 5.901637
6.323462 5.696415 8.262979 5.924892 10.938320
16.765044 16.799501 18.579264 5.046207 2.489444
5.248274 5.823690 6.566877 7.857816 5.140583
4.741318 4.191259 3.592523 3.673440 2.699565
22.196627 21.189533 7.244124 6.327467 12.254643
10.595106 28.796072 26.672089 9.273300 4.145999
56.215665 23.056166 17.992302 6.716377 20.557397
5.832038 7.892775 11.469867 14.644492 5.845226
207.890861 85.909122 21.449903 118.089345 29.875595
169.379104 81.318846 12.293655 9.968436 15.377253
17.998192 38.897774 10.918650 3.472492 9.303373
10.165951 7.306104 5.204695 2.809211 3.753172
14.801380 14.820946 6.322493 19.313070 5.346992
7.455818 6.868327 7.031207 4.346592 3.116673
15.340281 23.822185 19.929473 4.070881 11.464555
10.165951 7.306104 5.204695 2.809210 3.753173
24.802893 10.583123 6.195974 5.543435 3.261272
55.142451 23.729172 17.774579 18.730178 27.049766
10.604883 8.252930 10.681663 4.008824 2.693837
75.664268 21.387941 8.486474 233.616198 47.803947
4.634006 7.038089 8.423706 42.007197 5.882312
7.675686 5.471344 6.480277 5.086721 11.425350
54.263940 63.860335 27.955737 13.235584 8.921086
8.046074 8.365280 10.593119 10.532861 9.402241
16634.681658 2805.364956 10746.505333 39861.667089 5209.118710
63.878751 38.938946 11.886173 25.970217 17.796139
74.320443 21.797211 10.394028 20.645500 8.850748
7.296604 16.278808 4.861852 4.808563 7.491179
2.806904 3.884205 5.532375 4.144172 4.324710
91.593243 38.865119 9.182749 22.453562 16.056742
73.688478 21.988683 28.031601 26.855269 29.920964
20.993202 23.761290 17.522281 3.924453 3.955748
28.926351 7.223832 5.805601 6.167264 11.475143
10.111644 26.694247 6.449173 5.722137 3.452779
15.017144 17.070728 8.015037 4.821820 4.216117
5.604448 9.186198 6.942778 3.452421 2.008447
7.955866 9.241746 7.904034 4.277104 3.718852
6.453640 5.595434 6.390242 4.545836 3.929684
6.378075 40.069343 4.594251 6.492838 5.060354
47.575298 7.823636 6.761359 5.286888 11.331827
18.334610 68.317049 18.827408 21.772317 11.265409
5.420656 5.699431 5.912801 4.985625 2.899744
68.484921 154.082732 94.333092 6.048008 11.435316
7.085109 5.933314 4.712103 4.954482 2.563026
5.434730 5.862577 7.302890 4.350516 3.259363
6.156988 7.370556 8.278298 5.087615 2.788550
6.817215 3.602064 4.293758 5.703527 7.134851
60.323184 10.219048 11.089409 11.605187 9.374511
12.475846 11.819256 6.794124 7.026360 16.616011
6.920494 8.040389 8.413556 7.656671 7.624371
13.200142 18.720651 22.088966 25.733960 7.588834
12.099615 16.120412 18.138475 6.092009 13.605177
22.978999 14.195574 10.087201 5.924489 6.469501
5.959636 2.963379 2.961214 4.007386 2.535873
8.263072 8.412713 7.103259 6.319598 2.587601
4.962093 5.868480 7.012696 5.119140 3.099880
6.521604 2.354463 10.668839 16.199879 11.526670
11.525602 26.599371 8.248000 60.867758 34.340382
8.830774 8.931856 7.443786 5.879112 2.974622
16.671359 21.071261 16.844404 9.177898 7.733580
8.310327 10.539414 9.947021 21.527644 33.196110
19.136836 21.876587 8.426589 5.139609 2.977420
43.791349 19.936588 22.675982 52.619129 22.092238
11.411480 9.296058 21.479890 10.187652 10.706402
5.518881 8.472745 4.173520 6.500156 6.521998
10.751569 27.758600 45.717782 16.939434 11.041881
7.686348 6.722808 19.011149 8.759579 6.286297
7.630585 7.115208 6.223077 4.030778 2.889216
21.431256 8.837630 21.140841 23.731076 7.104842
5.971604 49.615425 5.507856 5.283463 2.728965
40.372312 13.245929 18.697347 203.188181 15.105608
106.431971 2055.529414 164.671639 715.944680 14.981870
11.662263 8.583475 7.585577 4.751585 3.523680
32.432490 26.312831 10.932124 7.363062 12.416272
22.187718 26.221213 19.917855 26.220521 10.872445
10.786422 5.991921 6.037526 5.415170 3.842036
11.662263 8.583475 7.585577 4.751585 3.523680
