0.130000 0.060000 0.060000 0.040000 0.070000
0.190000 0.730000 0.820000 0.550000 0.120000
0.100000 0.060000 0.060000 0.040000 0.070000
0.140000 0.030000 0.020000 0.010000 0.090000
0.140000 0.030000 0.030000 0.030000 0.080000
0.130000 0.050000 0.050000 0.040000 0.090000
0.100000 0.020000 0.010000 0.010000 0.060000
0.140000 0.020000 0.010000 0.010000 0.100000
0.120000 0.070000 0.070000 0.050000 0.070000
0.130000 0.060000 0.050000 0.040000 0.080000
0.150000 0.040000 0.040000 0.030000 0.110000
0.130000 0.020000 0.020000 0.010000 0.100000
0.140000 0.090000 0.090000 0.070000 0.130000
0.140000 0.100000 0.090000 0.070000 0.080000
0.180000 0.180000 0.180000 0.130000 0.090000
0.170000 0.700000 0.790000 0.540000 0.120000
0.140000 0.090000 0.090000 0.070000 0.130000
0.140000 0.100000 0.090000 0.070000 0.080000
0.130000 0.070000 0.070000 0.050000 0.070000
0.160000 0.040000 0.040000 0.030000 0.100000
0.160000 0.100000 0.100000 0.070000 0.090000
0.140000 0.110000 0.100000 0.070000 0.090000
0.120000 0.060000 0.050000 0.040000 0.070000
0.130000 0.050000 0.050000 0.040000 0.110000
0.150000 0.050000 0.040000 0.030000 0.080000
0.150000 0.060000 0.060000 0.040000 0.080000
0.130000 0.090000 0.080000 0.060000 0.080000
0.140000 0.050000 0.050000 0.040000 0.070000
0.120000 0.070000 0.070000 0.050000 0.070000
0.130000 0.060000 0.050000 0.040000 0.080000
0.140000 0.090000 0.080000 0.060000 0.080000
0.140000 0.130000 0.120000 0.090000 0.090000
0.130000 0.080000 0.080000 0.050000 0.070000
0.140000 0.110000 0.110000 0.080000 0.070000
0.160000 0.060000 0.060000 0.040000 0.090000
0.100000 0.080000 0.080000 0.060000 0.070000
0.110000 0.060000 0.050000 0.040000 0.060000
0.140000 0.070000 0.060000 0.050000 0.090000
0.110000 0.090000 0.080000 0.060000 0.060000
0.120000 0.110000 0.100000 0.070000 0.070000
0.140000 0.030000 0.030000 0.030000 0.080000
0.130000 0.050000 0.050000 0.040000 0.090000
0.160000 0.060000 0.060000 0.040000 0.100000
0.110000 0.030000 0.030000 0.020000 0.070000
0.120000 0.100000 0.100000 0.070000 0.070000
0.140000 0.010000 0.010000 0.010000 0.070000
0.130000 0.030000 0.030000 0.020000 0.060000
0.110000 0.050000 0.050000 0.040000 0.070000
0.140000 0.030000 0.030000 0.030000 0.080000
0.130000 0.050000 0.050000 0.040000 0.090000
0.160000 0.060000 0.050000 0.040000 0.090000
0.140000 0.020000 0.030000 0.010000 0.090000
0.130000 0.090000 0.080000 0.060000 0.080000
0.140000 0.050000 0.050000 0.040000 0.070000
0.120000 0.120000 0.110000 0.080000 0.070000
0.130000 0.150000 0.140000 0.100000 0.070000
0.120000 0.100000 0.100000 0.070000 0.070000
0.140000 0.010000 0.010000 0.010000 0.070000
0.140000 0.090000 0.080000 0.060000 0.080000
0.140000 0.130000 0.120000 0.090000 0.090000
0.150000 0.050000 0.050000 0.040000 0.080000
0.120000 0.030000 0.020000 0.030000 0.060000
0.140000 0.060000 0.060000 0.040000 0.090000
0.850000 0.900000 0.820000 0.340000 0.330000
0.140000 0.040000 0.040000 0.030000 0.080000
0.160000 0.010000 0.020000 0.010000 0.070000
0.170000 0.710000 0.840000 0.600000 0.150000
0.160000 0.090000 0.090000 0.060000 0.110000
0.110000 0.050000 0.050000 0.040000 0.060000
0.160000 0.060000 0.060000 0.040000 0.090000
0.130000 0.080000 0.080000 0.060000 0.070000
0.140000 0.070000 0.070000 0.060000 0.130000
0.130000 0.020000 0.010000 0.010000 0.090000
0.140000 0.020000 0.020000 0.000000 0.090000
0.160000 0.120000 0.110000 0.080000 0.090000
0.160000 0.070000 0.060000 0.040000 0.090000
0.150000 0.100000 0.100000 0.070000 0.090000
0.130000 0.140000 0.140000 0.100000 0.090000
0.090000 0.040000 0.030000 0.020000 0.080000
0.110000 0.020000 0.010000 0.000000 0.080000
0.110000 0.030000 0.020000 0.010000 0.080000
0.130000 0.010000 0.010000 0.020000 0.080000
0.200000 0.750000 0.820000 0.530000 0.120000
0.150000 0.160000 0.160000 0.120000 0.090000
0.120000 0.030000 0.020000 0.010000 0.090000
0.140000 0.020000 0.010000 0.020000 0.070000
0.140000 0.070000 0.060000 0.050000 0.080000
0.160000 0.170000 0.170000 0.120000 0.080000
0.150000 0.130000 0.130000 0.090000 0.070000
0.130000 0.040000 0.030000 0.020000 0.070000
0.110000 0.050000 0.050000 0.040000 0.060000
0.160000 0.060000 0.060000 0.040000 0.090000
0.120000 0.020000 0.000000 0.020000 0.070000
0.890000 2.420000 2.690000 1.790000 0.150000
0.140000 0.110000 0.110000 0.080000 0.080000
0.190000 0.720000 0.800000 0.550000 0.140000
0.170000 0.130000 0.120000 0.090000 0.100000
0.150000 0.130000 0.120000 0.090000 0.110000
0.160000 0.090000 0.090000 0.070000 0.100000
0.150000 0.140000 0.130000 0.100000 0.080000
0.130000 0.140000 0.130000 0.100000 0.090000
0.190000 0.730000 0.800000 0.530000 0.130000
0.190000 0.250000 0.240000 0.170000 0.110000
0.150000 0.140000 0.130000 0.090000 0.100000
0.130000 0.110000 0.100000 0.080000 0.080000
0.150000 0.090000 0.090000 0.060000 0.090000
0.170000 0.110000 0.100000 0.080000 0.080000
0.140000 0.050000 0.050000 0.040000 0.070000
0.200000 0.750000 0.820000 0.530000 0.120000
0.150000 0.160000 0.160000 0.120000 0.090000
0.140000 0.020000 0.020000 0.010000 0.080000
0.140000 0.080000 0.080000 0.060000 0.090000
0.120000 0.020000 0.000000 0.020000 0.070000
0.890000 2.420000 2.690000 1.790000 0.150000
0.130000 0.140000 0.130000 0.100000 0.070000
0.160000 0.200000 0.190000 0.140000 0.090000
0.160000 0.090000 0.090000 0.070000 0.100000
0.150000 0.140000 0.130000 0.100000 0.080000
0.160000 0.090000 0.090000 0.070000 0.100000
0.150000 0.140000 0.130000 0.100000 0.080000
0.180000 0.120000 0.120000 0.080000 0.080000
0.150000 0.040000 0.040000 0.030000 0.080000
nan nan nan nan nan
0.160000 0.130000 0.120000 0.090000 0.080000
0.240000 0.810000 0.860000 0.560000 0.140000
0.150000 0.010000 0.010000 0.020000 0.090000
0.150000 0.060000 0.060000 0.040000 0.080000
0.120000 0.050000 0.040000 0.030000 0.080000
0.150000 0.030000 0.030000 0.020000 0.090000
0.140000 0.050000 0.050000 0.040000 0.100000
0.180000 0.200000 0.190000 0.140000 0.100000
0.170000 0.220000 0.210000 0.150000 0.110000
0.130000 0.050000 0.060000 0.050000 0.100000
0.130000 0.070000 0.060000 0.040000 0.070000
0.120000 0.040000 0.050000 0.030000 0.090000
0.140000 0.030000 0.040000 0.030000 0.110000
0.150000 0.070000 0.070000 0.050000 0.090000
0.800000 2.230000 2.480000 1.670000 0.150000
0.120000 0.020000 0.010000 0.010000 0.080000
0.160000 0.010000 0.010000 0.010000 0.110000
0.210000 0.760000 0.850000 0.580000 0.150000
0.210000 0.720000 0.780000 0.530000 0.150000
0.100000 0.050000 0.050000 0.030000 0.090000
0.130000 0.010000 0.020000 0.010000 0.080000
0.180000 0.710000 0.800000 0.520000 0.110000
0.120000 0.060000 0.060000 0.050000 0.060000
0.170000 0.180000 0.170000 0.130000 0.090000
0.180000 0.220000 0.210000 0.160000 0.100000
0.170000 0.220000 0.210000 0.160000 0.100000
0.190000 0.220000 0.220000 0.160000 0.100000
0.240000 0.820000 0.900000 0.590000 0.140000
0.190000 0.750000 0.820000 0.520000 0.110000
0.210000 0.760000 0.850000 0.580000 0.150000
0.210000 0.720000 0.780000 0.530000 0.150000
0.780000 2.180000 2.420000 1.560000 0.130000
0.180000 0.030000 0.020000 0.020000 0.080000
0.150000 0.180000 0.170000 0.130000 0.100000
0.800000 2.250000 2.480000 1.660000 0.160000
0.180000 0.120000 0.120000 0.080000 0.080000
0.150000 0.040000 0.040000 0.030000 0.080000
0.130000 0.030000 0.020000 0.010000 0.090000
0.140000 0.030000 0.010000 0.020000 0.090000
0.940000 0.950000 0.820000 0.360000 0.330000
0.150000 0.180000 0.170000 0.130000 0.110000
0.820000 0.880000 0.770000 0.310000 0.330000
0.220000 0.800000 0.880000 0.580000 0.130000
0.150000 0.020000 0.010000 0.010000 0.090000
nan nan nan nan nan
0.830000 2.280000 2.510000 1.640000 0.140000
0.160000 0.140000 0.130000 0.100000 0.120000
0.830000 2.280000 2.510000 1.640000 0.140000
0.160000 0.140000 0.130000 0.100000 0.120000
0.200000 0.750000 0.800000 0.520000 0.110000
0.140000 0.050000 0.040000 0.040000 0.070000
0.140000 0.090000 0.090000 0.060000 0.100000
0.160000 0.070000 0.060000 0.050000 0.080000
0.160000 0.190000 0.180000 0.130000 0.090000
0.220000 0.340000 0.320000 0.230000 0.140000
0.150000 0.130000 0.120000 0.090000 0.090000
nan nan nan nan nan
0.100000 0.070000 0.070000 0.040000 0.100000
0.150000 0.020000 0.020000 0.010000 0.090000
0.140000 0.070000 0.070000 0.060000 0.120000
0.860000 0.920000 0.830000 0.330000 0.330000
nan nan nan nan nan
1.720000 2.420000 2.390000 1.230000 0.390000
1.010000 2.610000 2.950000 2.160000 0.230000
2.040000 2.890000 2.900000 1.380000 0.420000
1.330000 3.270000 3.640000 2.470000 0.190000
1.910000 2.640000 2.590000 1.270000 0.400000
0.190000 0.780000 0.890000 0.600000 0.140000
0.180000 0.050000 0.050000 0.040000 0.070000
0.250000 0.880000 0.950000 0.600000 0.130000
0.760000 2.040000 1.970000 0.690000 0.110000
0.130000 0.090000 0.090000 0.070000 0.060000
0.720000 1.990000 1.980000 0.750000 0.150000
nan nan nan nan nan
1.770000 2.480000 2.440000 1.240000 0.400000
0.180000 0.740000 0.820000 0.560000 0.130000
0.810000 2.190000 2.400000 1.530000 0.140000
0.170000 0.170000 0.160000 0.120000 0.100000
0.150000 0.130000 0.120000 0.090000 0.100000
nan nan nan nan nan
1.710000 2.420000 2.390000 1.230000 0.390000
nan nan nan nan nan
1.070000 2.870000 3.290000 2.220000 0.160000
0.860000 0.910000 0.800000 0.310000 0.330000
0.820000 2.260000 2.490000 1.640000 0.160000
0.240000 0.780000 0.850000 0.540000 0.130000
0.490000 1.690000 2.000000 1.570000 0.360000
0.830000 2.260000 2.460000 1.600000 0.140000
0.200000 0.270000 0.260000 0.190000 0.110000
0.200000 0.760000 0.830000 0.570000 0.160000
nan nan nan nan nan
0.790000 2.260000 2.490000 1.670000 0.160000
0.940000 2.480000 2.730000 1.840000 0.160000
1.050000 0.890000 0.790000 0.340000 0.370000
nan nan nan nan nan
0.180000 0.030000 0.030000 0.020000 0.090000
0.830000 0.910000 0.820000 0.310000 0.320000
0.150000 0.160000 0.160000 0.120000 0.100000
nan nan nan nan nan
2.720000 3.640000 3.540000 1.570000 0.440000
0.160000 0.010000 0.010000 0.000000 0.090000
nan nan nan nan nan
nan nan nan nan nan
0.180000 0.740000 0.820000 0.540000 0.120000
0.150000 0.070000 0.060000 0.050000 0.100000
0.140000 0.070000 0.070000 0.060000 0.120000
0.860000 0.920000 0.830000 0.330000 0.330000
0.850000 2.310000 2.520000 1.660000 0.150000
0.150000 0.040000 0.040000 0.030000 0.090000
1.770000 2.520000 2.510000 1.240000 0.400000
0.150000 0.120000 0.120000 0.090000 0.090000
2.060000 2.840000 2.760000 1.320000 0.430000
0.900000 2.460000 2.690000 1.760000 0.140000
0.870000 2.370000 2.600000 1.720000 0.150000
0.870000 0.920000 0.820000 0.390000 0.300000
1.280000 3.360000 3.810000 2.590000 0.210000
0.200000 0.750000 0.810000 0.540000 0.110000
1.850000 2.610000 2.570000 1.330000 0.400000
1.150000 1.500000 1.230000 0.270000 0.320000
2.670000 3.680000 3.840000 2.080000 0.410000
2.740000 2.780000 2.670000 1.420000 0.380000
1.400000 3.530000 3.860000 2.550000 0.200000
nan nan nan nan nan
nan nan nan nan nan
4.580000 0.170000 0.010000 100.700000 0.280000
1.420000 3.690000 4.160000 2.940000 0.230000
2.540000 3.470000 3.460000 1.640000 0.420000
1.420000 3.690000 4.160000 2.940000 0.230000
2.550000 3.470000 3.460000 1.640000 0.420000
nan nan nan nan nan
nan nan nan nan nan
nan nan nan nan nan
0.220000 0.840000 0.940000 0.600000 0.140000
0.150000 0.070000 0.060000 0.050000 0.100000
0.940000 2.500000 2.760000 1.810000 0.160000
0.840000 2.300000 2.510000 1.670000 0.150000
0.980000 2.570000 2.810000 1.790000 0.180000
nan nan nan nan nan
0.340000 0.080000 0.800000 0.610000 0.260000
1.750000 2.460000 2.420000 1.210000 0.430000
nan nan nan nan nan
0.110000 0.080000 0.090000 0.060000 0.120000
0.180000 0.030000 0.030000 0.020000 0.080000
nan nan nan nan nan
0.180000 0.720000 0.810000 0.550000 0.120000
nan nan nan nan nan
2.020000 2.790000 2.720000 1.320000 0.410000
nan nan nan nan nan
nan nan nan nan nan
7.050000 4.230000 3.750000 1.750000 0.410000
nan nan nan nan nan
0.900000 2.410000 2.640000 1.780000 0.180000
0.180000 0.730000 0.810000 0.530000 0.130000
nan nan nan nan nan
1.310000 3.390000 3.700000 2.360000 0.160000
0.840000 2.300000 2.510000 1.670000 0.150000
nan nan nan nan nan
nan nan nan nan nan
nan nan nan nan nan
nan nan nan nan nan
nan nan nan nan nan
0.180000 0.140000 0.140000 0.100000 0.090000
nan nan nan nan nan
0.150000 0.020000 0.020000 0.020000 0.100000
nan nan nan nan nan
13.670000 2.360000 2.660000 2.100000 0.300000
0.230000 0.810000 0.900000 0.590000 0.130000
3.030000 3.950000 3.820000 1.710000 0.460000
0.760000 0.810000 0.710000 0.330000 0.310000
1.840000 2.530000 2.460000 1.240000 0.390000
1.210000 3.140000 3.510000 2.380000 0.190000
nan nan nan nan nan
nan nan nan nan nan
nan nan nan nan nan
nan nan nan nan nan
nan nan nan nan nan
0.180000 0.720000 0.810000 0.550000 0.120000
0.290000 3.780000 2.260000 1.410000 0.330000
10.200000 20.840000 1.630000 0.820000 0.330000
2.630000 3.490000 3.450000 1.750000 0.410000
8.580000 5.630000 4.640000 2.040000 0.460000
nan nan nan nan nan
nan nan nan nan nan
1.160000 3.290000 3.890000 2.770000 0.220000
nan nan nan nan nan
nan nan nan nan nan
nan nan nan nan nan
nan nan nan nan nan
5.780000 28.010000 3.280000 1.460000 0.400000
nan nan nan nan nan
nan nan nan nan nan
nan nan nan nan nan
1.180000 3.040000 3.330000 2.160000 0.180000
nan nan nan nan nan
nan nan nan nan nan
nan nan nan nan nan
nan nan nan nan nan
2.750000 3.620000 3.610000 2.340000 0.200000
nan nan nan nan nan
0.910000 2.620000 2.970000 2.010000 0.160000
nan nan nan nan nan
0.190000 0.730000 0.840000 0.570000 0.140000
nan nan nan nan nan
1.230000 3.270000 3.600000 2.340000 0.170000
5.440000 2.260000 0.210000 0.280000 0.320000
nan nan nan nan nan
0.810000 0.840000 0.750000 0.340000 0.340000
1.870000 2.580000 2.500000 1.220000 0.400000
nan nan nan nan nan
18.790000 13.340000 4.340000 1.900000 0.500000
4.310000 7.100000 1.720000 0.380000 0.330000
nan nan nan nan nan
1.040000 2.730000 3.030000 1.990000 0.150000
2.380000 2.960000 2.880000 1.890000 0.200000
2.080000 3.010000 3.040000 1.490000 0.400000
nan nan nan nan nan
nan nan nan nan nan
nan nan nan nan nan
1.580000 3.750000 4.100000 2.900000 0.210000
nan nan nan nan nan
0.950000 2.920000 5.140000 4.500000 0.290000
nan nan nan nan nan
nan nan nan nan nan
nan nan nan nan nan
nan nan nan nan nan
nan nan nan nan nan
nan nan nan nan nan
1.770000 2.490000 2.420000 1.200000 0.420000
nan nan nan nan nan
nan nan nan nan nan
nan nan nan nan nan
nan nan nan nan nan
nan nan nan nan nan
nan nan nan nan nan
nan nan nan nan nan
nan nan nan nan nan
nan nan nan nan nan
nan nan nan nan nan
nan nan nan nan nan
nan nan nan nan nan
nan nan nan nan nan
nan nan nan nan nan
nan nan nan nan nan
nan nan nan nan nan
nan nan nan nan nan
nan nan nan nan nan
nan nan nan nan nan
8.110000 7.430000 4.100000 2.040000 0.140000
nan nan nan nan nan
nan nan nan nan nan
nan nan nan nan nan
nan nan nan nan nan
nan nan nan nan nan
nan nan nan nan nan
nan nan nan nan nan
nan nan nan nan nan
nan nan nan nan nan
nan nan nan nan nan
nan nan nan nan nan
nan nan nan nan nan
nan nan nan nan nan
2.520000 3.410000 3.310000 1.550000 0.410000
nan nan nan nan nan
nan nan nan nan nan
nan nan nan nan nan
nan nan nan nan nan
nan nan nan nan nan
nan nan nan nan nan
nan nan nan nan nan
4.510000 0.450000 1.970000 1.540000 0.380000
3.920000 4.010000 3.870000 0.810000 0.310000
nan nan nan nan nan
nan nan nan nan nan
nan nan nan nan nan
nan nan nan nan nan
nan nan nan nan nan
nan nan nan nan nan
nan nan nan nan nan
nan nan nan nan nan
4.560000 3.820000 3.790000 2.040000 0.410000
nan nan nan nan nan
nan nan nan nan nan
nan nan nan nan nan
nan nan nan nan nan
nan nan nan nan nan
nan nan nan nan nan
nan nan nan nan nan
nan nan nan nan nan
0.910000 2.410000 2.600000 1.640000 0.120000
nan nan nan nan nan
1.240000 0.070000 1.470000 0.340000 0.340000
nan nan nan nan nan
nan nan nan nan nan
nan nan nan nan nan
nan nan nan nan nan
nan nan nan nan nan
nan nan nan nan nan
nan nan nan nan nan
nan nan nan nan nan
nan nan nan nan nan
nan nan nan nan nan
nan nan nan nan nan
nan nan nan nan nan
nan nan nan nan nan
nan nan nan nan nan
nan nan nan nan nan
nan nan nan nan nan
nan nan nan nan nan
nan nan nan nan nan
nan nan nan nan nan
nan nan nan nan nan
nan nan nan nan nan
1.660000 0.200000 0.030000 0.210000 0.360000
1.080000 0.690000 0.530000 0.700000 0.300000
nan nan nan nan nan
nan nan nan nan nan
nan nan nan nan nan
nan nan nan nan nan
nan nan nan nan nan
nan nan nan nan nan
nan nan nan nan nan
nan nan nan nan nan
nan nan nan nan nan
16.040000 13.230000 5.910000 3.120000 0.160000
nan nan nan nan nan
nan nan nan nan nan
nan nan nan nan nan
nan nan nan nan nan
nan nan nan nan nan
nan nan nan nan nan
51.480000 2.170000 1.830000 0.370000 0.350000
nan nan nan nan nan
nan nan nan nan nan
nan nan nan nan nan
nan nan nan nan nan
nan nan nan nan nan
nan nan nan nan nan
nan nan nan nan nan
nan nan nan nan nan
nan nan nan nan nan
nan nan nan nan nan
nan nan nan nan nan
nan nan nan nan nan
nan nan nan nan nan
nan nan nan nan nan
nan nan nan nan nan
nan nan nan nan nan
1.890000 2.340000 0.890000 0.770000 0.360000
2.800000 3.330000 3.200000 1.850000 0.130000
1.610000 3.510000 4.690000 2.330000 0.160000
nan nan nan nan nan
nan nan nan nan nan
nan nan nan nan nan
nan nan nan nan nan
nan nan nan nan nan
nan nan nan nan nan
nan nan nan nan nan
nan nan nan nan nan
nan nan nan nan nan
13.040000 9.870000 2.710000 2.050000 0.350000
nan nan nan nan nan
nan nan nan nan nan
nan nan nan nan nan
nan nan nan nan nan
nan nan nan nan nan
nan nan nan nan nan
nan nan nan nan nan
nan nan nan nan nan
51.110000 0.880000 0.800000 0.580000 0.180000
nan nan nan nan nan
nan nan nan nan nan
nan nan nan nan nan
nan nan nan nan nan
nan nan nan nan nan
nan nan nan nan nan
nan nan nan nan nan
nan nan nan nan nan
nan nan nan nan nan
nan nan nan nan nan
nan nan nan nan nan
nan nan nan nan nan
nan nan nan nan nan
nan nan nan nan nan
nan nan nan nan nan
nan nan nan nan nan
nan nan nan nan nan
nan nan nan nan nan
nan nan nan nan nan
nan nan nan nan nan
nan nan nan nan nan
65.210000 2.690000 2.520000 1.240000 0.410000
nan nan nan nan nan
nan nan nan nan nan
nan nan nan nan nan
nan nan nan nan nan
nan nan nan nan nan
nan nan nan nan nan
nan nan nan nan nan
19.740000 2.040000 0.130000 1.450000 0.360000
nan nan nan nan nan
nan nan nan nan nan
10.900000 8.650000 8.920000 0.970000 0.410000
nan nan nan nan nan
nan nan nan nan nan
nan nan nan nan nan
nan nan nan nan nan
nan nan nan nan nan
nan nan nan nan nan
nan nan nan nan nan
9.920000 2.650000 3.670000 2.700000 0.320000
nan nan nan nan nan
nan nan nan nan nan
3.880000 14.320000 2.360000 2.220000 0.160000
nan nan nan nan nan
nan nan nan nan nan
nan nan nan nan nan
32.400000 4.880000 3.550000 2.820000 0.230000
nan nan nan nan nan
nan nan nan nan nan
nan nan nan nan nan
nan nan nan nan nan
nan nan nan nan nan
nan nan nan nan nan
nan nan nan nan nan
nan nan nan nan nan
nan nan nan nan nan
nan nan nan nan nan
nan nan nan nan nan
98.650000 0.860000 0.770000 0.540000 0.150000
nan nan nan nan nan
nan nan nan nan nan
16.270000 0.150000 0.020000 0.170000 0.360000
24.740000 1.290000 1.160000 0.220000 0.340000
nan nan nan nan nan
nan nan nan nan nan
nan nan nan nan nan
nan nan nan nan nan
nan nan nan nan nan
nan nan nan nan nan
nan nan nan nan nan
13.320000 2.320000 2.730000 1.510000 0.380000
nan nan nan nan nan
nan nan nan nan nan
nan nan nan nan nan
nan nan nan nan nan
nan nan nan nan nan
nan nan nan nan nan
nan nan nan nan nan
nan nan nan nan nan
37.320000 1.040000 0.630000 0.800000 0.150000
nan nan nan nan nan
nan nan nan nan nan
nan nan nan nan nan
71.410000 1.030000 0.850000 0.600000 0.180000
nan nan nan nan nan
nan nan nan nan nan
nan nan nan nan nan
nan nan nan nan nan
nan nan nan nan nan
nan nan nan nan nan
nan nan nan nan nan
nan nan nan nan nan
nan nan nan nan nan
nan nan nan nan nan
nan nan nan nan nan
nan nan nan nan nan
nan nan nan nan nan
nan nan nan nan nan
nan nan nan nan nan
nan nan nan nan nan
nan nan nan nan nan
nan nan nan nan nan
nan nan nan nan nan
nan nan nan nan nan
nan nan nan nan nan
nan nan nan nan nan
nan nan nan nan nan
nan nan nan nan nan
nan nan nan nan nan
nan nan nan nan nan
nan nan nan nan nan
nan nan nan nan nan
nan nan nan nan nan
nan nan nan nan nan
nan nan nan nan nan
nan nan nan nan nan
nan nan nan nan nan
nan nan nan nan nan
206.230000 0.230000 0.060000 0.180000 0.350000
nan nan nan nan nan
nan nan nan nan nan
nan nan nan nan nan
nan nan nan nan nan
nan nan nan nan nan
nan nan nan nan nan
nan nan nan nan nan
nan nan nan nan nan
nan nan nan nan nan
nan nan nan nan nan
nan nan nan nan nan
nan nan nan nan nan
nan nan nan nan nan
nan nan nan nan nan
nan nan nan nan nan
nan nan nan nan nan
nan nan nan nan nan
nan nan nan nan nan
nan nan nan nan nan
nan nan nan nan nan
nan nan nan nan nan
nan nan nan nan nan
nan nan nan nan nan
nan nan nan nan nan
125.280000 0.950000 0.810000 0.560000 0.160000
nan nan nan nan nan
nan nan nan nan nan
nan nan nan nan nan
nan nan nan nan nan
7.770000 4.300000 0.270000 1.700000 0.380000
nan nan nan nan nan
nan nan nan nan nan
nan nan nan nan nan
nan nan nan nan nan
nan nan nan nan nan
nan nan nan nan nan
nan nan nan nan nan
nan nan nan nan nan
nan nan nan nan nan
nan nan nan nan nan
nan nan nan nan nan
nan nan nan nan nan
121.160000 0.390000 0.950000 0.510000 0.140000
nan nan nan nan nan
nan nan nan nan nan
nan nan nan nan nan
121.160000 0.390000 0.950000 0.510000 0.140000
nan nan nan nan nan
nan nan nan nan nan
nan nan nan nan nan
nan nan nan nan nan
nan nan nan nan nan
nan nan nan nan nan
nan nan nan nan nan
nan nan nan nan nan
nan nan nan nan nan
nan nan nan nan nan
nan nan nan nan nan
nan nan nan nan nan
nan nan nan nan nan
nan nan nan nan nan
nan nan nan nan nan
nan nan nan nan nan
nan nan nan nan nan
nan nan nan nan nan
nan nan nan nan nan
nan nan nan nan nan
nan nan nan nan nan
65.280000 0.140000 0.990000 0.810000 0.340000
nan nan nan nan nan
nan nan nan nan nan
nan nan nan nan nan
nan nan nan nan nan
nan nan nan nan nan
2.810000 2.600000 2.520000 1.810000 0.410000
nan nan nan nan nan
nan nan nan nan nan
nan nan nan nan nan
nan nan nan nan nan
nan nan nan nan nan
nan nan nan nan nan
nan nan nan nan nan
nan nan nan nan nan
nan nan nan nan nan
221.500000 2.660000 2.080000 0.710000 0.090000
nan nan nan nan nan
nan nan nan nan nan
nan nan nan nan nan
nan nan nan nan nan
nan nan nan nan nan
nan nan nan nan nan
nan nan nan nan nan
nan nan nan nan nan
nan nan nan nan nan
nan nan nan nan nan
nan nan nan nan nan
nan nan nan nan nan
nan nan nan nan nan
nan nan nan nan nan
nan nan nan nan nan
nan nan nan nan nan
nan nan nan nan nan
nan nan nan nan nan
nan nan nan nan nan
nan nan nan nan nan
nan nan nan nan nan
nan nan nan nan nan
nan nan nan nan nan
