0.843896
1.085954
0.711723
0.932932
0.916625
0.846782
0.743482
0.940551
0.820618
0.796873
1.003543
0.898230
0.997638
0.864118
0.983467
1.076718
0.997638
0.864118
0.789217
0.978574
0.934977
0.888327
0.813160
0.922464
0.914545
0.899748
0.837378
0.822248
0.820618
0.796873
0.885602
0.913348
0.835047
0.858953
0.975097
0.740349
0.784201
0.886417
0.748096
0.792900
0.916625
0.846782
0.965377
0.754039
0.802982
0.842118
0.760097
0.757015
0.916625
0.846782
0.958942
0.866948
0.837378
0.822248
0.766789
0.812139
0.802982
0.842118
0.885602
0.913348
0.914154
0.871761
0.904447
1.017341
0.896909
0.933139
1.081077
1.015536
0.840585
0.971434
0.882458
1.006750
0.860645
0.938314
1.012207
1.010218
0.902702
0.853964
0.767500
0.743863
0.831305
0.831623
1.044895
0.902922
0.876212
0.864959
0.892586
0.948613
0.911743
0.806560
0.840585
0.971434
0.855169
1.102576
0.838883
1.024075
0.992297
0.956327
1.016678
0.937766
0.857611
1.083864
1.023925
0.957327
0.867157
0.946890
0.923835
0.826989
1.044895
0.902922
0.893355
0.943691
0.855169
1.102576
0.812234
0.881143
1.016678
0.937766
1.016678
0.937766
1.009870
0.886373
20.486215
0.892752
1.069956
0.922899
0.918898
0.868906
0.958564
0.955002
1.011975
0.931421
0.940545
0.909180
0.889646
0.952259
0.953531
1.067567
0.815727
0.953882
1.048303
1.098976
0.816601
0.788190
1.084540
0.951794
1.018582
0.958762
0.961223
1.017059
1.017251
1.056062
1.048303
1.098976
1.065415
0.983624
0.930589
1.101515
1.009870
0.886373
0.902050
0.919407
1.035181
0.984854
1.030901
1.011113
0.932510
5.900725
1.083908
1.014503
1.083908
1.014503
1.010740
0.854550
1.012332
1.000997
0.902634
1.011788
0.895673
9.889162
0.903812
0.866148
0.899867
1.087487
7.737199
1.107020
1.119922
1.070108
1.073540
1.102467
1.085533
0.946144
1.057345
1.073788
1.009337
1.147720
2.866107
1.095339
1.087411
1.100972
1.013012
0.947361
3.159680
1.107020
292.681899
1.019885
1.093602
1.094687
1.059989
1.043620
1.032951
0.940274
1.045833
15.846898
1.104372
1.073025
1.062110
10.025792
1.022645
1.058148
0.997857
1.088878
1.030484
0.974870
16.388443
15.724460
1.088580
1.002916
0.899867
1.087487
1.096181
0.981467
1.080005
0.920280
1.052158
1.048412
1.098208
1.051429
1.089866
1.051917
1.134916
1.130140
1.107052
1.087349
1.069729
1.124053
1.119435
1.052875
1.053767
1.060408
1.053767
1.060408
8.300516
1.705188
1.411301
1.115405
0.966172
1.057839
1.097104
1.073275
8.652853
1.117329
1.117520
3.618849
0.999738
1.027459
1.105052
1.077400
1.100210
1.111539
1.410697
3.478433
1.053975
7.273759
1.067484
1.092653
5.629055
1.086351
1.097104
1.073275
8.251393
84.322242
1.799470
1.081039
1.027322
21.836191
0.951625
24.305269
1.027813
1.020125
1.101120
1.122428
1.072033
1.126065
1.601426
27.549583
12.175549
4.605706
1.105052
1.077400
1.110096
1.101813
1.052744
1.049714
1.051158
1.341180
1.030390
24.031469
4.589666
8.219492
4.238178
1.089780
13.109858
25.952141
14.959786
1.076016
6021.717615
16.537022
6021.717615
1.027122
1.050681
1.040730
1.076745
1.962231
1.078642
17.518219
1.017411
1.032852
1.046256
1.055977
1.066316
4.691255
1.056085
1.079418
1.120038
1.099118
1.070885
1.079212
3.999659
2.919391
18.053158
1.065979
1.254732
1.030285
1.830800
1.090323
1.229019
10.101354
8.884375
20.445987
1.090147
1.458855
1.200448
1.758980
4.966156
1.869462
1.050246
1.052013
9.001690
1.489619
1.856474
1.072028
15.188799
1.123928
1.850468
17.459386
1.042990
1.051291
7.831332
2.399121
1.025220
1.048140
2.618289
1.335031
1.066610
6.168201
2.333161
4.767333
1.036564
1.116668
17.262560
1.080457
12.433560
5.144517
1.102405
3.883440
1.103385
4.136538
1.100349
47.853349
3.525076
9.304874
1.056059
1.078173
1.128715
1.074570
4.730068
2.186994
1.446069
28.181063
1.185541
12.884839
1.098963
2.096507
9.259127
11.155634
3.529704
1.511653
1.388600
7.577490
49.283006
1.149848
16.239941
1.066351
14.704933
2.310537
1.993537
1.104797
1.092214
1.229668
2.830360
10.820732
31.238116
27.966640
3.222871
1.275623
14.750322
4.951766
1.222235
7.037932
5.783233
12.991715
12.067904
75.419768
7.098162
1.128741
1.075952
1.107169
1.552405
1.651504
1.220111
3.026785
14.908660
8.306203
3.986123
20.152491
1.131791
52.751877
1.656826
10.573559
7.715979
1.998317
1.056689
1.028998
4.008911
22.263131
11.551991
8.164101
5.431320
5.015411
7.265042
4.378915
2.281976
6.314899
9.116327
2.511225
9.202352
2.734438
225.295174
1.275623
1.118870
1.099706
1.052912
9.771495
9.770591
25.963987
8.349435
2.142288
2.258146
13.093262
2.549970
17.975575
1.074037
1.396541
1.096186
1.278972
11.508412
2.547868
26.500721
12.669636
818735.111522
1.037660
13.391402
2.792703
12.308130
1.194638
8.747838
1.105874
5.848486
1.872039
6.857568
4.286217
1.816391
1.100072
2.187418
4.688085
1.142819
24.614568
18.836965
5.489858
1.302370
1.051394
8.021234
1.058475
3.147124
1.233744
6.867024
1.326774
3.896570
1.105818
59.111655
1.093755
2.883256
2.043686
1.174114
2.227617
1.108500
2.287028
1.101727
1.262829
2.876635
1.551865
1.036304
1.025352
10.592640
1.117108
1.591894
55.392598
1.064862
1.117108
13.213635
1.726863
6.167626
11.962913
2.267480
7.691085
343.216072
1.073282
25.919660
10.844868
19.618021
1.056090
1.132107
1.104956
1.113473
1.146593
6.276072
1.309082
4.385004
11.949641
8.560604
11.472289
2.035974
1.106140
3.758890
1.111204
7.445066
3.449083
2.301391
2.644790
7.494021
5.032113
1.037286
5.445382
8.025375
1.844296
1.113753
1.094099
1.270965
5.138361
1.080723
2.735703
1.648553
2.110815
14.045125
27.036791
10.838021
3.432576
8.350433
14.611496
1.877733
1.062906
2.373267
2.048032
2.468668
11.965049
1.090295
10.334460
1.575324
7.389849
10.959417
1.462660
14.011965
9.527236
2.742339
7.349392
112.287275
12.510328
1.058031
6.646047
3.380364
1.035389
2.376184
1.595724
1.109217
1.227669
3.067055
1.300512
1.066388
7.475190
4.101057
3.433498
9.507872
1.102335
5.446760
11.455063
1.089485
11.404367
3.641530
1.035114
36.792978
1.058749
11.166924
4.565156
1.097438
8.663724
1.165131
1.108901
20.874847
5.486233
9.259827
1.147856
30.973954
1.198076
2.482022
1.193283
3.149245
1.124901
9.633280
10.423726
16.696613
18.121471
22.727743
7.173757
1.087587
3.094750
1.655514
6.108868
1.087587
1.900440
5.633975
3.017737
25.213225
11.957679
1.150037
11.830975
22.468227
46164.918357
19.723374
15.758385
17.288665
1.022408
21.833748
27.698955
6.501655
1.154034
2.252854
12.137129
1.063466
1.770051
1.056200
1.033768
10.392980
11.441483
4.871881
10.269016
1.091296
4.849228
1.291443
1.091856
8.868192
9.826216
3.311327
3.324694
2.040524
7.519495
1.163952
1.262328
1.484820
3.298698
6.353530
1.130426
2.185468
9.994133
5.607507
17.947781
1.254187
2.229850
12.222440
6.995803
2.303500
1.121523
1.045575
25.677113
319.255637
1.072300
6.141210
5.870187
1.168310
1.072300
