0.056897
0.064856
0.028624
0.066445
0.045979
0.049176
0.024045
0.061076
0.036784
0.053545
0.063227
0.037626
0.055227
0.036230
0.051601
0.057987
0.055227
0.036230
0.032397
0.043666
0.067241
0.041125
0.039421
0.060477
0.036307
0.054692
0.064798
0.038732
0.036784
0.053545
0.039693
0.065932
0.042362
0.062220
0.053016
0.015594
0.024070
0.053161
0.047516
0.083203
0.045979
0.049176
0.067572
0.017828
0.029420
0.066765
0.044645
0.039897
0.045979
0.049176
0.061594
0.032033
0.064798
0.038732
0.048440
0.084377
0.029420
0.066765
0.039693
0.065932
0.046878
0.060170
0.030300
0.068631
0.052917
0.075331
0.074110
0.048617
0.032279
0.071290
0.052943
0.081223
0.047289
0.078923
0.069086
0.053231
0.061481
0.082896
0.029685
0.068721
0.053021
0.084984
0.054545
0.042642
0.070801
0.050169
0.056930
0.083617
0.067050
0.045685
0.032279
0.071290
0.052750
0.109982
0.043564
0.058718
0.090239
0.055190
0.060545
0.061981
0.049414
0.106347
0.053331
0.088586
0.039468
0.089567
0.083319
0.069166
0.054545
0.042642
0.069328
0.092010
0.052750
0.109982
0.063821
0.111753
0.060545
0.061981
0.060545
0.061981
0.110520
0.091746
0.088975
0.060624
0.120504
0.065786
0.089780
0.062297
0.095382
0.083131
0.081541
0.109942
0.115834
0.052858
0.062895
0.082162
0.070269
0.107803
0.053037
0.096333
0.076033
0.071277
0.039342
0.091076
0.062150
0.079773
0.115402
0.068980
0.070869
0.097513
0.091328
0.070369
0.076033
0.071277
0.115833
0.051753
0.065508
0.140983
0.110520
0.091746
0.070460
0.112936
0.072414
0.056611
0.067703
0.098379
0.062754
0.104735
0.119807
0.073274
0.119807
0.073274
0.090458
0.067006
0.058308
0.091248
0.086292
0.150313
0.057717
0.077793
0.054959
0.127231
0.061792
0.158827
0.112327
0.114991
0.106084
0.099447
0.147845
0.136411
0.116739
0.084477
0.114444
0.122401
0.059899
0.132291
0.090342
0.136088
0.098034
0.139559
0.146226
0.091197
0.112327
0.114991
0.105427
0.154846
0.106365
0.160756
0.098219
0.150683
0.122656
0.030679
0.056207
0.127312
0.128459
0.144355
0.073228
0.166183
0.129646
0.076103
0.069835
0.136408
0.124414
0.129362
0.157354
0.093640
0.134499
0.064995
0.061792
0.158827
0.188917
0.090806
0.144864
0.045482
0.111637
0.112408
0.086968
0.111628
0.161959
0.072362
0.178260
0.178811
0.215340
0.111993
0.122180
0.156824
0.235233
0.143869
0.179623
0.138401
0.179623
0.138401
0.216873
0.180034
0.168105
0.187737
0.074663
0.228984
0.137645
0.195948
0.236587
0.129159
0.128749
0.277088
0.077253
0.178841
0.203242
0.063811
0.157736
0.161477
0.180547
0.239618
0.122131
0.152984
0.200575
0.098756
0.138278
0.221637
0.137645
0.195948
0.160216
0.216021
0.149243
0.139906
0.088033
0.185610
0.104290
0.189426
0.239641
0.081290
0.163901
0.118606
0.166307
0.291209
0.156794
0.157876
0.123278
0.205746
0.203242
0.063811
0.223733
0.203708
0.137947
0.199595
0.193461
0.151243
0.159995
0.195936
0.245744
0.326146
0.114616
0.320739
0.187867
0.288215
0.223204
0.161520
0.196384
0.210258
0.196384
0.210258
0.114625
0.291156
0.138145
0.301487
0.101665
0.311795
0.141919
0.257773
0.234785
0.058726
0.125575
0.362723
0.189164
0.314211
0.227904
0.118991
0.360916
0.173480
0.201844
0.296461
0.187335
0.225542
0.226697
0.282723
0.105150
0.243422
0.319185
0.205971
0.326369
0.110709
0.118173
0.303747
0.278912
0.173950
0.140066
0.317863
0.160028
0.275801
0.244664
0.188516
0.360530
0.356634
0.392474
0.234597
0.466032
0.293210
0.311054
0.239670
0.175357
0.253722
0.288077
0.359272
0.222477
0.323853
0.175717
0.383484
0.355410
0.221660
0.231457
0.209844
0.256666
0.376981
0.409523
0.108045
0.159426
0.460500
0.288126
0.504518
0.394387
0.179968
0.220843
0.246848
0.145806
0.370360
0.316544
0.264175
0.222767
0.201580
0.158261
0.377771
0.321012
0.094424
0.312516
0.351188
0.271776
0.273652
0.284495
0.259032
0.466032
0.293210
0.347561
0.171127
0.203778
0.249553
0.277317
0.373910
0.327269
0.158149
0.277317
0.373910
0.540795
0.534951
0.588712
0.351895
0.699048
0.439816
0.466581
0.359505
0.263035
0.380583
0.432115
0.538908
0.333716
0.485780
0.263576
0.575226
0.533115
0.332490
0.347186
0.314765
0.384999
0.565471
0.614285
0.162068
0.239139
0.690750
0.432188
0.756777
0.591580
0.269951
0.331265
0.370272
0.218709
0.555540
0.474816
0.396263
0.334150
0.302370
0.237391
0.566656
0.481518
0.141636
0.468774
0.526782
0.407664
0.410477
0.426743
0.388548
0.699048
0.439816
0.521342
0.256691
0.305667
0.374330
0.415976
0.560864
0.490903
0.237224
0.415976
0.560864
0.721059
0.713268
0.784949
0.469194
0.932064
0.586421
0.622108
0.479340
0.350714
0.507444
0.576154
0.718544
0.444955
0.647707
0.351434
0.766967
0.710820
0.443320
0.462914
0.419687
0.513332
0.753962
0.819046
0.216091
0.318853
0.921000
0.576251
1.009036
0.788774
0.359935
0.441686
0.493696
0.291612
0.740720
0.633087
0.528351
0.445534
0.403160
0.316521
0.755541
0.642024
0.188848
0.625032
0.702376
0.543552
0.547303
0.568990
0.518064
0.932064
0.586421
0.695122
0.342254
0.407555
0.499107
0.554635
0.747819
0.654537
0.316298
0.554635
0.747819
0.901324
0.891584
0.981186
0.586492
1.165080
0.733026
0.777635
0.599175
0.438392
0.634305
0.720192
0.898180
0.556193
0.809634
0.439293
0.958709
0.888525
0.554150
0.578643
0.524609
0.641665
0.942452
1.023808
0.270114
0.398566
1.151250
0.720314
1.261295
0.985967
0.449919
0.552108
0.617120
0.364515
0.925900
0.791359
0.660438
0.556917
0.503949
0.395651
0.944427
0.802530
0.236060
0.781290
0.877969
0.679440
0.684129
0.711238
0.647579
1.165080
0.733026
0.868903
0.427818
0.509444
0.623883
0.693293
0.934774
0.818172
0.395373
0.693293
0.934774
1.442119
1.426535
1.569898
0.938387
1.864129
1.172841
1.244216
0.958680
0.701427
1.014888
1.152308
1.437088
0.889909
1.295414
0.702868
1.533935
1.421639
0.886641
0.925829
0.839375
1.026664
1.507923
1.638093
0.432182
0.637705
1.842000
1.152502
2.018073
1.577547
0.719870
0.883373
0.987393
0.583224
1.481440
1.266175
1.056701
0.891067
0.806319
0.633042
1.511082
1.284047
0.377697
1.250064
1.404751
1.087104
1.094606
1.137980
1.036127
1.864129
1.172841
1.390244
0.684509
0.815111
0.998213
1.109269
1.495638
1.309075
0.632596
1.109269
1.495638
2.163178
2.139803
2.354847
1.407581
2.796193
1.759262
1.866324
1.438020
1.052141
1.522332
1.728462
2.155632
1.334864
1.943121
1.054302
2.300902
2.132459
1.329961
1.388743
1.259062
1.539996
2.261885
2.457139
0.648272
0.956558
2.763000
1.728753
3.027109
2.366321
1.079806
1.325059
1.481089
0.874836
2.222160
1.899262
1.585052
1.336601
1.209479
0.949563
2.266624
1.926071
0.566545
1.875095
2.107127
1.630657
1.641910
1.706971
1.554191
2.796193
1.759262
2.085367
1.026763
1.222666
1.497320
1.663904
2.243458
1.963612
0.948894
1.663904
2.243458
