0.037164
0.078615
0.022136
0.068236
0.049854
0.053045
0.020936
0.055674
0.038462
0.039707
0.062434
0.042154
0.054903
0.047031
0.068242
0.080368
0.054903
0.047031
0.037138
0.072167
0.061258
0.057663
0.037221
0.059061
0.057762
0.050985
0.044924
0.043716
0.038462
0.039707
0.049352
0.053593
0.040552
0.046461
0.067356
0.024635
0.032200
0.051394
0.026615
0.037703
0.049854
0.053045
0.063062
0.029708
0.038356
0.046514
0.037017
0.027787
0.049854
0.053045
0.063264
0.048234
0.044924
0.043716
0.030593
0.040292
0.038356
0.046514
0.049352
0.053593
0.056796
0.055998
0.053433
0.072166
0.052073
0.067732
0.071562
0.071502
0.041934
0.066705
0.048647
0.077872
0.046399
0.059448
0.071204
0.074953
0.056584
0.045126
0.027461
0.029181
0.035295
0.046326
0.066695
0.050437
0.053473
0.053698
0.048627
0.067207
0.052473
0.039776
0.041934
0.066705
0.039849
0.088259
0.046854
0.077585
0.075878
0.073249
0.071680
0.060808
0.049759
0.076969
0.072897
0.060579
0.051718
0.064031
0.063642
0.043587
0.066695
0.050437
0.050533
0.061726
0.039849
0.088259
0.038781
0.052777
0.071680
0.060808
0.071680
0.060808
0.080945
0.052537
0.075615
0.055392
0.088323
0.058226
0.057246
0.045137
0.071474
0.053241
0.075957
0.057190
0.058924
0.052757
0.052705
0.065830
0.064911
0.086779
0.037493
0.076970
0.088177
0.095581
0.038490
0.039284
0.079774
0.069773
0.076403
0.063860
0.068108
0.076408
0.079081
0.084587
0.088177
0.095581
0.089761
0.073241
0.060823
0.089232
0.080945
0.052537
0.048733
0.062191
0.077972
0.068941
0.080254
0.062478
0.065512
0.078821
0.081004
0.087237
0.081004
0.087237
0.072231
0.052542
0.072358
0.076831
0.057071
0.074812
0.056952
0.079937
0.053418
0.056148
0.060792
0.089174
0.086504
0.087080
0.078997
0.080186
0.085866
0.065812
0.081135
0.076520
0.092205
0.088891
0.070244
0.073780
0.069049
0.086839
0.082842
0.089969
0.071769
0.061606
0.086504
0.087080
7.701170
0.076587
0.078454
0.082883
0.086447
0.096318
0.081888
0.059224
0.082707
0.083975
0.086786
0.067050
0.092786
0.084125
0.082176
0.076657
0.069187
0.084751
0.077914
0.070610
0.071425
0.411070
0.088102
0.065952
0.060792
0.089174
0.082168
0.064313
0.095145
0.056747
0.089263
0.082338
0.079613
0.070134
0.066281
0.088026
0.063708
0.087443
0.080361
0.068835
0.092838
0.092132
0.083946
0.076702
0.068169
0.088101
0.068169
0.088101
0.076234
0.078898
0.080882
0.085683
0.067848
0.091159
0.086829
0.070649
0.099206
0.082254
0.085684
0.081918
0.070677
0.082572
0.097765
0.080075
0.083741
0.088445
0.080207
0.071781
0.078373
0.060166
0.073578
0.087329
0.072182
0.088273
0.086829
0.070649
0.096163
0.161255
0.088288
0.092356
0.081830
0.063641
0.062114
0.085200
0.086581
0.067594
0.086142
0.094119
0.091480
0.091960
0.083048
0.080785
0.108649
0.097819
0.097765
0.080075
0.097192
0.090810
0.092318
0.093880
0.073331
0.089475
0.070882
0.081513
0.092842
0.096482
0.087896
0.095980
0.090777
0.204327
0.096595
0.085417
14.649969
0.082639
14.649969
0.082639
0.077628
0.094297
0.068017
0.076645
0.081936
0.092931
0.066882
0.096179
0.075389
0.080997
0.075054
0.093793
0.083239
0.089392
0.088308
0.086862
0.088721
0.074638
0.107622
0.097967
0.087048
0.094195
0.085895
0.082030
0.069266
0.086395
0.075158
0.072578
0.085533
0.078802
0.091165
0.090595
0.093669
0.089893
0.097474
0.064630
0.077705
0.091273
0.079011
0.078016
0.092382
0.095224
0.087707
0.095422
0.090471
0.095235
0.090341
0.094920
0.084714
0.089761
0.084619
0.090931
0.083439
0.096087
0.080958
0.093837
0.082789
0.095050
0.095880
0.068659
0.090609
0.065654
0.093766
0.072342
0.079955
0.091454
0.071470
0.092073
0.091747
0.092668
0.089101
0.118448
0.084269
0.092887
0.085096
0.073783
0.089770
0.092215
0.083631
0.084932
0.094445
0.189317
0.097807
0.082584
0.090691
0.076736
0.099235
0.097136
0.090471
0.095235
1.320361
0.096922
0.074635
0.098920
0.230095
0.099911
0.099772
0.081425
0.102008
0.099911
0.094375
0.089863
0.085747
0.095677
0.163352
0.093849
0.098771
0.086059
0.097915
0.086985
0.088918
0.091032
0.097111
0.591295
0.085735
0.105359
0.099087
0.093303
0.092835
0.086861
0.063377
0.075816
0.097916
0.078180
0.136295
0.099366
0.088401
0.087132
0.081344
0.089087
0.097235
0.093139
0.091330
0.092441
0.094901
0.084560
0.095162
0.087741
0.096508
0.095943
0.097338
0.080095
0.085811
0.101239
0.090918
0.080990
0.083503
0.094978
5.111981
0.093849
0.096266
0.100037
0.095118
0.072031
0.079211
0.463795
0.084696
0.101079
0.079211
0.210230
0.097458
0.310901
0.095029
0.081810
0.094977
0.100111
0.093366
0.082366
0.468311
0.091749
108.463780
0.087768
0.499162
0.089353
0.098011
0.104910
0.086135
0.094104
0.096811
0.093229
0.086938
0.077858
0.097859
0.081104
0.096537
0.125797
0.096062
0.097287
0.581833
0.094889
0.094750
0.097913
0.089225
0.099877
0.095610
0.088570
0.096937
0.094523
0.086965
0.088790
0.185089
0.087675
0.098223
0.105606
0.095499
0.087121
0.093591
0.082297
0.094977
0.100111
0.096446
0.087936
0.098778
0.094491
0.085128
0.079012
0.089813
0.087851
0.085128
0.079012
0.099162
0.098651
0.099505
0.109287
0.098419
0.096518
0.191002
0.085490
0.095680
0.097869
0.094672
0.100135
0.097373
0.104037
0.103702
0.105106
0.079964
0.095625
0.099999
0.091425
0.136899
0.073081
0.100055
0.097775
0.094467
0.086122
0.100992
0.099031
0.082952
0.082188
0.107918
0.080199
0.097566
0.096666
0.100212
0.095776
0.098338
0.101356
0.089337
0.096881
0.096667
0.088878
0.096128
0.108491
0.095458
0.101932
0.112811
0.088082
0.098419
0.149977
0.099208
0.096714
0.088214
0.110102
0.091142
0.100651
0.094115
0.093708
0.091142
0.100098
0.089841
0.084603
0.094467
0.102201
0.102229
0.084213
1.951518
0.077608
0.100323
0.100478
0.105998
0.097936
0.098560
0.089656
0.109325
0.111602
0.099334
0.094491
0.079250
0.097716
0.113903
0.095017
0.105669
0.103092
0.094997
0.099633
0.088841
0.100286
0.088478
0.095941
0.135080
0.073378
0.094150
0.074232
0.089306
0.100327
0.100101
0.090091
0.100954
0.096158
0.081574
0.097988
0.098470
0.092649
0.097002
0.088978
0.087632
0.098940
0.165042
0.084213
0.103647
0.128613
0.097888
0.072757
0.095713
0.102149
0.088486
0.098723
0.095713
0.102149
0.094867
0.146035
0.090893
0.102702
0.096799
0.244344
0.095028
909.884612
0.096024
0.097097
0.094838
0.089567
0.111648
0.082901
0.092086
0.099476
0.096610
0.095013
0.081745
0.085960
0.091902
0.077018
0.110002
0.097115
0.142578
0.096032
0.078109
0.078752
0.094915
0.092745
0.079123
0.079830
0.087239
0.101589
0.093461
0.109351
0.097327
0.098507
0.092512
0.102802
0.093477
0.103907
0.096973
0.088779
0.095786
0.651142
0.096748
0.088214
0.096799
0.092801
0.091281
0.090103
0.092738
1.003825
0.121595
0.078044
0.097849
0.131120
0.098463
0.078044
