0.000979
0.000419
0.001247
0.001192
0.000600
0.000926
0.000921
0.001068
0.001555
0.000524
0.000585
0.000687
0.000471
0.000934
0.001361
0.000627
0.000826
0.001978
0.001105
0.001291
0.001330
0.000643
0.001064
0.001414
0.000740
0.001092
0.001359
0.000562
0.000695
0.000645
0.001928
0.000571
0.001502
0.001714
0.001171
0.000808
0.001674
0.000605
0.001465
0.000644
0.001116
0.001234
0.001280
0.001738
0.000993
0.001040
0.002465
0.000936
0.001812
0.002386
0.001374
0.001769
0.001019
0.000949
0.001897
0.000578
0.000348
0.002203
0.001625
0.001068
0.002264
0.002389
0.002135
0.002526
0.000973
0.001100
0.001880
0.001879
0.001007
0.002183
0.001731
0.001076
0.001008
0.002266
0.000850
0.001584
0.001351
0.001963
0.001169
0.001215
0.002297
0.000675
0.001051
0.001557
0.000899
0.002278
0.001675
0.000751
0.001878
0.002754
0.001356
0.002315
0.001444
0.000873
0.002138
0.001137
0.001041
0.002221
0.000833
0.002022
0.002463
0.001139
0.001996
0.001405
0.003791
0.002719
0.001944
0.001049
0.002530
0.001401
0.001391
0.002370
0.001253
0.002066
0.001707
0.003380
0.001330
0.001236
0.003973
0.001503
0.002323
0.001980
0.001528
0.002502
0.001594
0.002311
0.001660
0.003482
0.000868
0.002392
0.000772
0.003260
0.003718
0.001074
0.002515
0.002320
0.002204
0.003417
0.000901
0.004394
0.001712
0.002652
0.005260
0.004236
0.001584
0.003891
0.002209
0.002179
0.002647
0.003375
0.004372
0.004620
0.006943
0.007695
0.004378
0.001321
0.001735
0.003062
0.003397
0.003191
0.001819
0.008051
0.009595
0.003800
0.005920
0.004932
0.002238
0.005091
0.003302
0.006257
0.004284
0.002957
0.001637
0.004099
0.004034
0.000891
0.004686
0.003174
0.003844
0.002196
0.002490
0.004493
0.001854
0.004664
0.002445
0.003814
0.002236
0.004869
0.003989
0.003296
0.002041
0.003074
0.003186
0.005955
0.001973
0.004684
0.002631
0.006164
0.004747
0.006603
0.005124
0.001760
0.004745
0.003548
0.006300
0.005579
0.003514
0.007756
0.004393
0.005211
0.006652
0.002963
0.002270
0.004984
0.003988
0.005529
0.005045
0.003208
0.003785
0.008781
0.004800
0.006153
0.004734
0.006425
0.006537
0.004571
0.003688
0.006269
0.003480
0.004527
0.006516
0.004961
0.017435
0.003884
0.004833
0.002102
0.004071
0.003347
0.007283
0.002838
0.002048
0.010676
0.009537
0.002091
0.006146
0.003201
0.005281
0.003681
0.007142
0.003177
0.009045
0.002533
0.005032
0.004933
0.005749
0.005135
0.007204
0.009037
0.005638
0.005700
0.008234
0.004801
0.008137
0.005308
0.009078
0.011855
0.004887
0.005585
0.011472
0.005338
0.006469
0.014437
0.006521
0.010530
0.002188
0.007309
0.005926
0.007465
0.008331
0.003255
0.009743
0.003168
0.002290
0.010184
0.004295
0.010501
0.003827
0.009211
0.003872
0.017842
0.008296
0.010744
0.010856
0.013413
0.014362
0.025554
0.009054
0.004563
0.013563
0.006151
0.015298
0.007750
0.004632
0.009952
0.002387
0.010276
0.009981
0.015928
0.011425
0.020531
0.006637
0.010704
0.040039
0.004026
0.012045
0.005279
0.004410
0.009946
0.005388
0.003999
0.006117
0.010506
0.013963
0.011362
0.015179
0.009743
0.013210
0.003645
0.014644
0.017680
0.019913
0.034317
0.007418
0.024357
0.008951
0.044711
0.009131
0.011404
0.035943
0.010478
0.004121
0.015087
0.008687
0.011230
0.009044
0.013365
0.009161
0.010619
0.029575
0.012945
0.018407
0.006695
0.003112
0.015907
0.019863
0.026033
0.017860
0.054223
0.012707
0.018144
0.024914
0.005198
0.015641
0.009004
0.006909
0.011172
0.014373
0.012668
0.011515
0.016697
0.029409
0.018122
0.043655
0.017814
0.023915
0.005141
0.022861
0.030385
0.015371
0.046974
0.012696
0.031785
0.021642
0.116253
0.010188
0.013522
556360.423375
0.024607
0.006230
0.031295
0.018669
0.022134
0.018828
0.023345
0.010670
0.015399
0.024158
0.015741
0.029280
0.007867
0.004795
0.029260
0.015620
0.053065
0.028598
0.089304
0.024894
0.021918
0.016942
0.012300
0.026671
0.009512
0.009110
0.023037
0.027277
0.048149
0.024020
0.020183
0.025210
0.022740
0.030149
0.026248
0.030521
0.005947
0.030683
0.023390
0.010425
0.068379
0.017018
0.031433
142515.714058
0.046152
0.015730
0.038976
0.198848
0.038616
0.009281
0.061815
0.028043
0.036897
0.039018
0.037644
0.011203
0.030531
0.016754
0.025424
0.044796
0.011380
0.006293
0.043304
0.053903
535621.496501
0.058222
0.707147
0.056699
0.036521
0.287559
0.015460
0.012969
0.011586
0.009685
0.039268
0.020856
0.037082
0.037804
0.027770
0.027733
0.027657
0.046322
0.036378
0.039012
0.007301
0.044086
0.036708
0.024846
0.054738
0.030133
158167.969852
1.014983
0.335167
0.026596
0.039245
0.286339
0.042985
0.012604
0.286689
0.037009
0.051651
0.038416
0.044539
0.015919
0.049135
0.023461
0.015836
0.051267
0.020975
