0.001720
0.000906
0.002094
0.002094
0.000939
0.001822
0.002111
0.001996
0.002289
0.001162
0.001143
0.001418
0.001027
0.001452
0.002321
0.001333
0.001687
0.002817
0.002470
0.001257
0.002379
0.001018
0.001503
0.001749
0.001220
0.001423
0.001972
0.001547
0.001334
0.001427
0.002572
0.000761
0.002180
0.002720
0.002073
0.001399
0.002684
0.000951
0.002156
0.001644
0.001800
0.001799
0.002213
0.001730
0.001638
0.002140
0.002982
0.001549
0.002752
0.003050
0.002878
0.003197
0.001825
0.001936
0.003243
0.001241
0.000554
0.003065
0.002482
0.002032
0.003626
0.003515
0.002643
0.003578
0.001400
0.001512
0.002870
0.002749
0.001618
0.003165
0.002369
0.002018
0.001923
0.003489
0.001404
0.002228
0.002075
0.002739
0.002162
0.001697
0.002840
0.001592
0.001909
0.002073
0.001852
0.002971
0.002698
0.001569
0.002968
0.003023
0.002249
0.002992
0.001929
0.001595
0.003528
0.001886
0.001831
0.003411
0.001768
0.002970
0.003852
0.001914
0.002337
0.002257
0.003734
0.003244
0.002797
0.001705
0.004119
0.002350
0.002567
0.003711
0.002192
0.002439
0.003269
0.002875
0.002180
0.002183
0.004212
0.002573
0.003564
0.002726
0.002533
0.003163
0.002499
0.003885
0.002850
0.003698
0.001406
0.003875
0.001720
0.005012
0.003743
0.002062
0.004129
0.002912
0.003407
0.004095
0.001843
0.004908
0.002449
0.003493
0.005559
0.003978
0.002428
0.005190
0.003375
0.002987
0.004007
0.004502
0.005789
0.005241
0.006559
0.007047
0.005407
0.002309
0.002673
0.005483
0.004734
0.004401
0.002104
0.005235
0.004416
0.005560
0.004678
0.005819
0.003898
0.005705
0.003621
0.005754
0.005297
0.002555
0.002348
0.005641
0.006005
0.001793
0.005532
0.004570
0.006015
0.003245
0.003367
0.004363
0.002377
0.004789
0.003815
0.005080
0.002528
0.005518
0.004273
0.005017
0.003309
0.005262
0.004433
0.005549
0.003502
0.004876
0.003561
0.004811
0.004829
0.006632
0.004996
0.002387
0.004165
0.004247
0.005535
0.006514
0.004842
0.007798
0.005395
0.007131
0.006848
0.004497
0.003340
0.007688
0.005058
0.007069
0.006678
0.003659
0.005688
0.006050
0.006421
0.006052
0.008001
0.005328
0.007445
0.005369
0.003967
0.006440
0.004976
0.006838
0.006928
0.005393
0.009157
0.003755
0.007579
0.003671
0.007141
0.005700
0.006117
0.003287
0.003391
0.010446
0.006692
0.003264
0.006469
0.004032
0.006176
0.005778
0.008451
0.004814
0.009818
0.004509
0.006581
0.004939
0.007801
0.004223
0.007111
0.007272
0.007217
0.006700
0.008671
0.005997
0.008805
0.006772
0.006976
0.008091
0.005276
0.009599
0.008042
0.008337
0.010161
0.009813
0.007271
0.009091
0.002950
0.010809
0.006774
0.006850
0.007711
0.004169
0.010461
0.005177
0.003630
0.008694
0.005917
0.011630
0.004065
0.009548
0.005297
0.008026
0.006695
0.008882
0.007471
0.008256
0.008351
0.008942
0.007169
0.006787
0.009477
0.004145
0.009898
0.006181
0.005656
0.008157
0.004046
0.010489
0.008475
0.011764
0.006307
0.011230
0.009727
0.006200
0.018622
0.004744
0.008275
0.007430
0.006003
0.011120
0.006777
0.006804
0.008602
0.010458
0.009787
0.008545
0.009774
0.008515
0.009011
0.005917
0.011472
0.011279
0.010808
0.011724
0.006498
0.009828
0.009701
0.015890
0.007140
0.010637
0.013195
0.007223
0.006333
0.014610
0.006367
0.011957
0.005282
0.012328
0.006638
0.013415
0.012439
0.008825
0.008820
0.008496
0.004466
0.012493
0.010197
0.010471
0.012216
0.017012
0.012588
0.010766
0.019075
0.006689
0.011316
0.008168
0.008716
0.014567
0.010982
0.008147
0.010575
0.013310
0.013103
0.010835
0.023200
0.012354
0.013222
0.008111
0.011770
0.016239
0.011786
0.016103
0.006787
0.012241
0.013310
0.029871
0.009256
0.014570
0.287284
0.009373
0.006974
0.022340
0.010162
0.014183
0.009500
0.013032
0.010149
0.015760
0.012551
0.013840
0.013856
0.010794
0.005781
0.015137
0.011238
0.014056
0.014402
0.027948
0.015953
0.012973
0.013351
0.008119
0.011942
0.011561
0.009103
0.018835
0.015010
0.018670
0.009731
0.014387
0.013394
0.014798
0.017598
0.014232
0.016743
0.008932
0.015866
0.014679
0.013260
0.020907
0.008667
0.011585
0.245552
0.020892
0.014177
0.015083
0.039349
0.015317
0.009092
0.030014
0.014215
0.013798
0.013019
0.013641
0.012215
0.016206
0.010700
0.017635
0.019905
0.009593
0.007835
0.017431
0.017655
2.176381
0.019686
0.076040
0.019239
0.016573
0.048719
0.011391
0.013768
0.013899
0.009405
0.022117
0.016939
0.019500
0.013164
0.013479
0.014027
0.014566
0.020245
0.014322
0.019947
0.009525
0.018024
0.018026
0.016281
0.020886
0.012077
0.104796
0.146467
0.048281
0.013487
0.020694
0.039855
0.019057
0.009722
0.047833
0.017936
0.018331
0.015495
0.015623
0.017078
0.016396
0.018597
0.011317
0.024186
0.011780
