0.001207 0.001022 0.001355 0.000925 0.000609 0.000320
0.000294 0.000337 0.000525 0.000468 0.000392 0.000223
0.001365 0.001080 0.001927 0.002181 0.001065 0.000440
0.001511 0.001509 0.002015 0.001472 0.000726 0.000343
0.000418 0.000411 0.000601 0.000780 0.000768 0.000380
0.001154 0.001080 0.001457 0.000944 0.000584 0.000314
0.001221 0.001343 0.001950 0.001428 0.000717 0.000332
0.001291 0.001282 0.001847 0.001240 0.000628 0.000305
0.001777 0.001628 0.002152 0.001545 0.000742 0.000355
0.000581 0.000514 0.000688 0.000557 0.000434 0.000241
0.000607 0.000556 0.000693 0.000513 0.000441 0.000253
0.000822 0.000685 0.000898 0.000676 0.000542 0.000287
0.000502 0.000454 0.000599 0.000464 0.000366 0.000204
0.001081 0.000825 0.000949 0.000640 0.000462 0.000243
0.001620 0.001643 0.002464 0.001835 0.001050 0.000461
0.000724 0.000637 0.000817 0.000585 0.000433 0.000233
0.001013 0.000845 0.001291 0.000970 0.000626 0.000307
0.002371 0.002104 0.003062 0.002261 0.000879 0.000382
0.001335 0.001563 0.002374 0.002187 0.001055 0.000464
0.001296 0.000598 0.000944 0.000917 0.000761 0.000396
0.001704 0.001718 0.002284 0.001545 0.000961 0.000433
0.000645 0.000535 0.000645 0.000589 0.000505 0.000292
0.001023 0.000582 0.001040 0.001291 0.001310 0.000628
0.001469 0.000867 0.001425 0.001897 0.002028 0.001045
0.000682 0.000525 0.000729 0.000690 0.000639 0.000342
0.001144 0.000960 0.001085 0.000904 0.000782 0.000398
0.001545 0.001126 0.001524 0.001471 0.001064 0.000462
0.000633 0.000649 0.001005 0.000860 0.000645 0.000331
0.000832 0.000666 0.000811 0.000558 0.000419 0.000229
0.000709 0.000685 0.000981 0.000724 0.000504 0.000261
0.002128 0.001831 0.002159 0.003305 0.002235 0.001031
0.000365 0.000300 0.000435 0.000549 0.000606 0.000353
0.001874 0.001705 0.002036 0.001334 0.000757 0.000350
0.002069 0.002089 0.002953 0.002067 0.000931 0.000405
0.001461 0.001378 0.001862 0.001363 0.000751 0.000354
0.000891 0.000607 0.000819 0.000771 0.000649 0.000337
0.001967 0.001715 0.002758 0.002479 0.001369 0.000501
0.000527 0.000410 0.000513 0.000756 0.000737 0.000381
0.001830 0.001690 0.002027 0.001731 0.000968 0.000425
0.000694 0.000745 0.001112 0.001127 0.000922 0.000431
0.001336 0.001193 0.001497 0.000939 0.000636 0.000326
0.001510 0.001204 0.001460 0.000861 0.000599 0.000299
0.001588 0.001611 0.002146 0.001444 0.000746 0.000362
0.001874 0.001324 0.001239 0.001232 0.000908 0.000415
0.001093 0.000792 0.001205 0.000848 0.000736 0.000378
0.001238 0.001307 0.001814 0.001648 0.000939 0.000470
0.002903 0.002470 0.003296 0.002201 0.001174 0.000477
0.001175 0.001003 0.001133 0.000718 0.000560 0.000302
0.002173 0.002100 0.002953 0.002245 0.000862 0.000423
0.002805 0.002397 0.003493 0.002513 0.001140 0.000453
0.001748 0.002009 0.003138 0.003115 0.001633 0.000503
0.002131 0.002420 0.003711 0.002837 0.001223 0.000588
0.001275 0.001183 0.001541 0.000908 0.000565 0.000288
0.001123 0.001166 0.001750 0.001246 0.000653 0.000313
0.002137 0.002411 0.003682 0.002937 0.001100 0.000418
0.000566 0.000608 0.000843 0.000646 0.000547 0.000304
0.000251 0.000243 0.000297 0.000249 0.000269 0.000164
0.002595 0.002542 0.003347 0.002296 0.000900 0.000395
0.001872 0.001750 0.002548 0.001831 0.000857 0.000389
0.001325 0.001248 0.001918 0.001514 0.000821 0.000376
0.002709 0.002800 0.004075 0.003428 0.001602 0.000524
0.002777 0.002847 0.003897 0.002939 0.001234 0.000452
0.002485 0.002088 0.002659 0.001984 0.000868 0.000381
0.003060 0.003005 0.004205 0.003154 0.001411 0.000486
0.001147 0.000734 0.000972 0.000697 0.000500 0.000263
0.001250 0.000950 0.000994 0.000607 0.000518 0.000277
0.002219 0.002360 0.003194 0.002013 0.000910 0.000399
0.002211 0.002281 0.002970 0.001741 0.000781 0.000354
0.001218 0.000940 0.001223 0.000784 0.000554 0.000281
0.002678 0.002685 0.003564 0.002366 0.001011 0.000428
0.002114 0.001877 0.002278 0.001219 0.000715 0.000348
0.001268 0.001258 0.001746 0.001200 0.000660 0.000314
0.001235 0.001053 0.001609 0.001286 0.000737 0.000353
0.002792 0.002853 0.003942 0.003055 0.001262 0.000465
0.000944 0.000689 0.000922 0.000642 0.000457 0.000250
0.001845 0.001719 0.002077 0.001106 0.000579 0.000293
0.001619 0.001472 0.001905 0.001388 0.000828 0.000398
0.002279 0.002281 0.002892 0.002018 0.000841 0.000366
0.001429 0.001297 0.001902 0.001512 0.000782 0.000363
0.001402 0.000824 0.001283 0.001029 0.000804 0.000385
0.002740 0.002462 0.003085 0.001996 0.000878 0.000412
0.000812 0.000770 0.001151 0.000891 0.000620 0.000309
0.001310 0.001200 0.001570 0.000985 0.000633 0.000320
0.001738 0.001459 0.001839 0.001244 0.000723 0.000363
0.001148 0.001100 0.001552 0.001153 0.000833 0.000405
0.002761 0.002588 0.003257 0.002251 0.001161 0.000482
0.001941 0.001982 0.002766 0.002028 0.000842 0.000360
0.000903 0.000820 0.001159 0.000762 0.000524 0.000265
0.002296 0.002346 0.003195 0.002217 0.000872 0.000376
0.003143 0.002675 0.003180 0.002212 0.000931 0.000395
0.001727 0.001679 0.002158 0.001490 0.000773 0.000354
0.002763 0.002417 0.003073 0.002216 0.000953 0.000407
0.001682 0.001523 0.001660 0.000847 0.000647 0.000353
0.001080 0.000912 0.001129 0.000693 0.000495 0.000288
0.002479 0.002402 0.003636 0.003936 0.002251 0.000775
0.001397 0.001174 0.001606 0.001098 0.000606 0.000298
0.001253 0.001152 0.001509 0.000905 0.000588 0.000320
0.002650 0.002761 0.003925 0.002923 0.001210 0.000454
0.001058 0.001020 0.001389 0.001119 0.000644 0.000321
0.002235 0.002304 0.003227 0.002340 0.000893 0.000375
0.002942 0.003134 0.004435 0.003669 0.001620 0.000509
0.001358 0.001252 0.001609 0.001031 0.000599 0.000294
0.002349 0.001877 0.002002 0.001050 0.000600 0.000304
0.001678 0.001263 0.001902 0.001765 0.001009 0.000458
0.003552 0.002774 0.003262 0.004614 0.003612 0.001603
0.003105 0.002748 0.003668 0.002613 0.001062 0.000436
0.002204 0.002143 0.002948 0.002208 0.000933 0.000392
0.001197 0.001005 0.001307 0.000750 0.000509 0.000265
0.003021 0.003386 0.005257 0.003740 0.001244 0.000441
0.001775 0.001739 0.002311 0.001505 0.000662 0.000313
0.001708 0.001573 0.002657 0.002392 0.001048 0.000431
0.002891 0.002986 0.004174 0.003404 0.001691 0.000640
0.001419 0.001251 0.002198 0.001899 0.000842 0.000371
0.002327 0.001716 0.002219 0.001739 0.001230 0.000600
0.001883 0.002113 0.003427 0.003227 0.001976 0.000913
0.003232 0.002361 0.002693 0.002408 0.001889 0.000907
0.001549 0.001617 0.002162 0.001318 0.000643 0.000304
0.001421 0.001360 0.001980 0.001535 0.001486 0.000708
0.003860 0.003426 0.005129 0.004036 0.001469 0.000461
0.001711 0.001515 0.002714 0.002659 0.001297 0.000465
0.002803 0.002782 0.004084 0.003249 0.001218 0.000432
0.002373 0.002255 0.002945 0.001926 0.000865 0.000404
0.001926 0.001896 0.002566 0.001933 0.000910 0.000390
0.002963 0.002550 0.003374 0.002439 0.001135 0.000451
0.001852 0.001910 0.002819 0.002069 0.000889 0.000407
0.002845 0.002904 0.004393 0.004005 0.001727 0.000505
0.002091 0.002165 0.002961 0.002157 0.000874 0.000397
0.003423 0.003213 0.004317 0.002795 0.000951 0.000435
0.000972 0.000805 0.000980 0.000632 0.000540 0.000289
0.002900 0.003226 0.004726 0.003500 0.001540 0.000521
0.000896 0.000824 0.001351 0.001062 0.000831 0.000400
0.003615 0.004368 0.006635 0.005152 0.002225 0.000730
0.003838 0.003469 0.004441 0.003005 0.001089 0.000436
0.001249 0.001260 0.001870 0.001571 0.000833 0.000370
0.003089 0.003327 0.005158 0.003833 0.001387 0.000496
0.002577 0.002309 0.003067 0.002328 0.001094 0.000442
0.002509 0.002700 0.003866 0.002885 0.001042 0.000407
0.003547 0.003375 0.004744 0.003567 0.001394 0.000461
0.001093 0.001018 0.001535 0.001349 0.000759 0.000364
0.004843 0.005022 0.006542 0.004057 0.001646 0.000548
0.002099 0.001936 0.002373 0.001446 0.000665 0.000309
0.003007 0.002865 0.003975 0.002792 0.000997 0.000407
0.005348 0.005899 0.007980 0.005548 0.002027 0.000612
0.004103 0.003645 0.004378 0.002980 0.001196 0.000449
0.001983 0.001902 0.002416 0.001938 0.000865 0.000372
0.004752 0.005423 0.007274 0.005122 0.002061 0.000678
0.002505 0.002497 0.004018 0.003608 0.001620 0.000547
0.002350 0.002002 0.003035 0.003579 0.001967 0.000706
0.002991 0.003002 0.004782 0.004076 0.001922 0.000640
0.003572 0.003799 0.005534 0.004151 0.001904 0.000614
0.005385 0.006272 0.008357 0.005708 0.002419 0.000899
0.005476 0.005965 0.007338 0.004939 0.001825 0.000588
0.007379 0.007927 0.009166 0.007416 0.003135 0.000986
0.008048 0.008607 0.010861 0.007354 0.002304 0.000830
0.005242 0.005809 0.007468 0.005621 0.002457 0.000856
0.001548 0.001532 0.002295 0.001738 0.000744 0.000331
0.002133 0.002085 0.002900 0.002005 0.000862 0.000398
0.004219 0.005511 0.008077 0.005756 0.003011 0.001281
0.003403 0.003204 0.005354 0.005764 0.003964 0.001792
0.003312 0.003344 0.004989 0.004856 0.002991 0.001152
0.002053 0.001707 0.001762 0.001409 0.001082 0.000471
0.006084 0.005109 0.006238 0.006642 0.004294 0.002061
0.007005 0.004683 0.003976 0.007649 0.007843 0.004707
0.004446 0.005271 0.007663 0.005711 0.002194 0.000884
0.004885 0.004279 0.005441 0.005007 0.002585 0.001249
0.003976 0.003233 0.007301 0.008293 0.005532 0.002524
0.002711 0.002997 0.004427 0.003674 0.001504 0.000475
0.005847 0.006407 0.008184 0.005262 0.002063 0.000714
0.003560 0.003176 0.003870 0.003076 0.001629 0.000586
0.005972 0.006374 0.008148 0.005339 0.001828 0.000530
0.004765 0.005616 0.007318 0.005804 0.002477 0.000818
0.003187 0.002429 0.002178 0.001612 0.001032 0.000485
0.001894 0.001586 0.002242 0.001761 0.000990 0.000446
0.004316 0.005368 0.008176 0.006235 0.002810 0.000970
0.005064 0.006489 0.009440 0.006765 0.002143 0.000623
0.001120 0.001037 0.001453 0.001055 0.000700 0.000339
0.005737 0.006418 0.008164 0.005318 0.002003 0.000736
0.003618 0.004051 0.005772 0.004282 0.001967 0.000870
0.003737 0.003648 0.008530 0.009499 0.004953 0.002281
0.002466 0.002226 0.003668 0.003372 0.001780 0.000700
0.002829 0.002767 0.003676 0.003348 0.001560 0.000480
0.004369 0.004047 0.005237 0.003993 0.001572 0.000490
0.002088 0.001907 0.002308 0.001585 0.000978 0.000451
0.004272 0.004339 0.006200 0.004985 0.002127 0.000693
0.002989 0.002967 0.004454 0.004021 0.001867 0.000571
0.004188 0.004620 0.006993 0.005509 0.002088 0.000628
0.002503 0.001833 0.002879 0.002336 0.001671 0.000647
0.005302 0.005558 0.007363 0.005772 0.002917 0.001034
0.003806 0.003619 0.005689 0.004610 0.002202 0.000830
0.004123 0.005026 0.007018 0.004984 0.002239 0.000770
0.002334 0.002390 0.003811 0.003258 0.001250 0.000440
0.003317 0.004491 0.007166 0.005984 0.003033 0.001162
0.003333 0.003819 0.006162 0.003989 0.001877 0.000695
0.006145 0.006250 0.007491 0.004851 0.001706 0.000500
0.002468 0.002688 0.004019 0.003213 0.001250 0.000444
0.004510 0.004186 0.006294 0.006208 0.003493 0.001353
0.003102 0.002928 0.004759 0.003842 0.002343 0.001018
0.004780 0.004874 0.006715 0.006199 0.005849 0.003421
0.004670 0.004495 0.006360 0.006108 0.003777 0.001492
0.005574 0.007060 0.009884 0.008128 0.007747 0.003967
0.004857 0.004755 0.006288 0.006067 0.003203 0.001233
0.001983 0.001694 0.002169 0.001677 0.001515 0.000769
0.004004 0.003613 0.004668 0.004373 0.002718 0.001100
0.003467 0.003242 0.004598 0.004937 0.002939 0.001146
0.006648 0.006880 0.008331 0.006683 0.002733 0.001124
0.005954 0.006132 0.008769 0.008695 0.004882 0.001886
0.003772 0.004047 0.006294 0.005290 0.002477 0.000901
0.006806 0.006785 0.012641 0.012237 0.004788 0.001891
0.004699 0.005354 0.007035 0.005322 0.002277 0.000761
0.006062 0.007598 0.010964 0.009245 0.003308 0.001045
0.006968 0.008257 0.010507 0.006869 0.002963 0.001104
0.003411 0.003812 0.005918 0.004595 0.002005 0.000631
0.002683 0.002520 0.003705 0.003078 0.001649 0.000555
0.004772 0.007335 0.012396 0.010692 0.005503 0.002797
0.004701 0.005287 0.006982 0.004937 0.002087 0.000727
0.005863 0.006746 0.010497 0.009927 0.003759 0.001105
0.005679 0.006107 0.009046 0.011847 0.007144 0.003008
0.003284 0.003083 0.004364 0.004327 0.002670 0.001257
0.004208 0.005132 0.008101 0.006774 0.003382 0.001245
0.007760 0.007416 0.008643 0.004837 0.001999 0.000675
0.005951 0.007238 0.009561 0.006897 0.002966 0.001259
0.005855 0.006488 0.008444 0.006547 0.003184 0.001184
0.005371 0.007520 0.011943 0.011627 0.005584 0.002229
0.006115 0.005913 0.007346 0.005688 0.002506 0.001196
0.007371 0.008879 0.011935 0.008231 0.002724 0.000853
0.004964 0.005335 0.006936 0.005274 0.002285 0.000865
0.003838 0.003518 0.004529 0.003962 0.001791 0.000554
0.007127 0.007703 0.009353 0.006209 0.003346 0.001450
0.003343 0.003420 0.006133 0.007152 0.004939 0.002149
0.003825 0.005186 0.010576 0.010175 0.004408 0.002034
0.007536 0.008603 0.010031 0.008117 0.003112 0.001081
0.005435 0.005774 0.007328 0.004772 0.001771 0.000578
0.011859 0.011294 0.013303 0.009684 0.003812 0.001398
0.003926 0.003452 0.003952 0.003322 0.003096 0.001487
0.005894 0.008406 0.012784 0.010245 0.004027 0.001786
0.002715 0.002957 0.004393 0.003921 0.002315 0.000853
0.005234 0.007119 0.011153 0.009406 0.003496 0.001232
0.004126 0.005365 0.008065 0.006911 0.003556 0.001442
0.007207 0.007265 0.008684 0.004789 0.001573 0.000486
0.002927 0.002733 0.003547 0.002352 0.000982 0.000451
0.002403 0.002592 0.003671 0.003468 0.001785 0.000597
0.011221 0.013224 0.017621 0.013402 0.004412 0.001556
0.008519 0.008281 0.009944 0.005391 0.002377 0.000872
0.002541 0.002631 0.003921 0.002949 0.001232 0.000433
0.006961 0.007824 0.009866 0.006384 0.002862 0.001116
0.003383 0.003499 0.004992 0.003778 0.001531 0.000498
0.005772 0.006921 0.009630 0.008836 0.003851 0.001244
0.003639 0.004373 0.007703 0.006973 0.004737 0.002669
0.007520 0.009409 0.014162 0.011117 0.003998 0.001695
0.003359 0.003652 0.006036 0.004882 0.002707 0.000979
0.009078 0.009773 0.013974 0.016182 0.008976 0.004328
0.003131 0.003283 0.005132 0.005192 0.003789 0.002057
0.004305 0.003849 0.009858 0.011201 0.007156 0.003030
0.004300 0.002922 0.005776 0.007844 0.005919 0.002744
0.006308 0.008426 0.011852 0.009666 0.006085 0.002925
0.004169 0.003199 0.003945 0.005199 0.004430 0.002196
0.007586 0.007988 0.010252 0.007727 0.002846 0.001015
0.008564 0.008507 0.010296 0.007100 0.002857 0.000939
0.006313 0.007301 0.010923 0.009414 0.003492 0.001078
0.006811 0.008291 0.010404 0.008361 0.003303 0.001391
0.008605 0.009499 0.012528 0.011639 0.005531 0.002112
0.004458 0.005378 0.008867 0.008516 0.004039 0.001647
0.007222 0.007957 0.014299 0.015635 0.008364 0.002875
0.005205 0.006800 0.010610 0.010067 0.004780 0.001860
0.007247 0.007545 0.009434 0.007690 0.004114 0.001806
0.011026 0.010564 0.011664 0.008660 0.004597 0.002356
0.004100 0.004292 0.007201 0.006845 0.004247 0.002040
0.007572 0.009701 0.015349 0.013335 0.005821 0.002711
0.008013 0.006509 0.012054 0.012964 0.009730 0.004272
0.004306 0.003514 0.012959 0.015691 0.011330 0.004434
0.007705 0.009052 0.014832 0.016920 0.010354 0.003607
0.012966 0.012848 0.015103 0.010696 0.005337 0.002656
0.006296 0.006287 0.009812 0.011066 0.007070 0.003091
0.009256 0.009342 0.014535 0.013155 0.004715 0.001435
0.002620 0.002390 0.003102 0.002214 0.001573 0.000689
0.009507 0.012182 0.018158 0.015708 0.005087 0.001621
0.006532 0.007900 0.010572 0.009885 0.004953 0.002014
0.006153 0.006471 0.009847 0.008165 0.004447 0.002946
0.006831 0.007468 0.013772 0.014991 0.006035 0.001737
0.003436 0.003597 0.005380 0.003721 0.001924 0.000779
0.009378 0.011240 0.017930 0.016820 0.005980 0.002409
0.003583 0.004512 0.006526 0.006678 0.004016 0.001764
0.002737 0.002746 0.004003 0.003537 0.002218 0.001323
0.008293 0.007904 0.014865 0.018050 0.011164 0.004469
0.005550 0.006590 0.008768 0.006020 0.002965 0.001136
0.010753 0.013312 0.020315 0.018530 0.006289 0.002239
0.003893 0.003321 0.004674 0.004312 0.002489 0.000926
0.004237 0.007509 0.016344 0.016528 0.008717 0.004023
0.003741 0.003984 0.007181 0.006410 0.004012 0.002995
0.012175 0.010754 0.009087 0.004818 0.003312 0.001760
0.006881 0.006800 0.009186 0.007130 0.004036 0.001685
0.010361 0.010573 0.012649 0.010559 0.004853 0.001847
0.009192 0.008854 0.011331 0.006763 0.003469 0.001482
0.010060 0.009417 0.012345 0.011769 0.005213 0.001792
0.010373 0.011351 0.012096 0.009546 0.004143 0.001843
0.014465 0.012205 0.010533 0.008712 0.004272 0.001464
0.007880 0.008584 0.010503 0.009518 0.004057 0.001433
0.004952 0.006433 0.010132 0.010790 0.004417 0.001865
0.012593 0.012767 0.014439 0.008320 0.002916 0.000976
0.004900 0.004014 0.004078 0.002818 0.001304 0.000540
0.011571 0.011474 0.014450 0.014153 0.006048 0.001880
0.006254 0.005917 0.007682 0.006169 0.004557 0.002286
0.004844 0.005985 0.008311 0.006686 0.003733 0.001906
0.008414 0.007964 0.013616 0.015017 0.007382 0.002806
0.002777 0.002834 0.004254 0.004732 0.003282 0.001958
0.009281 0.009736 0.016838 0.023150 0.016751 0.006049
0.008898 0.009249 0.012276 0.012465 0.006495 0.002611
0.014469 0.015826 0.019561 0.015725 0.004629 0.001636
0.008426 0.007735 0.008741 0.007477 0.004763 0.002051
0.017119 0.016076 0.016629 0.011499 0.006041 0.003358
0.007865 0.009440 0.015964 0.016450 0.007657 0.003754
0.007834 0.006133 0.008247 0.010072 0.006806 0.003757
0.025311 0.024141 0.027661 0.021424 0.005256 0.001852
0.004010 0.003649 0.006076 0.005076 0.002221 0.000837
0.010445 0.011014 0.012917 0.012232 0.005423 0.001805
0.005870 0.008018 0.012268 0.010676 0.003420 0.001615
0.003926 0.003556 0.008500 0.008970 0.007406 0.005028
0.009613 0.010964 0.018366 0.020668 0.011578 0.003353
0.006436 0.007727 0.010320 0.008909 0.003491 0.001147
0.004135 0.005825 0.010198 0.010073 0.004195 0.001409
0.005535 0.007669 0.014279 0.013900 0.005355 0.001816
0.010374 0.012237 0.017762 0.015279 0.005256 0.002155
0.012810 0.012699 0.014276 0.011266 0.004929 0.002946
0.010779 0.011124 0.012382 0.009405 0.003237 0.001271
0.012516 0.012815 0.015170 0.010227 0.003718 0.001139
0.010403 0.011164 0.012957 0.009012 0.005200 0.002380
0.010218 0.011267 0.014845 0.013996 0.006086 0.002246
0.004371 0.005695 0.009002 0.007385 0.003380 0.001121
0.013769 0.014369 0.017996 0.014573 0.004973 0.001877
0.015556 0.016602 0.016626 0.015609 0.009862 0.004090
0.014502 0.013374 0.015613 0.015903 0.006703 0.002925
0.016802 0.014734 0.015233 0.008997 0.005202 0.002393
0.005970 0.005630 0.009105 0.009256 0.004708 0.002450
0.015311 0.013772 0.012698 0.006592 0.002795 0.001449
0.009490 0.011508 0.015703 0.014330 0.006783 0.002677
0.024546 0.021585 0.019158 0.013196 0.004740 0.001518
0.007501 0.007246 0.009042 0.009883 0.004958 0.002853
0.011589 0.012667 0.016302 0.015076 0.005977 0.002025
0.021567 0.017745 0.016044 0.009919 0.003398 0.001174
0.008359 0.008222 0.009653 0.008267 0.004824 0.002276
0.005422 0.007103 0.009519 0.007565 0.003546 0.001529
0.014170 0.017068 0.025724 0.023815 0.007815 0.002857
0.006153 0.005700 0.009464 0.008887 0.005025 0.002594
0.011943 0.013926 0.019713 0.015841 0.006026 0.002549
0.006999 0.006115 0.008027 0.006536 0.005038 0.002309
0.013674 0.015737 0.020388 0.014899 0.005483 0.002327
0.008413 0.007986 0.011482 0.010069 0.003557 0.001491
0.011846 0.014796 0.022918 0.020565 0.006862 0.002675
0.019485 0.018324 0.017382 0.008431 0.002216 0.000679
0.011659 0.012306 0.013483 0.009049 0.003584 0.001330
0.013150 0.012394 0.012875 0.007479 0.003446 0.001435
0.005349 0.008083 0.014352 0.013508 0.004853 0.001787
0.003414 0.002971 0.005851 0.006413 0.005203 0.003078
0.010558 0.010703 0.021920 0.029837 0.023523 0.011845
0.014798 0.013201 0.013673 0.013412 0.006818 0.003403
0.014872 0.013019 0.014667 0.010484 0.005513 0.002302
0.014258 0.013847 0.018020 0.016567 0.006254 0.002526
0.027301 0.021985 0.022130 0.015928 0.005769 0.002436
0.012141 0.013599 0.019306 0.021325 0.011907 0.005438
0.013853 0.013482 0.012534 0.013707 0.012399 0.005908
0.019286 0.021562 0.035585 0.032607 0.009288 0.002473
0.005218 0.007072 0.010602 0.008742 0.003601 0.001465
0.013362 0.014360 0.017422 0.018697 0.011247 0.003822
0.008134 0.009369 0.013301 0.014457 0.006335 0.002890
0.004826 0.006239 0.015146 0.015439 0.010808 0.006194
0.007001 0.008178 0.023628 0.027496 0.020030 0.007478
0.013105 0.013671 0.017411 0.015239 0.006066 0.002111
0.011080 0.010989 0.012597 0.015239 0.007659 0.002544
0.007829 0.008644 0.018866 0.020557 0.009188 0.002978
0.013762 0.015710 0.023822 0.022260 0.007211 0.003014
0.019251 0.018118 0.017826 0.011869 0.004935 0.003085
0.014812 0.014310 0.016610 0.012855 0.004833 0.002196
0.030495 0.030598 0.037563 0.027655 0.006754 0.002787
0.016344 0.017650 0.021217 0.013656 0.003764 0.001363
0.016172 0.016944 0.021116 0.016353 0.009062 0.003831
0.005306 0.007509 0.013350 0.013261 0.005332 0.001641
0.010639 0.011703 0.018664 0.026338 0.009724 0.003582
0.021096 0.021531 0.024135 0.018458 0.012828 0.005778
0.011528 0.014275 0.022383 0.022870 0.011973 0.004403
0.021876 0.019306 0.022102 0.018989 0.006790 0.002806
0.009574 0.009740 0.009220 0.006410 0.003766 0.001884
0.016154 0.015740 0.018109 0.012661 0.003472 0.001328
0.013804 0.014712 0.020986 0.017363 0.005737 0.002785
0.040577 0.031971 0.030895 0.021594 0.007600 0.002401
0.008913 0.009384 0.012473 0.014310 0.010991 0.006327
0.014378 0.017021 0.025353 0.023114 0.008473 0.002684
0.095657 0.869256 0.332758 0.070624 0.065649 0.045604
0.015881 0.013710 0.010569 0.005729 0.004398 0.002767
0.005486 0.005656 0.010023 0.011050 0.006619 0.002746
0.019891 0.022239 0.039090 0.037886 0.015849 0.005130
0.011888 0.010180 0.014239 0.012664 0.009065 0.004220
0.015423 0.017226 0.024910 0.020081 0.005739 0.001381
0.013905 0.013126 0.011776 0.006771 0.007056 0.004590
0.015694 0.016938 0.024801 0.019440 0.005341 0.001670
0.011106 0.012604 0.014418 0.012458 0.008250 0.004285
0.014158 0.017054 0.028979 0.027451 0.008222 0.002431
0.019516 0.018606 0.019666 0.019118 0.006933 0.001865
0.015228 0.016760 0.020175 0.019262 0.008689 0.003400
0.019999 0.019425 0.018461 0.013792 0.006896 0.002834
0.008228 0.010002 0.018570 0.018706 0.007920 0.003459
0.004537 0.004304 0.008278 0.009406 0.005362 0.002506
0.013759 0.014714 0.026912 0.027995 0.016195 0.006792
0.012950 0.014642 0.018158 0.012592 0.007290 0.005442
0.022566 0.019708 0.017388 0.008944 0.002860 0.001057
0.020615 0.019944 0.021050 0.016937 0.006913 0.002940
0.037893 0.031787 0.033426 0.026192 0.008752 0.003795
0.019663 0.020544 0.023810 0.024653 0.016210 0.007071
0.016524 0.016763 0.016687 0.014695 0.014751 0.007555
0.014615 0.016465 0.022665 0.018900 0.005710 0.002306
0.010250 0.010754 0.012635 0.007655 0.003232 0.001473
0.011962 0.015508 0.023983 0.031293 0.006889 0.003269
0.009778 0.012443 0.019816 0.017153 0.008502 0.004301
0.006087 0.004251 0.015735 0.018637 0.018037 0.010435
0.012409 0.010398 0.029300 0.034513 0.024858 0.012197
0.020269 0.019767 0.023067 0.020278 0.009224 0.003009
0.027570 0.025779 0.025272 0.019199 0.006514 0.002139
0.014693 0.012890 0.017869 0.020827 0.009968 0.003648
0.013090 0.015401 0.026365 0.027065 0.010559 0.003205
0.019186 0.018269 0.021225 0.014443 0.003902 0.002640
0.018454 0.018457 0.022843 0.019906 0.008807 0.004033
0.020824 0.022639 0.030648 0.025851 0.009099 0.003644
0.019403 0.020515 0.024683 0.015966 0.005668 0.002842
0.019788 0.021172 0.026830 0.023346 0.006901 0.002734
0.005246 0.007633 0.015034 0.017178 0.008314 0.002441
0.015542 0.013734 0.022700 0.024164 0.013941 0.005650
0.015204 0.015274 0.024261 0.023065 0.015103 0.008450
0.008258 0.010824 0.019818 0.020959 0.017477 0.005256
0.027500 0.024542 0.024732 0.025534 0.014654 0.005404
0.011387 0.011451 0.012381 0.009153 0.006006 0.003267
0.020244 0.013808 0.011198 0.005773 0.002411 0.000751
0.079076 1.074207 0.322542 0.036273 0.079411 0.065171
0.026879 0.025239 0.028274 0.027350 0.007462 0.002466
0.012813 0.013724 0.019752 0.019493 0.015361 0.009075
0.021347 0.020760 0.022883 0.019734 0.006762 0.002493
0.058755 0.036945 0.033057 0.020887 0.005300 0.002888
0.024038 0.021976 0.017616 0.010094 0.007556 0.004680
0.006929 0.005101 0.013506 0.015656 0.011368 0.005366
0.026531 0.023430 0.042993 0.041368 0.019298 0.006012
0.016799 0.014537 0.019410 0.017357 0.012160 0.004987
0.023190 0.020805 0.024522 0.019396 0.005988 0.001629
0.028130 0.019525 0.017354 0.011955 0.004447 0.001554
0.023059 0.021058 0.023058 0.016404 0.005926 0.002342
0.011874 0.014169 0.017728 0.017180 0.010615 0.005484
0.019751 0.018671 0.031813 0.029314 0.009062 0.002386
0.013351 0.013249 0.023534 0.012304 0.004813 0.001627
0.021848 0.022781 0.025008 0.022949 0.012430 0.005143
0.028252 0.026889 0.027200 0.019578 0.007248 0.002524
0.010457 0.011289 0.017850 0.022098 0.014267 0.005252
0.006084 0.006138 0.011015 0.012483 0.008243 0.003683
0.019132 0.017688 0.027208 0.029434 0.018859 0.008159
0.026351 0.021805 0.022714 0.017538 0.011132 0.007596
1.178336 0.480369 0.341828 0.153732 0.130256 0.097266
0.025864 0.020894 0.022729 0.015552 0.005488 0.003154
0.051549 0.101579 0.093790 0.072406 0.063586 0.051066
0.028228 0.023808 0.023613 0.025057 0.013106 0.003813
0.019054 0.014995 0.015288 0.015818 0.014006 0.006665
0.026770 0.022036 0.037066 0.036565 0.012521 0.003361
0.013470 0.014910 0.018198 0.015305 0.005863 0.002603
0.010696 0.012553 0.021464 0.021163 0.009076 0.004340
0.012182 0.015065 0.023532 0.026374 0.007444 0.003138
0.005238 0.005556 0.017055 0.020136 0.016786 0.006858
0.017066 0.013041 0.031372 0.037537 0.026967 0.014604
0.018908 0.020432 0.026865 0.022907 0.011137 0.003734
0.025365 0.024722 0.027756 0.022012 0.005960 0.001742
0.021281 0.017133 0.015591 0.017550 0.008176 0.003679
0.019390 0.019218 0.025950 0.028917 0.012707 0.004276
0.019640 0.019036 0.023664 0.016790 0.004857 0.001971
0.016066 0.016424 0.019659 0.019506 0.009536 0.006942
0.023768 0.023232 0.033015 0.029208 0.009565 0.002920
0.020601 0.021609 0.024453 0.015319 0.007236 0.003631
0.022775 0.023629 0.030598 0.029092 0.009875 0.003503
0.005432 0.007919 0.016526 0.020306 0.012200 0.003918
0.019882 0.011888 0.020492 0.021626 0.017129 0.008107
0.019796 0.018287 0.028185 0.025963 0.016484 0.008892
0.013745 0.014564 0.020557 0.021309 0.013470 0.005052
0.032421 0.029268 0.024846 0.021599 0.011381 0.004620
0.016555 0.014995 0.016492 0.012659 0.009761 0.005512
0.041203 0.033251 0.036281 0.032308 0.028726 0.023614
0.024219 0.035778 0.039525 0.029367 0.025318 0.020427
0.044341 0.023194 0.017012 0.008727 0.006229 0.003051
0.016180 0.015497 0.017782 0.019856 0.015767 0.006958
0.026697 0.026551 0.030351 0.023700 0.007653 0.003876
0.051342 0.024088 0.018692 0.009647 0.007484 0.003878
0.026551 0.025915 0.025449 0.016317 0.009792 0.006108
0.008930 0.005255 0.014124 0.015946 0.014890 0.007786
0.028363 0.017679 0.035330 0.038207 0.021892 0.007137
0.021427 0.018647 0.024103 0.021521 0.011712 0.005796
0.029600 0.025306 0.022269 0.017461 0.005802 0.001775
0.024073 0.023255 0.022146 0.020612 0.007884 0.003243
0.025023 0.022839 0.024887 0.018481 0.006853 0.002872
0.014421 0.017486 0.027781 0.026770 0.014832 0.007100
0.025803 0.021829 0.030928 0.023789 0.007426 0.002766
0.017233 0.019485 0.031713 0.034484 0.009745 0.003067
0.011654 0.010669 0.017691 0.020803 0.014956 0.005944
0.032988 0.032543 0.036571 0.024583 0.009788 0.003198
0.015827 0.015689 0.017671 0.022008 0.015887 0.006181
