0.001212 0.001203 0.001337 0.001288 0.001056 0.000653
0.000657 0.000704 0.000910 0.000869 0.000782 0.000497
0.001219 0.001226 0.001576 0.001810 0.001587 0.000840
0.001362 0.001403 0.001540 0.001530 0.001215 0.000694
0.000795 0.000792 0.000982 0.001061 0.001208 0.000738
0.001203 0.001228 0.001366 0.001271 0.001024 0.000642
0.001253 0.001335 0.001542 0.001495 0.001212 0.000677
0.001264 0.001320 0.001518 0.001425 0.001077 0.000632
0.001494 0.001448 0.001618 0.001553 0.001243 0.000708
0.000896 0.000897 0.001027 0.000940 0.000827 0.000518
0.000931 0.000935 0.001018 0.000900 0.000814 0.000545
0.001038 0.001055 0.001161 0.001066 0.000937 0.000598
0.000848 0.000843 0.000942 0.000851 0.000730 0.000466
0.001179 0.001135 0.001167 0.001048 0.000871 0.000535
0.001363 0.001464 0.001727 0.001683 0.001582 0.000882
0.000990 0.001011 0.001131 0.001000 0.000836 0.000514
0.001128 0.001127 0.001319 0.001314 0.001072 0.000638
0.001689 0.001646 0.001917 0.001812 0.001402 0.000749
0.001331 0.001429 0.001732 0.001735 0.001586 0.000891
0.001215 0.000982 0.001185 0.001281 0.001270 0.000809
0.001454 0.001482 0.001661 0.001526 0.001487 0.000836
0.000942 0.000919 0.000978 0.000965 0.000875 0.000588
0.001087 0.000956 0.001291 0.001402 0.001674 0.001074
0.001299 0.001147 0.001378 0.001642 0.002218 0.001292
0.000942 0.000910 0.001090 0.001101 0.001033 0.000697
0.001199 0.001194 0.001215 0.001226 0.001260 0.000772
0.001310 0.001263 0.001406 0.001544 0.001595 0.000918
0.000935 0.001008 0.001244 0.001238 0.001101 0.000667
0.001038 0.001040 0.001118 0.000966 0.000802 0.000502
0.001007 0.001040 0.001190 0.001136 0.000906 0.000545
0.001593 0.001540 0.001704 0.002819 0.002689 0.001276
0.000731 0.000662 0.000827 0.000936 0.001030 0.000687
0.001500 0.001487 0.001536 0.001477 0.001263 0.000701
0.001575 0.001635 0.001876 0.001752 0.001458 0.000781
0.001350 0.001356 0.001519 0.001483 0.001253 0.000705
0.001041 0.000988 0.001160 0.001175 0.001095 0.000665
0.001512 0.001486 0.001829 0.001895 0.001745 0.000967
0.000870 0.000794 0.000897 0.001116 0.001225 0.000741
0.001487 0.001483 0.001561 0.001648 0.001504 0.000810
0.001014 0.001085 0.001270 0.001398 0.001448 0.000814
0.001309 0.001291 0.001372 0.001272 0.001085 0.000662
0.001332 0.001290 0.001368 0.001255 0.001023 0.000626
0.001402 0.001446 0.001582 0.001479 0.001244 0.000718
0.001473 0.001327 0.001294 0.001441 0.001418 0.000803
0.001174 0.001107 0.001279 0.001244 0.001175 0.000723
0.001291 0.001329 0.001537 0.001551 0.001461 0.000930
0.001860 0.001791 0.001981 0.001736 0.001607 0.000918
0.001206 0.001207 0.001223 0.001126 0.000966 0.000623
0.001615 0.001632 0.001837 0.001810 0.001406 0.000800
0.001824 0.001739 0.001999 0.001882 0.001586 0.000878
0.001473 0.001597 0.001892 0.002520 0.001852 0.000977
0.001650 0.001753 0.002070 0.001916 0.001664 0.001057
0.001254 0.001271 0.001379 0.001249 0.001007 0.000607
0.001236 0.001282 0.001498 0.001441 0.001101 0.000626
0.001666 0.001751 0.002072 0.001960 0.001568 0.000788
0.000901 0.000968 0.001121 0.001042 0.000967 0.000612
0.000592 0.000580 0.000665 0.000594 0.000603 0.000400
0.001835 0.001814 0.001992 0.001823 0.001428 0.000761
0.001542 0.001500 0.001756 0.001653 0.001378 0.000759
0.001269 0.001304 0.001547 0.001552 0.001335 0.000732
0.001859 0.001889 0.002553 0.002525 0.001782 0.000981
0.001944 0.001924 0.002516 0.002224 0.001682 0.000881
0.001722 0.001632 0.001777 0.001728 0.001394 0.000747
0.001983 0.001964 0.002934 0.002488 0.001761 0.000936
0.001164 0.001096 0.001181 0.001104 0.000907 0.000566
0.001254 0.001186 0.001182 0.000984 0.000916 0.000584
0.001722 0.001739 0.001947 0.001732 0.001429 0.000770
0.001720 0.001713 0.001873 0.001618 0.001281 0.000704
0.001206 0.001175 0.001280 0.001200 0.000976 0.000596
0.001838 0.001848 0.002001 0.001781 0.001520 0.000814
0.001595 0.001563 0.001644 0.001391 0.001190 0.000699
0.001296 0.001316 0.001491 0.001420 0.001103 0.000635
0.001224 0.001222 0.001444 0.001461 0.001234 0.000702
0.001895 0.001907 0.002491 0.002382 0.001691 0.000893
0.001114 0.001060 0.001158 0.001055 0.000874 0.000545
0.001543 0.001497 0.001586 0.001362 0.001020 0.000614
0.001426 0.001405 0.001530 0.001463 0.001332 0.000765
0.001739 0.001722 0.001857 0.001667 0.001359 0.000724
0.001303 0.001318 0.001547 0.001506 0.001281 0.000712
0.001253 0.001120 0.001313 0.001340 0.001254 0.000754
0.001813 0.001781 0.001905 0.001664 0.001391 0.000785
0.001034 0.001092 0.001259 0.001273 0.001071 0.000638
0.001276 0.001284 0.001396 0.001284 0.001078 0.000647
0.001462 0.001388 0.001479 0.001440 0.001201 0.000696
0.001204 0.001237 0.001417 0.001398 0.001323 0.000769
0.001850 0.001820 0.001960 0.001814 0.001648 0.000933
0.001584 0.001596 0.001822 0.001734 0.001360 0.000719
0.001103 0.001123 0.001257 0.001181 0.000949 0.000573
0.001694 0.001726 0.001905 0.001748 0.001398 0.000740
0.001950 0.001828 0.001941 0.001795 0.001461 0.000768
0.001452 0.001470 0.001621 0.001535 0.001281 0.000711
0.001830 0.001755 0.001868 0.001749 0.001486 0.000783
0.001464 0.001424 0.001433 0.001247 0.001086 0.000683
0.001162 0.001161 0.001240 0.001113 0.000919 0.000604
0.001792 0.001752 0.002207 0.003625 0.002733 0.001126
0.001296 0.001273 0.001424 0.001330 0.001048 0.000624
0.001240 0.001258 0.001371 0.001248 0.000982 0.000650
0.001849 0.001871 0.002305 0.001988 0.001665 0.000867
0.001164 0.001204 0.001366 0.001385 0.001081 0.000636
0.001669 0.001713 0.001921 0.001777 0.001412 0.000731
0.002005 0.002015 0.003159 0.002797 0.001773 0.000970
0.001317 0.001298 0.001408 0.001307 0.001041 0.000616
0.001671 0.001565 0.001542 0.001317 0.001025 0.000612
0.001401 0.001330 0.001575 0.001596 0.001539 0.000873
0.002049 0.001849 0.002063 0.004616 0.004714 0.001452
0.001930 0.001872 0.002171 0.001936 0.001592 0.000832
0.001699 0.001654 0.001878 0.001800 0.001466 0.000763
0.001235 0.001207 0.001315 0.001181 0.000932 0.000568
0.002027 0.002105 0.003833 0.002855 0.001639 0.000816
0.001474 0.001499 0.001640 0.001490 0.001135 0.000647
0.001432 0.001432 0.001809 0.001876 0.001579 0.000866
0.001935 0.001956 0.002716 0.002809 0.001897 0.001073
0.001284 0.001305 0.001651 0.001695 0.001379 0.000728
0.001637 0.001472 0.001662 0.001648 0.001636 0.001051
0.001542 0.001642 0.002041 0.002616 0.002299 0.001231
0.001938 0.001695 0.001787 0.001791 0.002214 0.001216
0.001433 0.001459 0.001623 0.001455 0.001107 0.000635
0.001358 0.001358 0.001570 0.001542 0.001740 0.001118
0.002162 0.002127 0.004041 0.003600 0.001781 0.000888
0.001382 0.001400 0.001857 0.001968 0.001707 0.000905
0.001888 0.001893 0.002801 0.002649 0.001670 0.000811
0.001694 0.001692 0.001823 0.001700 0.001374 0.000776
0.001534 0.001556 0.001757 0.001707 0.001445 0.000760
0.001893 0.001801 0.001958 0.001884 0.001631 0.000863
0.001554 0.001584 0.001853 0.001758 0.001423 0.000793
0.001910 0.001925 0.003022 0.003255 0.001816 0.000971
0.001621 0.001670 0.001841 0.001713 0.001392 0.000758
0.002134 0.002038 0.002822 0.001897 0.001492 0.000819
0.001136 0.001119 0.001192 0.001048 0.000939 0.000602
0.001993 0.002058 0.003623 0.002926 0.001823 0.000980
0.001063 0.001116 0.001357 0.001366 0.001335 0.000760
0.002336 0.003109 0.005282 0.005079 0.002680 0.001112
0.002425 0.002083 0.003226 0.002265 0.001604 0.000833
0.001276 0.001299 0.001509 0.001571 0.001359 0.000732
0.002028 0.002076 0.003774 0.002951 0.001754 0.000947
0.001807 0.001719 0.001876 0.001765 0.001560 0.000851
0.001828 0.001861 0.002491 0.002126 0.001579 0.000781
0.002165 0.002106 0.003564 0.002894 0.001715 0.000879
0.001196 0.001201 0.001452 0.001442 0.001259 0.000717
0.003931 0.003791 0.004758 0.003224 0.001820 0.001000
0.001607 0.001572 0.001692 0.001496 0.001134 0.000643
0.001986 0.001920 0.002362 0.001940 0.001511 0.000782
0.003992 0.004429 0.006321 0.005507 0.002384 0.001018
0.002875 0.002143 0.002854 0.002256 0.001661 0.000856
0.001566 0.001558 0.001706 0.001710 0.001398 0.000733
0.003527 0.003989 0.005570 0.004952 0.002466 0.001065
0.001813 0.001797 0.002713 0.003115 0.001844 0.001005
0.001668 0.001602 0.002018 0.003131 0.002195 0.001105
0.002006 0.001959 0.003583 0.003362 0.001952 0.001055
0.002270 0.002568 0.004375 0.003786 0.002234 0.001036
0.004471 0.004864 0.006459 0.005438 0.002628 0.001211
0.004076 0.004598 0.005763 0.004652 0.002054 0.001023
0.006463 0.006490 0.007359 0.007339 0.003937 0.001170
0.006823 0.007242 0.008932 0.007117 0.002818 0.001144
0.004064 0.004417 0.005687 0.005342 0.002764 0.001149
0.001414 0.001411 0.001661 0.001574 0.001250 0.000673
0.001608 0.001634 0.001854 0.001720 0.001383 0.000764
0.002845 0.004192 0.006672 0.005878 0.003843 0.001346
0.002130 0.002029 0.004418 0.006200 0.005182 0.001512
0.002125 0.002098 0.003519 0.004545 0.003491 0.001283
0.001581 0.001485 0.001465 0.001526 0.001604 0.000935
0.004536 0.003561 0.004993 0.006762 0.005654 0.001606
0.005154 0.002554 0.002650 0.006565 0.009705 0.003344
0.003508 0.003976 0.006108 0.005473 0.002586 0.001224
0.003465 0.002921 0.004260 0.004902 0.003284 0.001350
0.002156 0.002030 0.006215 0.008441 0.007345 0.001694
0.001919 0.001973 0.003279 0.003200 0.001798 0.000902
0.004955 0.004873 0.006438 0.004798 0.002126 0.001084
0.002110 0.001997 0.002173 0.002067 0.001818 0.001028
0.005189 0.004925 0.006216 0.004891 0.001859 0.000980
0.003554 0.004134 0.005784 0.005649 0.002798 0.001127
0.001925 0.001712 0.001605 0.001594 0.001542 0.000953
0.001473 0.001441 0.001645 0.001649 0.001522 0.000858
0.003392 0.003869 0.006619 0.006372 0.003474 0.001187
0.003779 0.005070 0.007744 0.006601 0.002489 0.001036
0.001190 0.001218 0.001370 0.001329 0.001183 0.000688
0.004448 0.005035 0.006500 0.005145 0.002312 0.001140
0.002503 0.002702 0.004248 0.003577 0.001895 0.001221
0.002343 0.002200 0.007756 0.008994 0.006262 0.001665
0.001774 0.001687 0.002131 0.002444 0.001850 0.001100
0.001947 0.001891 0.002119 0.002455 0.001748 0.000952
0.003156 0.002836 0.003848 0.003219 0.001773 0.000953
0.001633 0.001570 0.001665 0.001568 0.001500 0.000871
0.003327 0.003101 0.004678 0.004858 0.002563 0.001073
0.001968 0.001953 0.003298 0.003675 0.002155 0.001015
0.003272 0.003335 0.005512 0.005201 0.002101 0.001035
0.001678 0.001542 0.001846 0.001830 0.001871 0.001080
0.003945 0.004233 0.005973 0.005994 0.003680 0.001216
0.002473 0.002188 0.004459 0.004387 0.002694 0.001155
0.003188 0.003712 0.005064 0.004483 0.002406 0.001118
0.001759 0.001765 0.002428 0.002697 0.001683 0.000823
0.002144 0.003147 0.005637 0.005848 0.003623 0.001286
0.002161 0.002534 0.004720 0.003463 0.002183 0.001089
0.005345 0.004937 0.005762 0.004466 0.001845 0.000929
0.001784 0.001858 0.002708 0.002600 0.001688 0.000832
0.003606 0.002927 0.004819 0.006383 0.004458 0.001358
0.001921 0.001934 0.003610 0.003105 0.002521 0.001257
0.003536 0.003764 0.005403 0.005683 0.007711 0.002282
0.003492 0.003320 0.004655 0.005986 0.004643 0.001390
0.004751 0.005612 0.008575 0.008037 0.010043 0.002440
0.003970 0.003572 0.004844 0.005908 0.003806 0.001337
0.001550 0.001480 0.001616 0.001567 0.001818 0.001156
0.002626 0.002152 0.003576 0.003840 0.003183 0.001276
0.002148 0.002052 0.003402 0.004638 0.003456 0.001285
0.005780 0.005342 0.006878 0.006638 0.003137 0.001268
0.004647 0.004624 0.007408 0.008251 0.006218 0.001571
0.002770 0.002771 0.004857 0.004973 0.002762 0.001180
0.005453 0.005487 0.011567 0.011214 0.006190 0.001490
0.003756 0.003916 0.005309 0.005021 0.002443 0.001134
0.005025 0.006135 0.009234 0.008405 0.004128 0.001195
0.006129 0.006765 0.008656 0.006375 0.003565 0.001254
0.002135 0.002449 0.004185 0.004388 0.002340 0.001054
0.001810 0.001786 0.002079 0.002467 0.001855 0.001011
0.003481 0.005876 0.010464 0.010276 0.007204 0.001809
0.003766 0.003815 0.005055 0.004411 0.002163 0.001100
0.004500 0.005291 0.008849 0.009220 0.004380 0.001200
0.004322 0.004737 0.008367 0.011320 0.009070 0.001984
0.002085 0.001989 0.002913 0.003718 0.003163 0.001352
0.002914 0.003931 0.006634 0.006954 0.004230 0.001349
0.007121 0.005626 0.006485 0.004626 0.002384 0.001056
0.004991 0.005755 0.007591 0.006349 0.003413 0.001369
0.004937 0.004940 0.006629 0.006635 0.003964 0.001300
0.004093 0.006009 0.010461 0.011392 0.007199 0.001612
0.004725 0.004502 0.005844 0.005763 0.003002 0.001376
0.006048 0.007394 0.010318 0.007756 0.003393 0.001132
0.004045 0.003922 0.005383 0.004842 0.002775 0.001193
0.002482 0.002127 0.003412 0.003584 0.002036 0.001005
0.006257 0.006239 0.007113 0.005922 0.004069 0.001409
0.001958 0.002107 0.004910 0.007177 0.006449 0.001642
0.002563 0.003931 0.009206 0.009816 0.005773 0.001591
0.006661 0.007094 0.008305 0.007865 0.003816 0.001276
0.004520 0.004482 0.005584 0.004216 0.001873 0.001023
0.010700 0.009702 0.011448 0.009246 0.004809 0.001355
0.002395 0.002068 0.002479 0.002749 0.004001 0.001446
0.004515 0.006824 0.010822 0.009539 0.005227 0.001527
0.001886 0.001948 0.003187 0.003229 0.002474 0.001195
0.003936 0.005626 0.009629 0.009033 0.004444 0.001290
0.003057 0.003994 0.006163 0.006426 0.004346 0.001385
0.006545 0.005864 0.007114 0.004517 0.001805 0.000907
0.001951 0.001872 0.002061 0.001847 0.001511 0.000858
0.001794 0.001822 0.002194 0.002611 0.001926 0.001043
0.009816 0.011624 0.015419 0.011972 0.005639 0.001388
0.007796 0.006662 0.007583 0.004861 0.002945 0.001165
0.001783 0.001825 0.002294 0.002260 0.001673 0.000833
0.005605 0.006383 0.008258 0.006046 0.003326 0.001263
0.002169 0.002153 0.003414 0.003012 0.001754 0.000968
0.004457 0.005451 0.007919 0.008325 0.004522 0.001264
0.002114 0.003079 0.006354 0.006937 0.006198 0.001785
0.006162 0.007903 0.012510 0.010299 0.005165 0.001479
0.002170 0.002359 0.004612 0.004766 0.003364 0.001206
0.008300 0.008052 0.013070 0.015217 0.011384 0.002847
0.002026 0.002055 0.003796 0.005353 0.004720 0.001620
0.002536 0.002477 0.008770 0.010776 0.009502 0.001789
0.002302 0.001855 0.004692 0.008178 0.007819 0.001752
0.005409 0.006913 0.009877 0.009097 0.007705 0.001850
0.002303 0.001989 0.002807 0.005516 0.005849 0.001634
0.006141 0.006545 0.008516 0.007502 0.003520 0.001226
0.007268 0.007054 0.008801 0.006954 0.003564 0.001163
0.005052 0.005864 0.009283 0.008668 0.004098 0.001202
0.005738 0.006843 0.008283 0.008113 0.004250 0.001383
0.007113 0.007926 0.011016 0.011182 0.007149 0.001551
0.003297 0.003936 0.008060 0.008203 0.005217 0.001446
0.006387 0.006404 0.013701 0.014535 0.009890 0.001746
0.003896 0.005364 0.009162 0.009459 0.005933 0.001491
0.006042 0.006163 0.007682 0.007630 0.005346 0.001526
0.010296 0.008883 0.010169 0.007960 0.005778 0.001667
0.002510 0.002982 0.006211 0.006524 0.005620 0.001579
0.006190 0.008191 0.013793 0.012738 0.007614 0.001781
0.006564 0.004575 0.011494 0.012123 0.012044 0.002721
0.002476 0.002100 0.011832 0.015627 0.012935 0.002713
0.006874 0.007377 0.014389 0.015653 0.011699 0.001871
0.011631 0.011167 0.012800 0.010403 0.007030 0.001751
0.005099 0.004997 0.009444 0.010851 0.009119 0.001859
0.008042 0.007984 0.012122 0.011807 0.005544 0.001322
0.001785 0.001741 0.001872 0.001803 0.001835 0.001099
0.008665 0.010618 0.015813 0.013816 0.005970 0.001400
0.005220 0.006385 0.009036 0.009405 0.006388 0.001531
0.004563 0.005032 0.008116 0.007517 0.005648 0.001908
0.005975 0.006032 0.012515 0.013769 0.007050 0.001451
0.002102 0.002278 0.004179 0.003173 0.002104 0.001139
0.008337 0.009867 0.016122 0.015279 0.007353 0.001658
0.002557 0.003211 0.005282 0.006636 0.005198 0.001501
0.001853 0.001870 0.002664 0.003094 0.002633 0.001440
0.006980 0.006092 0.014182 0.016939 0.012103 0.002818
0.004193 0.005035 0.006958 0.006321 0.003765 0.001281
0.009332 0.011685 0.018114 0.016524 0.007724 0.001586
0.002283 0.002048 0.003543 0.004089 0.003060 0.001200
0.003291 0.006192 0.015140 0.015439 0.010942 0.002544
0.002317 0.002618 0.006007 0.006008 0.005217 0.002034
0.010193 0.008560 0.006966 0.004570 0.004348 0.001533
0.006112 0.005312 0.007228 0.006826 0.004995 0.001463
0.009035 0.009009 0.010907 0.010187 0.006276 0.001476
0.008409 0.007326 0.009308 0.006795 0.004445 0.001424
0.008511 0.007227 0.010948 0.010996 0.006383 0.001429
0.009514 0.009775 0.010164 0.009136 0.005411 0.001542
0.012053 0.010117 0.008035 0.008516 0.005437 0.001380
0.006971 0.006986 0.008977 0.009034 0.004984 0.001385
0.004039 0.004988 0.008752 0.010056 0.005465 0.001580
0.011254 0.011234 0.012414 0.007682 0.003661 0.001181
0.003414 0.002542 0.002716 0.001999 0.001717 0.001007
0.010591 0.009282 0.012468 0.013093 0.007151 0.001459
0.005458 0.004470 0.005646 0.006083 0.005759 0.001682
0.004017 0.004630 0.006469 0.006311 0.004679 0.001563
0.007065 0.006537 0.013069 0.013215 0.009200 0.001731
0.001889 0.001904 0.003030 0.004651 0.004126 0.001674
0.007927 0.008287 0.016309 0.021627 0.017491 0.004037
0.008288 0.007665 0.011083 0.011736 0.008042 0.001702
0.013310 0.014523 0.017195 0.013530 0.005800 0.001409
0.007128 0.006027 0.006958 0.007192 0.006017 0.001557
0.015552 0.014545 0.014203 0.010427 0.007569 0.002102
0.006462 0.007773 0.014631 0.015401 0.009977 0.002311
0.006124 0.004754 0.007429 0.009664 0.008991 0.002364
0.023640 0.021859 0.024830 0.017732 0.006431 0.001473
0.002489 0.002299 0.004647 0.004704 0.002500 0.001177
0.009591 0.009481 0.010725 0.010622 0.006510 0.001445
0.004949 0.006498 0.010284 0.010068 0.004231 0.001448
0.002074 0.002156 0.008114 0.008798 0.009495 0.003656
0.008675 0.009409 0.017330 0.019656 0.012580 0.001839
0.005089 0.006280 0.008844 0.008316 0.004138 0.001241
0.002830 0.004497 0.008824 0.009815 0.005367 0.001332
0.004182 0.006185 0.013031 0.013212 0.006524 0.001499
0.009030 0.010632 0.015817 0.013783 0.006607 0.001609
0.011843 0.010989 0.011990 0.010317 0.006169 0.001868
0.009752 0.009483 0.010280 0.008772 0.003977 0.001401
0.010795 0.011374 0.013522 0.009654 0.004688 0.001211
0.008998 0.009648 0.011024 0.008846 0.006901 0.001665
0.008829 0.009743 0.012903 0.012471 0.007288 0.001612
0.003075 0.004362 0.007680 0.007247 0.003976 0.001257
0.012425 0.012763 0.015856 0.013305 0.006286 0.001486
0.014604 0.014832 0.014460 0.014562 0.012176 0.002390
0.013378 0.011780 0.014031 0.014862 0.008397 0.001839
0.014077 0.012141 0.012349 0.008437 0.006858 0.001634
0.004752 0.004171 0.007950 0.008540 0.005829 0.001759
0.013503 0.011691 0.010149 0.006309 0.003622 0.001428
0.008272 0.009882 0.014113 0.012842 0.008590 0.001738
0.021973 0.018968 0.016714 0.012290 0.005940 0.001337
0.006264 0.005870 0.008219 0.008843 0.006253 0.001854
0.010192 0.010906 0.014628 0.013675 0.007495 0.001514
0.019172 0.015184 0.013964 0.009122 0.004319 0.001246
0.007712 0.006595 0.007628 0.007774 0.006043 0.001655
0.004050 0.005692 0.007840 0.007455 0.004538 0.001482
0.012700 0.015312 0.023669 0.020522 0.009805 0.001726
0.004813 0.004361 0.008387 0.008176 0.006583 0.001735
0.010820 0.012427 0.017700 0.014542 0.007752 0.001701
0.005850 0.004182 0.006765 0.006298 0.006338 0.001642
0.012977 0.013988 0.017844 0.012847 0.006957 0.001643
0.007076 0.006551 0.009373 0.009227 0.004137 0.001432
0.010971 0.013069 0.020550 0.017505 0.008327 0.001741
0.018237 0.016100 0.014348 0.007644 0.002617 0.001052
0.010897 0.010770 0.011118 0.008232 0.004348 0.001299
0.011673 0.010245 0.010224 0.007402 0.004469 0.001381
0.004014 0.006567 0.012789 0.012505 0.006201 0.001460
0.002065 0.001945 0.005088 0.006235 0.006842 0.001977
0.009748 0.009168 0.020534 0.025623 0.024475 0.006360
0.013325 0.011464 0.011536 0.011783 0.009013 0.002191
0.013138 0.010462 0.010951 0.009799 0.006985 0.001607
0.012694 0.012102 0.016263 0.015388 0.007898 0.001711
0.023453 0.019571 0.019056 0.013652 0.007137 0.001648
0.011322 0.011772 0.018020 0.019201 0.012742 0.004469
0.013078 0.011500 0.009897 0.012368 0.014034 0.003923
0.017735 0.019541 0.032784 0.028206 0.009851 0.001630
0.004098 0.005795 0.008569 0.007949 0.004316 0.001393
0.012377 0.012778 0.016168 0.017061 0.012829 0.002060
0.007171 0.007846 0.011381 0.013153 0.007649 0.001770
0.003917 0.004852 0.014614 0.014188 0.012945 0.004166
0.005752 0.006793 0.022371 0.025758 0.021694 0.004782
0.011533 0.011881 0.015546 0.013239 0.007138 0.001546
0.010023 0.009215 0.011625 0.014648 0.009538 0.001667
0.006455 0.007217 0.017614 0.019290 0.010170 0.001815
0.012561 0.014212 0.020892 0.019657 0.008765 0.001796
0.018130 0.015756 0.014913 0.010818 0.006236 0.002114
0.013176 0.012634 0.014516 0.011604 0.006118 0.001658
0.029430 0.028569 0.034418 0.023083 0.008528 0.001772
0.015166 0.016195 0.018268 0.011548 0.004708 0.001361
0.014657 0.015320 0.018627 0.013766 0.010956 0.002091
0.004006 0.006040 0.011954 0.012711 0.006449 0.001412
0.009443 0.010012 0.039115 0.018558 0.011044 0.001828
0.019996 0.019466 0.021259 0.016829 0.013693 0.004028
0.010630 0.012869 0.021018 0.021410 0.012760 0.002847
0.019480 0.017092 0.018831 0.016720 0.008592 0.001708
0.008902 0.007884 0.007254 0.006409 0.004968 0.001550
0.014829 0.013501 0.015003 0.011068 0.004305 0.001295
0.011956 0.013145 0.018865 0.014643 0.007516 0.001770
0.038177 0.029689 0.027795 0.019151 0.009260 0.001602
0.007671 0.007957 0.011404 0.013836 0.013453 0.004504
0.012921 0.015105 0.023031 0.019906 0.010088 0.001656
0.086047 0.868638 0.322197 0.072776 0.077663 0.040470
0.013669 0.011261 0.008000 0.005547 0.005839 0.001848
0.004158 0.004346 0.009373 0.010595 0.008472 0.001747
0.018222 0.020423 0.037889 0.035552 0.016405 0.002851
0.010340 0.008545 0.012726 0.011162 0.011552 0.002478
0.013815 0.015349 0.021982 0.017295 0.006598 0.001285
0.013024 0.011064 0.009364 0.006545 0.008756 0.003314
0.013772 0.015132 0.022078 0.016051 0.006023 0.001443
0.009698 0.010923 0.012992 0.011391 0.010350 0.002750
0.013222 0.015067 0.026160 0.023899 0.009236 0.001620
0.018539 0.016599 0.017682 0.017323 0.008147 0.001452
0.014331 0.014881 0.019592 0.016860 0.010772 0.001843
0.018412 0.016921 0.015692 0.013047 0.008955 0.001734
0.007586 0.008553 0.017506 0.017016 0.009704 0.001952
0.003650 0.003042 0.007687 0.009041 0.006430 0.001820
0.011579 0.013150 0.025298 0.026067 0.015674 0.005113
0.011462 0.013072 0.016017 0.010728 0.009023 0.004244
0.020239 0.017260 0.014690 0.007921 0.003435 0.001192
0.018665 0.017925 0.018687 0.014903 0.008909 0.001817
0.035352 0.029099 0.031195 0.021285 0.010533 0.001864
0.018424 0.018592 0.021259 0.022349 0.016584 0.005547
0.015759 0.014852 0.013792 0.013499 0.016096 0.005518
0.013733 0.014845 0.020033 0.015724 0.006944 0.001611
0.008847 0.009257 0.010637 0.007315 0.004168 0.001415
0.011275 0.013819 0.019064 0.023165 0.008774 0.002155
0.008917 0.010862 0.017847 0.014837 0.010785 0.002648
0.003868 0.002830 0.015178 0.017344 0.018511 0.005998
0.010247 0.008901 0.027738 0.031108 0.024134 0.006316
0.018338 0.017747 0.020778 0.018683 0.009943 0.001783
0.027744 0.022929 0.021989 0.016274 0.007745 0.001532
0.012974 0.010666 0.016501 0.019361 0.011061 0.002074
0.012204 0.013655 0.023085 0.024275 0.011324 0.001852
0.018195 0.016418 0.017911 0.011895 0.004627 0.001807
0.016711 0.016587 0.020400 0.018104 0.010723 0.002891
0.019542 0.021125 0.027705 0.021380 0.010819 0.002039
0.017562 0.018184 0.021646 0.013288 0.007302 0.001815
0.018169 0.019434 0.024373 0.019183 0.008706 0.001800
0.004371 0.006455 0.013910 0.016144 0.009596 0.001657
0.013397 0.011937 0.022268 0.021177 0.014207 0.004027
0.013332 0.013755 0.023933 0.020343 0.016012 0.005760
0.006821 0.009207 0.018706 0.019049 0.013052 0.003365
0.024884 0.022255 0.021478 0.023609 0.015274 0.003088
0.010048 0.009608 0.010111 0.009089 0.007881 0.001970
0.016604 0.011554 0.009030 0.005642 0.002640 0.001049
0.086343 1.074769 0.328101 0.032819 0.078604 0.081142
0.025289 0.022961 0.025103 0.032244 0.009175 0.001630
0.012069 0.011875 0.018839 0.017479 0.016836 0.005899
0.019740 0.018965 0.020046 0.016565 0.008328 0.001720
0.056620 0.035092 0.030440 0.017003 0.006513 0.003072
0.021560 0.019408 0.014632 0.010046 0.009747 0.003763
0.004871 0.003760 0.012946 0.014617 0.013789 0.003526
0.023651 0.021677 0.042322 0.039099 0.018779 0.003318
0.015111 0.012745 0.017410 0.015512 0.013536 0.002980
0.021091 0.018328 0.021423 0.016226 0.007023 0.001363
0.099472 0.018016 0.014328 0.011020 0.005286 0.001550
0.020933 0.018582 0.019551 0.013687 0.007058 0.001655
0.010499 0.012614 0.016521 0.015583 0.011624 0.003830
0.017599 0.016236 0.028924 0.025805 0.009472 0.001677
0.011600 0.011608 0.014317 0.011105 0.005864 0.001387
0.020844 0.020751 0.023923 0.020105 0.013829 0.003339
0.026191 0.024172 0.023861 0.017343 0.009126 0.001655
0.009067 0.009763 0.017359 0.020328 0.014356 0.003473
0.005215 0.004832 0.010602 0.011919 0.010238 0.002152
0.017103 0.016011 0.025566 0.027120 0.017892 0.005957
0.023327 0.018840 0.020300 0.013569 0.012659 0.006010
1.106895 0.480226 0.338876 0.157196 0.142068 0.107914
0.021801 0.018154 0.019418 0.012713 0.006856 0.001999
0.027669 0.101545 0.094299 0.074071 0.097676 0.033804
0.025397 0.021248 0.022393 0.022669 0.013492 0.002289
0.016661 0.013461 0.014725 0.014585 0.014790 0.004621
0.023407 0.020545 0.034966 0.032314 0.012647 0.001749
0.011982 0.013293 0.016112 0.013981 0.007393 0.001735
0.009320 0.010975 0.020245 0.018549 0.010840 0.002948
0.011390 0.013444 0.021367 0.017241 0.009405 0.001857
0.003827 0.004272 0.015728 0.018807 0.015945 0.004468
0.014426 0.011348 0.029663 0.033784 0.026180 0.007679
0.017482 0.018685 0.024660 0.020827 0.011893 0.002014
0.025149 0.022883 0.024385 0.015947 0.006994 0.001353
0.018481 0.014701 0.013165 0.016014 0.010520 0.002124
0.018424 0.017127 0.023237 0.025297 0.013098 0.002614
0.018191 0.017419 0.019742 0.013524 0.005626 0.001593
0.014631 0.014637 0.018056 0.016209 0.011674 0.005318
0.020948 0.020850 0.029881 0.025491 0.010791 0.001759
0.018287 0.018993 0.021333 0.013100 0.009550 0.002159
0.020725 0.021815 0.028221 0.024719 0.010757 0.002014
0.004551 0.006429 0.015538 0.018730 0.013225 0.002415
0.015271 0.009973 0.020016 0.019063 0.016918 0.005641
0.017552 0.016641 0.027758 0.023011 0.017295 0.006006
0.011466 0.012914 0.019543 0.019355 0.013785 0.002913
0.029808 0.027049 0.021663 0.019381 0.012519 0.002997
0.014742 0.012562 0.014113 0.011923 0.012515 0.003713
0.027579 0.032619 0.035501 0.031996 0.027219 0.025435
0.020617 0.035761 0.037576 0.026222 0.023984 0.014701
0.041126 0.020709 0.013607 0.007268 0.006891 0.004116
0.014928 0.013860 0.016447 0.018397 0.016291 0.005001
0.025031 0.024448 0.027843 0.019349 0.009582 0.002368
0.048855 0.021495 0.015335 0.007509 0.006800 0.004992
0.024854 0.024199 0.021956 0.013590 0.012041 0.004737
0.006816 0.003244 0.012891 0.015669 0.016422 0.005508
0.024873 0.015801 0.033729 0.035190 0.021724 0.003399
0.018971 0.016577 0.021837 0.018552 0.013647 0.003597
0.026560 0.022794 0.019301 0.014638 0.006846 0.001431
0.022906 0.020846 0.019376 0.017452 0.009803 0.001828
0.022420 0.020265 0.020980 0.015084 0.008330 0.001812
0.012989 0.015977 0.026509 0.023400 0.015991 0.004584
0.023251 0.019388 0.027863 0.020338 0.008742 0.001770
0.015508 0.017508 0.028144 0.023974 0.010788 0.001720
0.010748 0.008981 0.016755 0.019548 0.015409 0.003912
0.031183 0.031209 0.033495 0.020312 0.011379 0.001785
0.014386 0.013979 0.015121 0.019233 0.016604 0.003892
