1.178205 1.488822 1.748182 1.565933 1.538895 2.215623
0.837547 0.939000 0.796764 0.853792 1.090566 1.397006
1.842954 2.166833 1.937864 1.824665 2.296919 2.791337
1.778555 2.004561 1.782214 1.963787 2.008737 2.247529
1.892269 1.947903 2.207280 1.949054 1.274752 2.436922
1.867236 1.734486 1.773660 2.267021 1.566112 2.165508
1.093057 1.172521 1.392328 1.439278 1.760020 1.996029
0.762198 1.122827 1.151357 1.549935 1.744539 1.924274
1.163467 1.406950 1.674067 1.599758 1.791117 2.378231
0.723624 0.874593 0.813570 0.956321 1.238950 1.447444
1.348127 1.604083 1.358509 1.463102 1.120916 1.829462
1.174371 1.351856 1.325443 1.131268 1.241146 1.765388
0.684345 0.711864 0.822401 1.042051 1.022767 1.169543
0.750953 0.892091 1.208241 1.234166 1.269340 1.505728
1.495428 2.077582 2.259856 2.037903 2.068689 2.860906
1.064244 1.207235 1.220960 1.068901 1.237442 1.444014
0.885434 0.951116 1.183348 1.284739 1.628313 2.003300
1.261368 1.505892 2.114985 1.710698 2.127720 2.499273
1.207963 1.624843 2.925560 2.272370 2.164122 2.911930
1.924761 2.395953 2.103410 2.532897 1.792697 2.864012
1.559887 1.657454 1.628294 1.781563 1.994656 2.740631
1.560793 1.608409 1.503026 1.631583 1.386324 1.861317
2.396301 2.731203 2.586213 2.205957 2.369782 3.454817
2.551377 3.061341 2.619955 2.155878 2.665835 4.496197
1.674512 1.927410 2.168571 1.729297 1.481372 2.459055
1.547390 1.910084 2.354821 1.952978 1.796144 2.864117
2.541280 2.651103 2.229455 1.758206 2.164884 2.937660
1.657575 1.827471 1.815392 1.311267 1.570638 2.128019
0.820069 1.036058 1.103413 1.102993 1.205137 1.428259
0.871244 0.967576 1.099956 1.014180 1.355718 1.476201
2.840768 3.483082 3.534772 3.530140 2.953332 3.942540
1.693713 1.925036 1.484713 1.706815 1.356277 2.504162
1.447873 1.374105 2.067867 1.736371 1.769653 2.106268
1.491613 1.684460 2.371741 1.913058 2.065531 2.596805
1.440860 1.698769 1.885395 1.535809 1.817884 2.375266
1.356282 1.558026 1.452300 1.402125 1.568951 2.103166
2.494706 2.738268 2.592832 2.246772 2.248484 3.045004
1.386774 1.792316 1.886269 1.270689 1.780134 2.616745
1.515729 1.713412 1.873782 1.898950 2.011712 2.614377
1.906713 1.853178 2.079425 2.033106 1.723814 2.684887
1.028886 1.223026 1.397158 1.640695 1.628360 2.190640
0.860074 1.080638 1.340448 1.427685 1.623678 1.930969
1.725314 1.826148 1.777604 2.226035 2.027672 2.464968
2.025341 2.058717 2.482531 2.258205 1.796197 2.722786
1.304643 1.796950 1.887987 1.757195 1.589888 2.404727
2.022878 1.870586 2.100811 2.505254 1.939546 3.268981
1.545575 1.801361 2.066016 2.140981 2.277277 3.102907
1.180601 1.372509 1.540187 1.628857 1.662941 2.061984
1.616846 1.748117 2.195323 2.251805 2.046716 2.811010
2.042014 2.296183 2.520086 2.552638 2.238043 2.834685
2.183385 2.423842 2.244147 2.229107 2.384755 2.864383
2.996016 3.269134 3.432973 2.397524 2.440571 3.278325
1.090649 1.332489 1.444567 1.500313 1.567642 1.815895
1.350732 1.323807 1.476809 1.270022 1.654204 1.791693
1.261346 1.410510 2.127878 1.912458 2.339487 2.421443
1.063391 1.217860 1.309310 1.366726 1.391147 1.911198
0.655195 0.941926 0.748753 0.773827 0.606159 0.929831
1.356436 1.563179 2.426504 2.418977 2.051877 2.627229
1.321426 1.607190 2.170308 2.037232 2.045257 2.506138
1.204981 1.589259 1.808974 1.711089 1.842465 2.277774
1.585026 2.377249 2.977570 2.426808 2.549046 3.110782
2.019561 2.225241 2.082819 2.523708 2.240922 2.808239
1.394394 1.738756 2.018743 2.023532 2.027388 2.415307
1.933918 2.219706 3.360436 2.938617 2.317211 3.017296
1.020282 1.202742 1.355863 1.349662 1.473232 1.718953
1.035530 1.340733 1.421391 1.392225 1.262889 1.791539
1.355141 1.956195 1.918691 2.140218 1.918603 2.594152
1.039574 1.253996 1.644515 1.926712 1.947475 2.224934
1.135201 1.363594 1.573043 1.358287 1.416499 1.763338
1.429891 1.680167 1.875650 2.204281 2.210775 2.755480
1.705282 1.793509 1.866565 1.930809 1.699146 2.267699
0.992450 1.072248 1.174403 1.378921 1.648985 1.822182
1.304053 1.503869 1.523795 1.488166 1.704525 2.442413
1.768687 2.040267 2.914852 2.330203 2.482112 2.915337
0.911039 0.966428 1.042714 1.363673 1.268645 1.604765
0.891752 1.140001 1.565988 1.554283 1.606748 1.902982
1.424746 1.367114 1.635927 1.923604 1.869041 2.728299
1.294381 1.447430 1.916691 1.814280 2.060744 2.296230
1.204603 1.433918 1.350421 1.701788 1.891101 2.190639
1.492195 1.809449 2.321303 1.904977 1.693521 2.587107
1.265552 1.781479 2.367623 2.102290 2.082057 2.767224
0.913374 1.121325 1.143853 1.162796 1.591574 1.877160
0.894651 1.072042 1.226803 1.347031 1.714322 1.940703
1.121841 1.252535 1.423176 1.917290 1.788517 2.141114
1.835450 2.046371 1.672701 1.324913 1.665165 2.522395
1.594583 1.560290 2.290396 2.588325 2.233351 2.992651
1.189521 1.399960 2.042213 1.675220 1.892141 2.143977
0.600010 0.801315 0.971253 1.273301 1.414551 1.650517
1.177478 1.508201 1.847051 1.860935 2.068327 2.335015
1.512014 1.664469 1.971758 2.024624 2.139398 2.542386
1.003362 1.308033 1.778263 1.707780 1.743840 2.254207
1.050114 1.584387 2.378637 2.195502 2.135496 2.524543
1.310183 1.551253 1.775070 1.865678 1.478470 2.297222
1.362320 1.773297 1.774269 1.281538 1.351527 2.135697
2.810932 3.432842 3.603836 3.020323 2.629417 3.168276
0.996069 1.076856 1.311405 1.506202 1.659915 1.863828
1.021757 1.230344 1.593627 1.750903 1.532001 2.218872
2.054128 2.073181 2.757077 2.197474 2.397185 2.800807
1.086849 1.072955 1.484930 1.429058 1.712530 1.906198
1.045624 1.468116 1.831664 1.742061 2.197084 2.250567
1.422548 2.371256 3.278670 2.757049 2.637086 2.947554
0.702211 0.950316 1.229556 1.375056 1.642644 1.849993
1.152280 1.389744 1.569778 1.527273 1.589761 1.801880
1.403678 1.764451 2.014682 1.858365 2.042514 2.821095
3.667246 4.349769 4.475578 3.860848 3.094492 3.909597
1.504676 1.773002 2.408076 2.361920 2.163596 2.765040
1.337337 1.680930 2.226160 1.779937 2.099376 2.406844
1.107402 1.324534 1.366468 1.347809 1.443743 1.676044
1.228478 1.590498 1.741832 2.291716 2.576507 2.766035
0.845282 0.986402 1.327023 1.642525 1.755930 1.929681
1.867786 2.230357 2.170581 2.018990 2.181538 3.018239
2.318731 2.761035 3.032093 2.374654 2.521654 3.413289
1.651479 1.672443 1.582098 1.582389 2.090707 2.385674
2.459954 2.845712 2.476231 2.272084 2.365654 3.613214
2.841427 3.190580 3.114772 2.679003 2.797126 3.857106
2.465877 3.139131 3.271379 3.248852 3.004893 4.078094
1.415337 1.653608 1.698523 1.642067 1.637914 1.937128
2.263618 2.936515 2.903106 2.565053 2.504067 3.688625
1.913066 2.102512 2.206086 2.192392 2.440300 2.587041
1.758212 2.101278 2.612068 2.523101 2.362951 2.797547
1.550944 1.660760 1.931943 1.974637 2.287822 2.501481
1.584760 1.649055 2.087085 1.963824 2.147540 2.751908
1.197122 1.658230 1.942707 1.796855 1.887871 2.452998
1.344592 1.835340 2.617704 2.330036 2.288501 2.719463
2.107264 2.474798 2.401564 1.842078 2.105355 2.805284
1.573835 2.097559 2.704331 2.460983 2.672678 2.964465
1.329688 1.352963 1.644058 1.725692 2.119957 2.425509
1.605389 1.807166 1.967036 2.327288 2.187882 2.543874
1.030184 1.346488 1.670615 1.636086 1.395101 1.849783
1.638575 1.870482 2.606098 2.649776 2.501919 3.063862
1.316550 1.593769 1.712547 1.865539 1.843651 2.563379
2.505797 3.005360 3.121753 2.965345 2.712571 3.516290
1.402594 1.754966 2.509606 2.338835 2.199466 2.914570
1.108116 1.438863 1.711830 1.500604 1.910250 2.256854
1.332598 2.030471 2.987161 2.826906 2.528878 2.992984
1.427332 1.799366 2.535888 2.372665 2.354949 2.790917
1.130546 1.772417 2.675831 2.254939 2.206892 2.435079
1.704427 2.063777 2.745597 2.348421 2.541477 2.689377
1.066422 1.329080 1.435274 1.382701 1.857986 2.431891
1.308261 1.587874 2.210285 2.438664 2.698605 3.363095
1.181738 1.285263 1.529589 1.743357 1.841701 1.987314
1.244598 1.655566 2.429792 2.126800 2.228280 2.551477
1.746428 2.194769 2.655054 2.600385 2.661281 3.108830
1.521222 1.755173 2.270690 2.321984 2.368068 2.853620
1.194340 1.559399 2.044608 1.725790 1.902572 2.329503
1.328404 2.561195 2.379503 2.501900 2.694026 3.091299
2.133257 2.676065 2.633203 2.662506 2.565722 3.185412
2.286536 2.720558 3.249764 2.740088 2.771494 3.376719
1.742382 2.158146 1.984355 2.299722 2.697196 3.192967
1.943540 2.348477 3.206277 2.482599 2.661962 3.018082
2.971700 3.324642 2.910026 3.365745 2.798184 3.780495
2.333061 2.827728 3.048538 2.417363 2.684266 3.129050
2.291858 2.564921 3.307896 2.876221 2.997282 3.374638
2.741392 2.890142 3.403234 2.752585 2.907994 3.456397
1.726875 2.444583 2.566087 2.601145 2.725362 3.505635
0.827634 1.052416 1.321579 1.607467 1.939690 2.120930
1.537282 1.696570 2.056956 2.062938 2.096624 2.688462
2.498076 2.534786 4.044959 4.477084 3.544538 3.928866
3.441853 3.772712 3.991599 4.197706 3.510199 3.919402
2.295981 2.533312 2.943138 3.298157 2.959318 3.693325
2.698916 2.685769 2.513587 2.488582 2.015524 3.086308
3.385468 3.265390 5.009157 5.411745 4.186815 4.451826
5.302254 6.452790 5.139279 5.017173 5.935328 6.906919
2.741918 3.189574 3.405810 3.131337 2.865757 4.630460
2.907760 3.237784 3.025118 3.264067 3.193277 3.833194
3.827219 4.923257 4.842869 5.311825 4.290070 4.930372
1.721935 2.091268 2.423877 2.244033 2.413329 2.662397
1.783830 2.268206 2.393323 2.545467 2.652450 3.281522
1.643505 2.157075 2.930962 2.893804 2.887148 3.317795
1.659331 2.277109 2.406038 2.488129 2.708866 2.953196
1.741835 2.490299 3.076209 2.536551 2.858495 3.265583
1.971460 2.141521 2.575589 2.158065 2.151015 3.315891
1.774298 2.019660 2.344113 2.232313 2.190264 2.980819
2.685270 3.508875 2.841022 3.271962 2.843807 4.207266
1.730157 2.346288 2.468277 2.627194 2.679232 3.119254
1.407456 1.694015 1.935729 2.057872 1.780316 2.343582
2.497470 2.826834 3.081628 2.441970 2.736738 3.469360
2.268180 2.849563 3.727296 2.810376 2.699734 4.402060
3.895928 5.942562 6.135479 5.269107 4.345204 5.207529
2.083928 2.457937 2.745668 2.386593 2.628382 3.643689
2.516306 2.439344 2.356470 2.437631 2.735057 3.236972
2.236649 2.721818 2.747126 2.384973 2.576989 2.984209
2.010359 2.276995 2.318589 2.326776 2.096034 3.022314
1.852637 2.835316 3.224117 2.722277 2.631910 3.241314
1.943374 2.814405 2.876872 2.293770 2.667742 2.913375
1.766984 2.367984 2.223805 2.528393 2.776032 3.093418
2.545412 2.750466 2.483239 2.490416 2.276956 3.322530
3.207869 3.855430 3.433048 2.912634 2.823892 3.438042
2.751381 2.601404 2.410348 2.807237 2.828105 3.576864
1.985335 2.232346 3.276534 2.808579 2.870814 3.418933
2.170694 1.968183 2.124743 2.031621 2.355211 2.570771
1.851147 2.135079 2.242171 2.543473 2.935798 3.702731
1.861318 2.791868 2.740251 2.722576 2.689404 3.446731
1.475130 3.161315 2.244287 2.458271 2.681518 2.770167
1.423506 2.147964 2.690980 1.831564 2.341329 2.628107
2.761128 3.850889 4.549847 4.824347 3.245737 3.704326
3.244562 2.956455 3.498729 3.629130 3.056984 3.848671
5.363002 5.981192 5.638934 4.326574 4.493746 6.050659
3.018452 3.304249 3.287148 3.460025 3.192613 3.779312
6.325934 6.338855 6.008716 5.748208 4.832736 5.060050
2.594089 3.141956 2.961202 3.139956 3.347900 4.623689
3.001901 3.661514 3.602802 2.951215 2.167918 4.036177
2.176445 3.236060 3.274856 2.453659 2.935872 3.868947
1.870170 2.145381 3.716659 3.011321 3.168037 3.794133
2.724542 3.614895 2.942900 3.657476 2.936522 3.816646
3.799751 3.598479 3.761335 3.767417 3.873440 5.135777
2.589949 2.758686 3.080221 3.460795 2.834401 3.640445
2.948723 3.241778 2.997142 3.591135 3.643116 4.046033
2.096119 2.108568 2.624641 2.617103 2.672370 3.528293
2.429256 3.333380 4.157858 2.905817 3.016725 3.593057
2.423742 2.585213 3.177326 2.774218 3.064657 3.936828
1.938830 2.188023 2.729673 2.465569 2.880849 3.240502
2.084504 2.639900 3.235115 2.709516 2.484330 3.236502
4.334388 4.264088 5.433115 7.037418 6.138883 5.370670
2.858566 3.021775 3.808438 3.167994 2.700058 3.409776
2.195115 2.861029 3.694015 2.808808 3.053481 3.440837
4.093737 4.113046 4.391434 6.086800 6.538916 5.839618
2.619236 2.912905 3.081258 2.763634 3.094879 4.426031
2.942261 3.967896 4.265230 3.463965 3.208535 4.243847
1.814540 2.912283 2.534133 2.749379 2.879323 3.239710
3.545083 4.200112 3.761449 4.066517 3.836626 4.081602
3.150124 3.640674 4.351397 3.404571 3.395370 4.067598
4.449790 5.428624 5.612433 4.306262 3.575315 4.401655
3.031543 3.768248 4.049410 3.645265 2.646881 4.903353
3.827809 3.815409 3.953592 3.523571 2.899070 3.357588
3.420844 3.432964 3.749109 3.242772 2.641277 3.745002
1.979328 2.735520 2.670180 2.141761 2.457536 2.969416
2.151036 2.385150 3.029384 2.833409 3.228109 4.484202
4.040821 3.856445 4.506053 4.281141 3.417750 5.737698
3.430983 3.864618 4.106020 5.287030 3.737595 4.901616
2.630045 3.324566 4.044653 3.811828 2.964597 4.333925
2.202650 2.639233 3.093116 2.581824 2.623671 3.607483
3.058864 4.416872 4.663583 4.558325 3.533891 4.139515
3.266303 3.586960 4.120827 2.983451 2.772146 4.603780
3.349245 3.167951 3.178975 3.701911 4.481639 4.759690
2.755450 2.770964 3.251244 3.371074 3.023841 4.458673
2.931216 4.127394 4.493198 3.050796 3.153043 3.605366
2.672408 3.657641 3.135360 2.357162 3.256210 4.071043
2.462810 2.484435 2.468071 2.398315 2.623198 2.854298
1.685302 2.063630 2.032417 2.140802 2.067795 2.704651
2.152786 2.770699 2.577101 2.379308 2.762555 3.188599
3.393272 3.693578 3.470950 3.777107 3.520933 3.964877
1.768143 2.784937 3.740664 3.986986 2.825263 3.415313
1.816834 2.104537 2.235300 2.184124 2.258863 2.505700
2.589364 2.500726 3.891155 3.457339 3.147649 3.819261
1.675959 1.777277 2.055282 2.483838 2.532552 3.037313
2.456943 2.777589 2.782985 3.163588 3.332418 3.541108
5.340162 5.609104 5.263083 5.308685 5.405407 5.745567
3.969977 5.133345 5.638636 4.880032 3.987942 4.598615
2.672949 3.596016 3.825711 2.873480 2.855489 3.810520
7.413879 7.685102 6.358873 5.788012 4.473525 6.030352
3.183633 4.210452 4.354736 2.974018 3.616042 5.222923
5.033732 5.339674 5.301863 6.465688 5.225044 5.076386
3.522631 4.251973 4.144167 4.511280 3.890405 4.623583
4.028026 4.159449 5.500744 5.850838 4.184393 6.299599
4.273114 4.567761 4.838004 4.534028 3.453130 5.218472
3.024472 3.312639 3.086523 3.093099 3.031636 3.690662
2.641854 2.676360 3.404626 2.956184 2.950255 3.108288
2.500789 3.300332 3.104494 2.994014 3.035640 3.525470
2.891411 3.359419 3.724600 3.727080 3.460002 4.125613
2.894966 3.324871 4.118046 4.519625 4.475510 4.284908
3.147211 4.153156 4.968347 4.686843 3.376907 4.086294
3.570351 4.084315 4.190364 3.374495 4.052064 4.262284
2.767812 3.410913 3.650477 2.949131 3.413864 4.262989
4.007166 4.080138 3.905549 4.073473 4.365480 4.353399
4.668869 4.638290 4.451348 3.747898 3.648324 5.033973
3.514470 4.090475 4.215122 3.839696 3.584076 4.207006
6.418549 6.773389 6.178591 6.975101 5.983463 5.583327
7.418801 7.404119 6.827487 8.358325 6.698597 5.820445
6.004614 5.891718 5.631165 5.790846 5.692605 5.402547
4.101279 5.068170 4.567060 8.891463 4.479495 4.703917
3.954461 5.030246 5.891055 5.488276 4.408073 4.625884
3.761872 4.731422 4.050635 3.559887 4.393149 5.619976
3.596395 3.389304 2.905280 3.232872 3.418155 3.403596
2.545112 2.912102 3.506342 2.910064 2.138229 3.433744
2.804489 2.675911 2.806188 3.131722 3.316886 3.863914
3.339030 3.952283 4.280560 3.976844 3.168134 3.704071
5.436054 5.483955 4.712315 6.095600 6.203783 5.481279
3.518931 4.702334 5.378990 3.663579 3.313734 4.184961
3.282354 2.631065 3.088671 3.382927 2.762907 4.030428
4.840582 6.027253 5.930023 5.863183 4.604106 4.698618
3.823367 4.806491 4.638277 4.909268 3.301804 4.892537
3.645158 3.853418 3.133278 4.052270 4.035494 5.149063
6.112395 5.440775 5.591876 3.761274 4.773786 6.793703
2.992970 3.255220 3.684562 3.676298 2.746192 4.179938
3.829402 4.227317 4.233021 4.243126 3.484334 4.023012
2.482158 2.580275 2.986116 3.248650 2.854504 3.459438
6.833491 6.523785 7.520939 6.337869 6.608779 6.636290
4.206154 4.449296 5.070723 5.557025 5.006097 6.253122
3.456118 2.649942 3.419010 5.353786 4.618304 4.786323
3.916187 4.166108 3.186283 3.180751 3.516297 4.453374
3.606986 3.696965 4.300720 3.287221 3.270006 3.934498
2.959072 3.774482 5.810435 4.677386 3.047434 4.229531
4.439857 4.515642 4.818839 5.158322 4.696211 3.905904
3.396019 3.660955 4.261441 4.699956 4.204798 4.500488
6.145699 4.962441 3.542701 3.859864 3.534318 4.236932
3.961420 4.747192 5.004083 4.231659 3.166573 4.817554
4.580015 5.427593 4.893557 4.215245 3.403418 4.949851
3.873575 3.554993 3.745993 3.295901 3.082709 3.633498
1.697298 2.402339 2.658952 2.593410 2.293798 3.108671
4.540421 3.827777 3.481839 2.947833 3.998381 3.697339
2.842421 3.309508 3.331027 2.676921 3.706638 5.377213
3.461817 3.731683 3.688910 3.259624 3.201603 5.028532
4.109425 4.072669 3.933354 3.944765 3.823457 4.849011
4.730444 5.079260 3.644537 5.011705 5.774925 6.371866
6.523938 6.932936 6.913388 4.628345 4.565836 7.418764
4.666220 5.478803 7.735292 5.019226 4.153867 5.011827
3.462512 4.834466 5.319883 4.847656 4.119277 3.771615
3.333415 3.842906 4.063279 3.602253 3.816264 4.427896
4.838182 5.359090 4.731035 3.810394 4.307198 5.307751
7.053478 8.106638 7.797554 6.458588 6.657559 7.263712
5.690176 7.585739 6.000573 5.713162 5.439046 6.694931
6.642182 7.493016 5.631649 5.005846 4.010124 4.238681
2.346956 3.357911 2.727758 2.705836 3.228784 3.638466
4.342746 3.571823 3.538491 4.186700 3.648954 4.049777
3.537908 4.337920 4.565648 2.939813 3.260253 4.668102
6.517566 7.362825 5.478824 4.554574 5.613869 5.807025
5.296735 6.513998 9.228058 7.996479 4.264530 4.695776
2.786033 3.265843 3.771919 3.160276 3.076719 3.608890
2.687510 3.785589 4.558745 3.487562 3.075109 3.625729
4.997793 6.168547 6.792750 6.403267 5.145831 4.149008
6.281787 7.001681 6.342259 5.541720 3.632063 4.619679
4.047248 4.174237 6.960528 4.984896 3.596093 6.542923
3.216476 3.867499 4.128265 3.632031 2.997439 4.954765
3.760390 4.112914 3.801655 3.491680 3.107723 3.519357
3.425191 3.540273 3.977245 5.198087 5.553069 5.101822
3.397676 4.064333 5.397099 4.653213 4.176008 4.244890
2.268976 3.060749 3.201161 2.624617 3.190653 3.704681
4.326014 4.622160 4.262728 4.324903 3.572817 4.379234
5.001868 5.783935 5.134177 5.856497 3.585383 4.567081
5.032802 5.542549 6.400202 7.105390 5.938413 5.387877
6.325543 5.113984 5.186047 5.053561 3.954812 4.607025
3.546507 4.016648 4.549221 4.765210 4.555472 6.440998
3.822400 3.355286 3.243921 3.488076 4.049141 4.958937
5.010048 4.860930 5.530542 4.664840 4.055448 5.280691
5.991908 6.188601 7.049868 6.213766 3.822436 3.775771
4.907499 5.464161 4.562927 3.389422 4.320134 6.285781
3.410611 3.605931 4.355450 3.783398 3.656424 4.861957
4.861483 5.246319 5.448168 3.637009 3.031870 3.532580
3.443882 3.327876 3.983479 2.877954 3.790490 4.780353
3.374985 4.516666 3.652689 4.134159 3.293001 5.312162
5.127220 5.028252 4.673620 4.445069 4.298520 4.522126
4.229464 4.207260 5.154295 3.736628 3.536592 4.513505
6.815672 9.126649 7.743617 6.989702 5.115580 4.895790
4.184535 4.942809 5.082748 3.205467 3.880575 4.734825
5.017458 4.728243 2.992231 2.859216 3.788702 5.315589
3.062921 3.426093 3.958645 4.291935 3.373635 4.590061
5.047085 4.861663 4.479055 3.531463 4.127091 5.953679
4.173528 6.819941 3.005249 2.681301 2.766465 3.492823
3.262062 4.786070 3.744529 3.234323 2.883281 3.950981
2.781654 3.884067 3.188801 3.377401 3.011934 3.777371
3.233749 3.526659 4.104178 4.537160 3.486230 3.822908
6.611845 7.925306 5.632133 5.810626 7.473148 7.746787
9.276998 8.714276 7.930041 6.318636 6.702066 7.912142
4.897866 6.606155 5.788144 4.935947 4.686487 6.433739
14.494891 7.274261 31.543005 5.369858 5.228317 4.027962
5.988483 5.412398 4.690451 4.048838 4.084135 4.705736
6.430046 6.766647 5.299027 4.608419 4.288801 6.386083
8.163391 10.135538 9.058143 11.488156 10.421960 8.214065
7.309816 7.956900 6.490335 4.870072 4.899588 6.642331
8.083207 8.810806 9.090612 6.805649 4.188257 3.836457
3.492102 4.592099 4.763840 3.583413 3.161213 4.104360
6.084759 6.978344 10.593714 6.161350 4.285952 4.964512
4.473194 4.950522 6.360707 8.566153 3.660325 5.168227
7.485288 7.605031 6.531084 7.130724 5.069858 5.553662
7.154155 7.659607 10.091419 9.031489 7.178621 5.831316
4.307836 5.992800 5.884111 5.136681 3.568296 4.373656
3.795608 4.815740 6.417683 5.424391 4.165006 4.334554
8.290375 7.195489 7.972190 7.087475 5.023551 4.991055
9.677324 9.047178 7.329955 5.741854 4.397226 4.829373
4.814058 4.934123 5.006022 4.836319 3.510532 7.223017
4.174134 5.036763 5.652960 5.145272 4.247207 5.041981
6.721318 7.209322 7.648709 7.777689 6.431974 5.622119
5.672441 4.957354 4.766836 3.354224 3.140828 4.282864
5.145544 5.696079 6.700399 5.261151 5.215010 5.300684
3.860574 5.556535 4.423151 4.499741 3.534457 3.904060
7.901374 6.468010 72.207169 8.825783 4.603881 5.759767
6.898238 7.069094 7.187220 6.653104 5.215481 5.670917
7.897241 7.781371 7.440918 8.530144 7.897412 6.574318
4.801732 5.323462 5.536306 4.330056 3.959688 4.965495
4.197760 4.386507 4.613956 3.577394 3.814629 4.306150
9.555756 16.745827 8.076103 4.857935 3.324454 4.883709
7.719099 8.012538 6.712557 5.331467 5.484748 6.795297
9.139596 8.473612 9.147205 8.190077 4.405708 4.220451
7.458245 7.557110 7.424447 4.841197 4.896679 7.668122
4.141562 5.148069 5.074785 8.910577 4.389471 4.538210
75.719290 9.463405 11.881133 6.783907 5.535274 5.701073
4.357267 4.626058 4.754168 5.693961 5.058545 6.074364
3.775658 4.489683 4.314861 4.315964 4.029578 5.564498
8.232514 8.000768 7.277674 8.443691 8.008745 5.878858
6.222188 6.203430 5.286065 5.796603 6.029654 5.342559
7.556524 8.056173 6.239352 3.548040 3.683181 5.085562
5.376310 5.472784 4.976797 3.148771 3.864439 6.073683
3.557959 3.647142 4.163510 3.673230 3.530822 5.036084
4.267321 6.286797 6.194543 5.782869 4.459307 6.356454
6.876049 6.363097 4.332251 3.268521 3.730097 4.679416
5.895153 6.346144 7.119295 4.586191 3.717505 3.703512
4.102598 4.895052 6.644940 5.749831 4.241391 5.637958
3.935219 3.899162 4.034322 4.025361 3.758304 4.285425
4.867356 4.560202 4.267551 3.983316 4.072059 5.767924
7.788819 9.589745 6.613515 5.365722 5.833762 6.824337
11.313988 8.771711 8.805915 8.436422 9.529883 8.161404
5.620583 6.447150 7.550783 6.426509 6.376690 7.485731
4.410451 3.837237 10.800190 3.627935 3.131822 3.448729
4.737225 6.272204 5.192130 4.843150 3.619966 6.035650
8.107314 8.189493 6.102816 5.504834 5.458838 6.730754
12.068756 11.985437 10.691008 11.629589 12.178223 8.114224
8.905347 10.677067 7.796687 5.434274 6.711360 6.562989
10.287527 8.619173 5.789388 3.400834 3.774259 4.672504
4.120082 4.510783 4.795562 3.754659 2.992277 4.147065
7.177117 6.517546 7.675688 6.855032 6.294171 6.086839
4.321385 5.008911 6.709388 9.574220 4.625923 5.733422
10.488568 9.973094 7.679141 6.484610 9.125469 6.422526
9.706890 9.816505 7.992764 7.849101 12.008195 6.876558
5.111620 5.930004 6.055613 4.963818 4.130162 5.250582
15.652522 4.784741 4.508393 3.076592 3.406966 3.961337
9.219996 8.660834 9.623117 5.744717 3.747564 5.489531
11.081916 10.525299 9.834806 6.779372 4.610562 4.912878
5.805498 5.694730 5.337490 5.073255 3.575658 7.139630
4.960522 6.467503 7.393598 7.626289 6.638954 5.555579
9.997558 8.820883 7.806732 6.815811 5.016955 5.365621
7.151036 8.514031 4.880869 3.661916 3.689311 4.824948
6.636547 6.798291 7.128019 7.790844 4.830711 6.101830
5.728757 5.497780 8.142844 6.425235 4.297799 4.388659
5.988565 6.282752 6.118312 7.360934 5.399038 7.048501
10.321019 10.127758 7.533666 8.871134 8.750015 6.693000
9.766620 10.343505 9.041542 7.749064 28.226508 5.935920
7.769860 7.249027 7.103714 6.835915 5.316640 5.811749
4.947531 5.510276 5.735026 5.052484 5.723357 5.748891
16.646147 4.277161 3.225582 3.765987 3.406389 3.744105
68.890942 16.095764 10.857633 7.068071 8.358050 7.685886
7.771843 9.462374 9.725565 60.257591 4.190571 4.363871
7.506467 7.742303 8.183052 7.795345 5.102906 7.218786
3.632662 4.909538 5.232140 4.919410 3.934627 5.406225
9.423456 8.231562 9.330634 6.011575 3.432061 3.968349
6.171928 6.823402 6.804264 9.006161 7.819015 7.062895
6.026350 7.605549 5.790556 5.553942 4.645230 6.307763
12.664587 11.338833 10.057523 11.511116 10.834187 7.850930
8.283646 7.413779 6.722614 6.724254 4.534342 6.609923
6.286275 7.002466 3.973264 3.512024 3.450197 4.216018
33.691748 7.602882 4.854037 3.414917 3.485513 5.140486
4.090153 3.523472 4.164914 3.811049 3.589500 4.647389
7.137205 7.882116 6.708279 7.428719 4.636391 6.605595
8.264190 6.189907 4.465829 3.454554 4.882404 4.270339
5.238255 10.540259 5.871823 5.996309 4.174870 3.528090
4.954682 5.900125 6.792837 6.410645 5.743931 6.114626
4.506490 4.504622 4.534823 5.127441 4.338444 4.375737
6.181152 6.522019 5.348243 5.062051 5.992218 5.224643
9.233483 9.369103 7.372621 6.194723 5.465063 6.597506
11.940063 10.900870 9.169643 9.045648 8.580064 8.452918
7.456047 7.947811 7.927965 8.014094 8.169552 8.899034
12.982868 9.117073 3.472837 2.904917 3.523276 3.738237
5.208645 5.139903 4.688881 4.480885 3.863483 6.103791
6.915170 7.720880 7.423513 5.723073 11.699177 6.566633
13.210773 11.855457 6.129779 6.638850 6.029843 6.151158
7.222254 8.323288 8.581386 6.668426 4.576097 6.021340
12.958078 8.703540 9.902255 12.993276 7.329758 5.134790
5.453916 5.717003 5.854711 4.684646 3.405834 4.850014
9.060951 8.492575 8.307301 8.762206 7.963227 7.553727
5.352755 5.047742 4.472029 3.505026 4.086311 6.237086
7.145342 7.597220 6.964301 5.940775 6.407454 6.131611
13.235127 12.411757 7.921534 9.519744 11.492038 7.492075
6.282587 6.679299 8.278054 6.175409 4.515782 5.508937
6.134105 4.138638 3.572693 3.241473 3.641928 4.166056
7.307633 7.891965 7.659771 4.888894 4.164093 7.024925
13.289582 10.234406 10.542737 8.459235 5.162774 4.935177
7.281487 6.086550 5.153052 4.688512 3.829106 6.420355
7.721125 7.854894 8.132559 8.916152 7.722692 7.021628
10.758120 10.359848 9.481710 6.691777 4.064446 4.330590
9.846819 7.825760 5.132763 4.434016 3.823438 4.849981
8.579512 8.963771 9.233979 9.186259 5.698729 6.519577
6.943324 6.932090 8.620824 8.063859 6.265673 5.288972
9.433627 8.625194 7.106294 7.932223 7.311009 7.165169
10.853993 7.920362 6.879189 88.139385 8.112224 7.645016
11.945299 12.028969 8.052092 7.624513 6.399476 5.844896
10.059897 8.284293 6.676940 7.314612 7.344477 6.991415
7.758233 8.272497 9.620829 6.915518 6.783916 6.916452
15.641958 4.614073 3.715036 3.845308 3.955267 4.769570
23.393583 16.021387 9.023340 8.459006 8.694699 7.562371
9.676611 5.849472 4.643680 3.602955 3.198370 3.816229
9.691553 9.941219 10.297887 9.555937 6.976461 7.080846
6.266287 5.759687 5.496598 5.397808 4.370850 5.628604
9.663217 6.240884 3.304955 3.331312 2.972694 3.554187
8.106891 8.872197 7.491204 10.426758 9.228910 7.775404
9.156601 10.308402 7.599457 6.393022 6.937054 6.623814
14.065013 12.337948 10.139347 11.661193 10.689892 8.394205
8.037954 6.932251 5.864594 7.214507 6.182138 7.390658
4.484134 5.652342 4.398690 4.119785 3.858124 4.476530
7.162952 6.148089 6.777975 3.962547 4.484377 5.556367
8.413554 7.663456 4.931922 4.634706 3.911859 5.110037
9.163213 9.109733 6.687543 10.899255 7.400089 6.199220
15.872714 6.230525 3.925497 3.935420 3.967724 5.303263
6.170146 6.904628 7.515604 24.112553 5.137755 4.364305
10.950094 7.388327 14.404449 6.454656 6.319850 6.678648
5.481178 5.339965 5.804228 5.743414 4.209044 5.183656
7.230364 7.092006 4.936646 4.992270 4.245066 5.327690
