0.197638
0.118578
0.217971
0.217146
0.143723
0.192412
0.194752
0.206803
0.241323
0.147006
0.155914
0.169511
0.138512
0.193460
0.227381
0.160897
0.183386
0.272620
0.207926
0.224073
0.226343
0.162960
0.199689
0.233224
0.171113
0.200509
0.226923
0.152304
0.169353
0.163172
0.261101
0.139986
0.238458
0.252127
0.214511
0.181375
0.250453
0.151439
0.235585
0.164569
0.208991
0.220219
0.223188
0.251504
0.199243
0.200791
0.305813
0.193803
0.263919
0.300261
0.232904
0.256433
0.201205
0.195582
0.264744
0.153350
0.111121
0.289458
0.247813
0.205580
0.291315
0.299746
0.284472
0.311545
0.198819
0.208497
0.264281
0.262547
0.201212
0.284747
0.257016
0.207232
0.200646
0.291289
0.186338
0.244633
0.227492
0.269618
0.214904
0.214469
0.294529
0.165998
0.205587
0.244189
0.191148
0.294047
0.250661
0.174990
0.265148
0.318023
0.227927
0.295952
0.234023
0.188175
0.277350
0.213247
0.203931
0.287973
0.185602
0.274546
0.303760
0.211456
0.276164
0.233994
0.329333
0.314000
0.270760
0.204257
0.309906
0.232283
0.231869
0.300443
0.224402
0.278345
0.246653
0.318792
0.227954
0.216901
0.344924
0.240607
0.298577
0.272086
0.240187
0.310486
0.246856
0.293663
0.251932
0.333410
0.186827
0.298921
0.180264
0.328385
0.337985
0.205650
0.309420
0.295161
0.286118
0.331067
0.190511
0.342446
0.255096
0.313857
0.353092
0.349889
0.244866
0.336496
0.289490
0.282511
0.314358
0.331955
0.339149
0.339562
0.355088
0.360445
0.348341
0.227602
0.254531
0.323705
0.332995
0.328154
0.254297
0.378119
0.366155
0.343190
0.364678
0.343385
0.290539
0.344216
0.328572
0.359955
0.350793
0.317542
0.249361
0.343391
0.339362
0.189166
0.346199
0.325582
0.337330
0.287205
0.309052
0.349331
0.262784
0.350402
0.306448
0.337838
0.294757
0.355308
0.343389
0.325027
0.278990
0.323687
0.334012
0.362868
0.270386
0.351241
0.308284
0.355588
0.348552
0.360482
0.352121
0.248957
0.356372
0.334472
0.349797
0.363901
0.332358
0.358860
0.350118
0.356386
0.365074
0.319735
0.290723
0.327979
0.334703
0.349287
0.351936
0.325753
0.338985
0.379612
0.345350
0.372430
0.349083
0.361508
0.366930
0.344268
0.340939
0.352352
0.317981
0.347769
0.358411
0.346453
0.384426
0.338359
0.363737
0.287455
0.348237
0.326878
0.361481
0.316186
0.272849
0.378858
0.377228
0.279821
0.359696
0.326626
0.353224
0.325452
0.376598
0.330210
0.355501
0.310308
0.357889
0.344169
0.365426
0.338134
0.369072
0.372743
0.347161
0.342689
0.356283
0.356512
0.367163
0.368494
0.383818
0.374868
0.364194
0.359088
0.371397
0.341241
0.356031
0.387410
0.357407
0.383789
0.286562
0.363657
0.367771
0.363464
0.388732
0.324670
0.386815
0.322889
0.290907
0.382866
0.343619
0.387610
0.335985
0.338817
0.341125
0.385949
0.377826
0.369568
0.381125
0.381677
0.386914
0.388823
0.372791
0.342955
0.382379
0.370208
0.385237
0.371950
0.342613
0.367400
0.297620
0.376742
0.370904
0.389734
0.381509
0.387211
0.376474
0.378591
0.394888
0.343621
0.388688
0.338553
0.333346
0.377638
0.360256
0.346550
0.349644
0.384582
0.371472
0.369359
0.384574
0.369107
0.399549
0.336561
0.380677
0.395441
0.381969
0.388280
0.375670
0.387618
0.370391
0.398645
0.376715
0.363881
0.397086
0.376609
0.338446
0.398772
0.388994
0.384397
0.381985
0.381918
0.373582
0.374713
0.392963
0.379867
0.385666
0.351083
0.329560
0.389317
0.386525
0.400584
0.384597
0.392951
0.380805
0.395447
0.396752
0.363524
0.384244
0.363065
0.349774
0.392839
0.378044
0.375364
0.394024
0.393356
0.382912
0.391333
0.398614
0.393630
0.401354
0.348370
0.387797
0.398636
0.389065
0.392752
0.387248
0.409508
0.387389
0.387836
0.369630
0.383608
3.281658
0.401818
0.360826
0.388296
0.386415
0.397908
0.390038
0.396518
0.365980
0.390742
0.392561
0.376186
0.390181
0.376349
0.358537
0.395026
0.402746
0.395756
0.399505
0.392382
0.393317
0.391613
0.398189
0.397006
0.386646
0.374387
0.340086
0.395808
0.385069
0.389280
0.388188
0.401401
0.396303
0.389886
0.402776
0.403198
0.401548
0.346899
0.391891
0.391422
0.375652
0.410526
0.402198
0.405632
3.021722
0.403000
0.367290
0.409791
0.398408
0.402768
0.370146
0.386840
0.394647
0.412275
0.657081
0.407231
0.380645
0.398979
0.386416
0.381221
0.387909
0.388961
0.368453
0.408831
0.405903
2.917385
0.403771
1.362021
0.396231
0.369128
0.425485
0.398771
0.391569
0.385045
0.378852
0.389167
0.386237
0.393925
0.401128
0.409319
0.410895
0.389979
0.398684
0.406378
0.393529
0.354034
0.401424
0.375170
0.362871
0.411171
0.405334
1.614343
1.892710
0.550430
0.397412
0.390575
0.497028
0.415113
0.372113
0.383836
0.401866
0.426854
0.395341
0.395194
0.392081
0.414605
0.388515
0.386278
0.394555
0.401962
