0.000168 0.000009 0.000106 0.000102 0.000087 0.000035
0.000020 0.000005 0.000012 0.000008 0.000014 0.000003
0.000263 0.000013 0.000162 0.000351 0.000222 0.000145
0.000273 0.000013 0.000211 0.000224 0.000140 0.000052
0.000040 0.000008 0.000024 0.000038 0.000101 0.000072
0.000158 0.000010 0.000110 0.000099 0.000093 0.000046
0.000164 0.000011 0.000185 0.000189 0.000129 0.000043
0.000203 0.000014 0.000157 0.000150 0.000085 0.000027
0.000469 0.000021 0.000231 0.000214 0.000160 0.000062
0.000036 0.000008 0.000024 0.000027 0.000028 0.000008
0.000043 0.000007 0.000023 0.000026 0.000013 0.000015
0.000076 0.000007 0.000049 0.000051 0.000044 0.000023
0.000026 0.000005 0.000014 0.000012 0.000008 0.000001
0.000146 0.000009 0.000064 0.000046 0.000033 0.000010
0.000326 0.000022 0.000296 0.000254 0.000253 0.000134
0.000056 0.000006 0.000042 0.000036 0.000031 0.000005
0.000101 0.000009 0.000086 0.000099 0.000074 0.000028
0.000683 0.000036 0.000373 0.000331 0.000229 0.000097
0.000215 0.000015 0.000283 0.000328 0.000264 0.000139
0.000309 0.000018 0.000068 0.000120 0.000163 0.000106
0.000369 0.000020 0.000265 0.000245 0.000206 0.000113
0.000064 0.000012 0.000031 0.000028 0.000027 0.000027
0.000223 0.000011 0.000064 0.000152 0.000377 0.000224
0.000367 0.000024 0.000090 0.000259 0.000613 0.000380
0.000084 0.000009 0.000030 0.000050 0.000077 0.000055
0.000207 0.000013 0.000099 0.000070 0.000130 0.000082
0.000351 0.000017 0.000121 0.000173 0.000269 0.000143
0.000036 0.000007 0.000060 0.000086 0.000068 0.000040
0.000072 0.000006 0.000044 0.000037 0.000024 0.000004
0.000058 0.000011 0.000059 0.000049 0.000032 0.000012
0.000714 0.000041 0.000297 0.000601 0.000599 0.000435
0.000026 0.000005 0.000010 0.000015 0.000049 0.000050
0.000411 0.000020 0.000211 0.000175 0.000114 0.000050
0.000533 0.000024 0.000413 0.000332 0.000233 0.000108
0.000288 0.000017 0.000169 0.000175 0.000143 0.000064
0.000102 0.000013 0.000041 0.000064 0.000070 0.000034
0.000528 0.000024 0.000355 0.000399 0.000367 0.000222
0.000049 0.000010 0.000011 0.000042 0.000110 0.000065
0.000378 0.000019 0.000244 0.000231 0.000187 0.000100
0.000064 0.000011 0.000090 0.000137 0.000191 0.000110
0.000229 0.000013 0.000140 0.000112 0.000072 0.000037
0.000313 0.000013 0.000129 0.000102 0.000070 0.000026
0.000322 0.000016 0.000245 0.000221 0.000153 0.000067
0.000542 0.000022 0.000133 0.000140 0.000162 0.000103
0.000164 0.000012 0.000086 0.000100 0.000102 0.000063
0.000208 0.000016 0.000166 0.000201 0.000264 0.000153
0.001158 0.000069 0.000543 0.000395 0.000245 0.000151
0.000138 0.000011 0.000104 0.000063 0.000052 0.000028
0.000668 0.000037 0.000455 0.000390 0.000235 0.000107
0.001038 0.000065 0.000578 0.000448 0.000300 0.000155
0.000347 0.000023 0.000514 0.000624 0.000334 0.000178
0.000671 0.000049 0.000553 0.000457 0.000406 0.000233
0.000196 0.000010 0.000129 0.000108 0.000064 0.000022
0.000159 0.000015 0.000145 0.000128 0.000089 0.000025
0.000623 0.000036 0.000524 0.000476 0.000193 0.000094
0.000048 0.000008 0.000047 0.000052 0.000054 0.000025
0.000015 0.000004 0.000007 0.000005 0.000004 0.000001
0.000937 0.000056 0.000516 0.000376 0.000207 0.000115
0.000469 0.000023 0.000334 0.000307 0.000195 0.000101
0.000204 0.000011 0.000168 0.000188 0.000145 0.000065
0.000955 0.000063 0.000678 0.000635 0.000399 0.000204
0.001083 0.000070 0.000649 0.000483 0.000296 0.000130
0.000901 0.000046 0.000327 0.000295 0.000175 0.000082
0.001100 0.000080 0.000792 0.000628 0.000356 0.000165
0.000170 0.000011 0.000062 0.000052 0.000038 0.000015
0.000220 0.000014 0.000071 0.000043 0.000038 0.000018
0.000603 0.000034 0.000478 0.000277 0.000170 0.000089
0.000623 0.000034 0.000416 0.000278 0.000156 0.000052
0.000164 0.000007 0.000089 0.000073 0.000062 0.000021
0.000827 0.000051 0.000611 0.000358 0.000213 0.000109
0.000545 0.000026 0.000286 0.000180 0.000109 0.000050
0.000187 0.000015 0.000137 0.000120 0.000068 0.000025
0.000136 0.000011 0.000128 0.000135 0.000119 0.000061
0.000869 0.000060 0.000702 0.000600 0.000374 0.000175
0.000110 0.000008 0.000051 0.000044 0.000034 0.000012
0.000469 0.000019 0.000211 0.000147 0.000075 0.000023
0.000359 0.000017 0.000209 0.000197 0.000142 0.000083
0.000656 0.000037 0.000411 0.000316 0.000170 0.000063
0.000241 0.000014 0.000156 0.000173 0.000107 0.000057
0.000307 0.000014 0.000092 0.000105 0.000123 0.000092
0.000931 0.000062 0.000459 0.000330 0.000210 0.000104
0.000073 0.000011 0.000079 0.000085 0.000072 0.000029
0.000161 0.000016 0.000125 0.000105 0.000077 0.000028
0.000440 0.000019 0.000186 0.000189 0.000116 0.000051
0.000130 0.000010 0.000123 0.000143 0.000121 0.000080
0.000786 0.000062 0.000577 0.000395 0.000258 0.000157
0.000505 0.000021 0.000359 0.000306 0.000193 0.000061
0.000096 0.000007 0.000078 0.000068 0.000048 0.000015
0.000682 0.000032 0.000459 0.000350 0.000206 0.000086
0.001129 0.000067 0.000508 0.000374 0.000234 0.000116
0.000346 0.000015 0.000241 0.000206 0.000140 0.000056
0.000848 0.000056 0.000432 0.000353 0.000232 0.000111
0.000314 0.000015 0.000156 0.000096 0.000087 0.000043
0.000119 0.000006 0.000071 0.000061 0.000054 0.000025
0.000723 0.000067 0.000616 0.000868 0.000580 0.000280
0.000243 0.000013 0.000133 0.000132 0.000079 0.000029
0.000195 0.000015 0.000119 0.000101 0.000080 0.000037
0.000922 0.000055 0.000705 0.000540 0.000354 0.000187
0.000126 0.000014 0.000113 0.000144 0.000089 0.000030
0.000731 0.000049 0.000471 0.000309 0.000129 0.000061
0.001013 0.000084 0.000851 0.000737 0.000409 0.000231
0.000234 0.000011 0.000136 0.000121 0.000063 0.000024
0.000642 0.000031 0.000207 0.000125 0.000076 0.000022
0.000314 0.000019 0.000153 0.000225 0.000264 0.000126
0.001780 0.000076 0.000434 0.000866 0.000873 0.000379
0.001254 0.000079 0.000625 0.000483 0.000289 0.000119
0.000661 0.000035 0.000416 0.000354 0.000232 0.000094
0.000185 0.000010 0.000097 0.000078 0.000049 0.000016
0.001128 0.000093 0.001079 0.000661 0.000306 0.000113
0.000397 0.000017 0.000246 0.000176 0.000104 0.000032
0.000295 0.000020 0.000244 0.000354 0.000218 0.000155
0.000996 0.000069 0.000766 0.000669 0.000505 0.000231
0.000304 0.000017 0.000181 0.000232 0.000171 0.000067
0.000893 0.000039 0.000242 0.000203 0.000337 0.000241
0.000671 0.000037 0.000457 0.000681 0.000607 0.000414
0.001704 0.000069 0.000350 0.000486 0.000566 0.000424
0.000363 0.000017 0.000226 0.000151 0.000099 0.000031
0.000319 0.000017 0.000166 0.000262 0.000422 0.000259
0.001965 0.000133 0.001012 0.000754 0.000381 0.000141
0.000425 0.000018 0.000350 0.000522 0.000379 0.000153
0.001001 0.000065 0.000694 0.000630 0.000338 0.000155
0.000673 0.000034 0.000436 0.000284 0.000210 0.000089
0.000410 0.000019 0.000329 0.000284 0.000208 0.000093
0.001020 0.000066 0.000501 0.000407 0.000299 0.000120
0.000485 0.000035 0.000383 0.000293 0.000175 0.000105
0.000956 0.000064 0.000705 0.000855 0.000421 0.000219
0.000424 0.000030 0.000411 0.000263 0.000189 0.000093
0.001606 0.000126 0.000871 0.000463 0.000267 0.000121
0.000139 0.000014 0.000073 0.000051 0.000042 0.000021
0.000872 0.000079 0.000981 0.000637 0.000458 0.000241
0.000092 0.000007 0.000105 0.000124 0.000139 0.000081
0.001588 0.000144 0.001126 0.000940 0.000607 0.000353
0.001615 0.000137 0.000957 0.000555 0.000291 0.000162
0.000198 0.000015 0.000179 0.000196 0.000166 0.000073
0.001076 0.000082 0.001021 0.000676 0.000369 0.000192
0.000977 0.000058 0.000460 0.000352 0.000274 0.000167
0.000857 0.000052 0.000617 0.000478 0.000264 0.000109
0.001607 0.000120 0.000960 0.000732 0.000387 0.000198
0.000141 0.000009 0.000106 0.000152 0.000116 0.000055
0.001934 0.000152 0.001276 0.000884 0.000471 0.000260
0.000578 0.000023 0.000274 0.000214 0.000116 0.000039
0.001209 0.000084 0.000718 0.000502 0.000268 0.000107
0.002718 0.000191 0.001348 0.001013 0.000615 0.000317
0.001825 0.000136 0.000907 0.000571 0.000328 0.000182
0.000511 0.000021 0.000293 0.000285 0.000178 0.000062
0.001757 0.000128 0.001417 0.001079 0.000578 0.000329
0.000870 0.000064 0.000603 0.000751 0.000484 0.000268
0.000956 0.000052 0.000468 0.000810 0.000602 0.000322
0.001128 0.000103 0.000842 0.000847 0.000464 0.000232
0.001712 0.000148 0.001101 0.000794 0.000450 0.000221
0.001882 0.000156 0.001376 0.001085 0.000805 0.000477
0.002187 0.000166 0.001327 0.001104 0.000579 0.000322
0.002878 0.000234 0.001637 0.001442 0.000986 0.000554
0.003468 0.000260 0.001568 0.001310 0.000877 0.000427
0.002066 0.000169 0.001452 0.001188 0.000694 0.000342
0.000315 0.000016 0.000223 0.000223 0.000125 0.000037
0.000553 0.000029 0.000385 0.000332 0.000209 0.000104
0.001323 0.000121 0.001437 0.001127 0.000797 0.000424
0.001584 0.000093 0.000838 0.001258 0.000886 0.000513
0.001477 0.000116 0.001007 0.001208 0.000672 0.000465
0.000595 0.000039 0.000191 0.000213 0.000243 0.000166
0.004459 0.000245 0.000962 0.001349 0.000977 0.000482
0.005723 0.000303 0.000937 0.001256 0.002038 0.001167
0.001969 0.000167 0.001484 0.001168 0.000803 0.000462
0.002704 0.000119 0.001124 0.001145 0.000943 0.000484
0.002658 0.000139 0.001052 0.001340 0.001809 0.000813
0.000931 0.000057 0.000813 0.000758 0.000409 0.000204
0.002107 0.000178 0.001399 0.000900 0.000660 0.000340
0.001621 0.000092 0.000724 0.000570 0.000457 0.000285
0.002779 0.000234 0.001489 0.001137 0.000638 0.000306
0.001823 0.000181 0.001600 0.001321 0.000772 0.000422
0.001401 0.000077 0.000270 0.000235 0.000269 0.000170
0.000498 0.000020 0.000257 0.000259 0.000238 0.000153
0.001837 0.000164 0.001417 0.001055 0.000746 0.000399
0.001640 0.000156 0.001620 0.001073 0.000819 0.000387
0.000149 0.000009 0.000105 0.000122 0.000107 0.000049
0.002290 0.000180 0.001391 0.001141 0.000647 0.000336
0.001588 0.000126 0.001129 0.000925 0.000618 0.000383
0.001634 0.000176 0.001426 0.001764 0.001773 0.000815
0.000752 0.000054 0.000454 0.000684 0.000417 0.000252
0.000946 0.000065 0.000604 0.000629 0.000327 0.000189
0.002114 0.000158 0.001177 0.000796 0.000438 0.000259
0.000601 0.000024 0.000259 0.000251 0.000241 0.000136
0.002458 0.000221 0.001388 0.000998 0.000580 0.000266
0.001027 0.000078 0.000791 0.000837 0.000460 0.000225
0.001688 0.000158 0.001348 0.001000 0.000703 0.000339
0.000892 0.000037 0.000330 0.000409 0.000422 0.000230
0.002490 0.000229 0.001187 0.001117 0.000723 0.000403
0.001979 0.000169 0.001240 0.000933 0.000634 0.000392
0.001543 0.000130 0.001299 0.001064 0.000592 0.000313
0.000640 0.000057 0.000543 0.000624 0.000319 0.000167
0.001378 0.000142 0.001324 0.001175 0.000814 0.000451
0.001372 0.000134 0.001190 0.000846 0.000555 0.000365
0.002847 0.000223 0.001335 0.000978 0.000544 0.000277
0.000739 0.000054 0.000654 0.000606 0.000360 0.000173
0.001943 0.000174 0.001297 0.001320 0.000832 0.000456
0.001166 0.000108 0.001033 0.000961 0.000577 0.000460
0.003478 0.000375 0.001449 0.001848 0.002190 0.000972
0.001970 0.000175 0.001297 0.001470 0.000829 0.000465
0.003850 0.000449 0.001494 0.002673 0.002141 0.000882
0.002412 0.000201 0.001287 0.001444 0.000988 0.000571
0.000517 0.000036 0.000260 0.000245 0.000446 0.000358
0.002361 0.000160 0.000983 0.001030 0.000744 0.000392
0.001519 0.000116 0.000965 0.001150 0.000679 0.000408
0.002346 0.000217 0.001774 0.001313 0.000990 0.000532
0.002915 0.000254 0.001354 0.002013 0.001480 0.000800
0.001588 0.000156 0.001472 0.001147 0.000695 0.000450
0.003067 0.000351 0.002401 0.001738 0.001678 0.000888
0.002354 0.000221 0.001325 0.001095 0.000698 0.000414
0.002334 0.000218 0.001848 0.001796 0.001353 0.000636
0.002805 0.000235 0.001690 0.001313 0.000926 0.000458
0.001431 0.000111 0.001123 0.001114 0.000554 0.000294
0.000999 0.000072 0.000568 0.000564 0.000450 0.000245
0.001317 0.000195 0.002359 0.001646 0.001649 0.000599
0.001973 0.000137 0.001289 0.001100 0.000606 0.000367
0.002080 0.000176 0.001777 0.001676 0.001222 0.000611
0.001939 0.000194 0.001948 0.001929 0.002139 0.001208
0.001308 0.000122 0.000864 0.001133 0.000660 0.000431
0.002011 0.000204 0.001400 0.001137 0.001053 0.000613
0.004245 0.000276 0.001574 0.001000 0.000548 0.000275
0.002151 0.000190 0.001533 0.001154 0.001070 0.000605
0.002795 0.000267 0.001604 0.001497 0.000909 0.000596
0.002299 0.000248 0.001985 0.002209 0.001648 0.000712
0.002758 0.000213 0.001349 0.001050 0.000843 0.000584
0.002638 0.000242 0.001959 0.001338 0.001094 0.000429
0.002074 0.000166 0.001465 0.001117 0.000734 0.000428
0.001586 0.000130 0.000987 0.000800 0.000423 0.000191
0.002172 0.000159 0.001633 0.001281 0.000910 0.000536
0.001708 0.000136 0.001130 0.001503 0.001508 0.000822
0.001820 0.000234 0.002088 0.001872 0.001532 0.000585
0.002817 0.000308 0.001880 0.001637 0.001285 0.000612
0.002114 0.000170 0.001301 0.000908 0.000549 0.000307
0.009285 0.000463 0.002196 0.001849 0.001372 0.000703
0.001746 0.000135 0.000783 0.000773 0.000972 0.000526
0.002558 0.000389 0.002416 0.001621 0.001472 0.000645
0.000783 0.000082 0.000992 0.000925 0.000648 0.000429
0.002043 0.000225 0.001891 0.001108 0.001251 0.000495
0.001548 0.000128 0.001397 0.001309 0.001033 0.000506
0.003402 0.000224 0.001506 0.001064 0.000553 0.000247
0.001348 0.000081 0.000570 0.000429 0.000246 0.000122
0.000729 0.000054 0.000589 0.000755 0.000533 0.000293
0.003916 0.000334 0.002759 0.001868 0.002185 0.000626
0.004675 0.000359 0.001546 0.001237 0.000678 0.000343
0.000645 0.000047 0.000725 0.000535 0.000306 0.000137
0.002550 0.000195 0.001694 0.001350 0.000904 0.000464
0.001280 0.000125 0.001071 0.000834 0.000382 0.000216
0.002399 0.000234 0.002002 0.001915 0.001129 0.000671
0.001991 0.000213 0.001275 0.001403 0.001694 0.000646
0.002991 0.000406 0.002496 0.001496 0.001590 0.000549
0.001441 0.000118 0.001008 0.001145 0.000748 0.000447
0.004632 0.000440 0.002983 0.003262 0.002962 0.001175
0.001174 0.000093 0.000988 0.001326 0.001438 0.000712
0.002481 0.000179 0.001698 0.002212 0.002011 0.000817
0.002413 0.000116 0.000895 0.001389 0.001617 0.000661
0.002849 0.000481 0.002260 0.002002 0.001436 0.000621
0.002504 0.000125 0.000829 0.001211 0.001421 0.000771
0.003011 0.000267 0.001515 0.001529 0.000946 0.000529
0.003987 0.000279 0.001620 0.001473 0.000956 0.000502
0.002485 0.000194 0.001987 0.001480 0.001268 0.000575
0.002470 0.000167 0.001826 0.001695 0.001227 0.000605
0.002941 0.000298 0.002031 0.001558 0.001709 0.000743
0.002196 0.000273 0.002091 0.001893 0.001270 0.000676
0.004392 0.000417 0.002627 0.002393 0.002496 0.001251
0.002425 0.000274 0.002274 0.002119 0.001462 0.000751
0.004639 0.000326 0.001446 0.001647 0.001231 0.000668
0.004470 0.000409 0.001848 0.002075 0.001612 0.000733
0.002486 0.000223 0.001763 0.001544 0.001440 0.000659
0.003096 0.000440 0.002649 0.001859 0.002081 0.000683
0.005852 0.000404 0.002115 0.002913 0.002724 0.001229
0.002813 0.000172 0.002317 0.002597 0.002456 0.001734
0.002771 0.000254 0.002480 0.002976 0.002217 0.001695
0.005784 0.000519 0.002202 0.002115 0.001634 0.000597
0.003489 0.000300 0.001740 0.002089 0.001721 0.000920
0.004535 0.000440 0.002833 0.001876 0.001873 0.000797
0.000816 0.000048 0.000500 0.000357 0.000372 0.000277
0.003246 0.000389 0.002808 0.001526 0.002345 0.000824
0.003240 0.000332 0.001911 0.001678 0.001276 0.000707
0.003483 0.000350 0.001877 0.001332 0.001690 0.000965
0.003737 0.000484 0.003014 0.002613 0.001936 0.001071
0.001527 0.000140 0.001176 0.000702 0.000584 0.000385
0.004478 0.000691 0.003138 0.002180 0.002716 0.000950
0.001477 0.000114 0.001522 0.001417 0.001287 0.000730
0.000989 0.000067 0.000732 0.000815 0.000614 0.000565
0.004622 0.000498 0.003399 0.003079 0.002845 0.001905
0.001904 0.000161 0.001439 0.001335 0.000850 0.000519
0.004180 0.000601 0.003391 0.002036 0.003114 0.001003
0.001679 0.000151 0.000943 0.000943 0.000644 0.000409
0.001565 0.000510 0.003239 0.003039 0.002469 0.001157
0.001996 0.000157 0.001363 0.001167 0.001649 0.000897
0.008838 0.000512 0.001709 0.001107 0.001013 0.000476
0.004120 0.000272 0.001551 0.001645 0.001128 0.000655
0.004222 0.000327 0.001915 0.002008 0.001318 0.000698
0.005090 0.000331 0.001783 0.001501 0.000949 0.000394
0.006406 0.000566 0.002545 0.002242 0.001936 0.000861
0.006921 0.000529 0.002422 0.001948 0.001493 0.000539
0.015383 0.000669 0.001557 0.001555 0.001364 0.000662
0.003708 0.000251 0.002285 0.001909 0.001313 0.000771
0.002204 0.000215 0.002421 0.001869 0.001619 0.000864
0.005129 0.000364 0.001791 0.001822 0.001145 0.000449
0.002825 0.000138 0.000751 0.000542 0.000339 0.000202
0.008367 0.000593 0.002363 0.002044 0.002008 0.000932
0.003970 0.000290 0.001336 0.001611 0.001132 0.000552
0.001932 0.000171 0.001595 0.001335 0.001151 0.000592
0.003824 0.000290 0.003030 0.002660 0.002242 0.001250
0.000981 0.000089 0.000857 0.001204 0.000868 0.000794
0.005475 0.000738 0.004154 0.004535 0.003313 0.002929
0.004384 0.000475 0.002496 0.002413 0.002300 0.001149
0.005701 0.000517 0.002597 0.001972 0.002213 0.000832
0.005672 0.000402 0.001878 0.001534 0.001071 0.000662
0.009658 0.000616 0.002156 0.002281 0.001898 0.000896
0.003275 0.000427 0.002695 0.002507 0.002538 0.001158
0.005684 0.000579 0.001853 0.002041 0.002045 0.000990
0.017914 0.000723 0.003849 0.002478 0.004336 0.000815
0.001780 0.000162 0.000956 0.001054 0.000714 0.000403
0.006100 0.000432 0.002811 0.002042 0.001858 0.000963
0.002299 0.000347 0.002129 0.001599 0.001560 0.000689
0.002416 0.000213 0.001607 0.001758 0.003402 0.000851
0.004969 0.000688 0.004113 0.003838 0.002950 0.001899
0.002230 0.000211 0.001765 0.001770 0.001027 0.000599
0.001929 0.000237 0.001782 0.001430 0.001348 0.000494
0.002212 0.000324 0.002697 0.001759 0.002014 0.000739
0.005507 0.000699 0.002760 0.001940 0.002418 0.000811
0.004954 0.000475 0.002129 0.002137 0.001771 0.000743
0.004615 0.000326 0.001828 0.001853 0.001570 0.000660
0.007467 0.000641 0.002515 0.001774 0.001628 0.000570
0.003533 0.000319 0.002043 0.001664 0.001295 0.000582
0.006341 0.000482 0.003248 0.003119 0.002060 0.001128
0.001486 0.000168 0.001691 0.001517 0.001013 0.000553
0.004773 0.000488 0.003000 0.001799 0.002140 0.000994
0.007244 0.000495 0.004018 0.003289 0.002488 0.001348
0.009516 0.000589 0.003453 0.002678 0.002384 0.000947
0.020907 0.001013 0.002124 0.002015 0.001790 0.000617
0.004370 0.000213 0.001474 0.001496 0.001578 0.001065
0.012102 0.000823 0.001684 0.001565 0.001041 0.000441
0.005506 0.000761 0.002753 0.003802 0.002701 0.001082
0.025908 0.000760 0.002482 0.002648 0.002484 0.000775
0.004262 0.000278 0.001719 0.001853 0.001867 0.000752
0.004133 0.000469 0.002579 0.002781 0.002082 0.001024
0.019637 0.000815 0.002161 0.001780 0.001461 0.000502
0.005463 0.000401 0.001678 0.001690 0.001247 0.000600
0.001909 0.000173 0.001640 0.001462 0.001156 0.000707
0.006114 0.000817 0.004441 0.002651 0.004656 0.001239
0.004742 0.000277 0.001796 0.001703 0.001788 0.000774
0.006065 0.000819 0.002833 0.001728 0.002576 0.000770
0.004244 0.000436 0.001688 0.002040 0.001454 0.000555
0.005928 0.000776 0.002888 0.002050 0.002593 0.000648
0.003595 0.000462 0.002304 0.001628 0.001414 0.000731
0.003740 0.000583 0.004037 0.002126 0.003620 0.000981
0.012585 0.000571 0.001829 0.002058 0.001333 0.000437
0.005276 0.000344 0.002319 0.001721 0.001446 0.000672
0.009008 0.000590 0.001846 0.001580 0.001103 0.000547
0.002300 0.000366 0.002634 0.001810 0.001729 0.000806
0.001409 0.000165 0.001129 0.001873 0.001620 0.001067
0.008618 0.001750 0.006027 0.009493 0.006167 0.003372
0.009310 0.000579 0.002929 0.002950 0.002605 0.001272
0.014046 0.000792 0.002161 0.002142 0.001584 0.000631
0.009316 0.000768 0.002925 0.003334 0.002893 0.001119
0.031839 0.001316 0.002886 0.003255 0.003147 0.001095
0.006667 0.000713 0.003351 0.004115 0.004127 0.001911
0.007937 0.000679 0.002366 0.002762 0.002770 0.001797
0.009314 0.001395 0.006466 0.003674 0.006299 0.001392
0.002377 0.000318 0.001939 0.001379 0.001499 0.000678
0.007915 0.000795 0.003757 0.003229 0.002970 0.001797
0.003898 0.000623 0.003169 0.002807 0.002000 0.001198
0.003019 0.000437 0.002875 0.003024 0.004137 0.001398
0.006044 0.000703 0.004487 0.005462 0.003629 0.003154
0.004736 0.000476 0.002677 0.002817 0.002512 0.001048
0.004716 0.000470 0.003144 0.002680 0.002231 0.001116
0.006548 0.000816 0.004374 0.003370 0.004020 0.001514
0.008316 0.001034 0.004110 0.003062 0.004154 0.001337
0.013001 0.000652 0.002439 0.002386 0.002128 0.000817
0.008246 0.000659 0.001879 0.002331 0.002135 0.000800
0.017371 0.000855 0.004979 0.004102 0.005509 0.000998
0.007944 0.001015 0.002741 0.002727 0.002634 0.000690
0.011661 0.000579 0.003767 0.005432 0.003372 0.001436
0.002001 0.000323 0.002589 0.001859 0.001889 0.000828
0.009646 0.001201 0.006928 0.005401 0.006474 0.001625
0.012593 0.000920 0.004250 0.004949 0.003471 0.001892
0.007608 0.000863 0.005659 0.004534 0.003442 0.001911
0.032332 0.000846 0.004422 0.002414 0.003925 0.001350
0.007848 0.000671 0.001701 0.001520 0.001326 0.000573
0.018798 0.000676 0.002563 0.002451 0.001967 0.000717
0.012119 0.000738 0.003118 0.002144 0.002956 0.000841
0.094299 0.001176 0.003143 0.002729 0.004303 0.001176
0.005793 0.000536 0.001744 0.003596 0.004046 0.001335
0.005854 0.000954 0.004321 0.003351 0.003800 0.001177
3.374739 0.283922 0.640529 0.082973 0.005525 0.005833
0.013653 0.000736 0.001596 0.001617 0.001717 0.000997
0.003114 0.000282 0.001880 0.001989 0.001800 0.000874
0.015092 0.000959 0.006578 0.005545 0.007721 0.002638
0.010863 0.000551 0.002066 0.003940 0.002240 0.001069
0.011523 0.001185 0.004047 0.001997 0.003174 0.000999
0.008074 0.000587 0.001575 0.001990 0.002279 0.000788
0.011811 0.001167 0.004071 0.002669 0.003928 0.001024
0.004292 0.000457 0.002341 0.002462 0.002404 0.000947
0.007524 0.001161 0.005381 0.002914 0.005109 0.001282
0.008691 0.001046 0.004161 0.003315 0.002663 0.001129
0.005369 0.000406 0.003907 0.002890 0.003009 0.001449
0.012493 0.000896 0.003738 0.002706 0.002345 0.001055
0.003594 0.000584 0.003685 0.002684 0.003110 0.001215
0.002403 0.000314 0.001723 0.002309 0.001779 0.001300
0.020875 0.003511 0.004634 0.006464 0.005468 0.002568
0.006861 0.000697 0.003168 0.002508 0.002973 0.001506
0.037597 0.001700 0.002635 0.002473 0.001732 0.000662
0.017110 0.001158 0.003080 0.002498 0.002782 0.001123
0.063384 0.002474 0.003249 0.003329 0.005515 0.001614
0.014812 0.000902 0.003899 0.004911 0.004541 0.002555
0.009765 0.000929 0.002767 0.004032 0.004244 0.001909
0.012053 0.001784 0.003972 0.002292 0.003445 0.000840
0.005455 0.000435 0.002107 0.001863 0.001220 0.000665
0.006234 0.001264 0.011033 0.005021 0.005715 0.001160
0.003626 0.000704 0.004850 0.003901 0.002899 0.001115
0.006034 0.000641 0.004643 0.005064 0.006189 0.002699
0.016000 0.001617 0.005713 0.006750 0.007129 0.003562
0.011510 0.000896 0.004234 0.004315 0.003841 0.001563
0.023941 0.000889 0.003500 0.002652 0.003431 0.001149
0.013824 0.001171 0.004913 0.003850 0.004561 0.001801
0.012036 0.001597 0.005850 0.004821 0.005254 0.001839
0.009568 0.000823 0.003219 0.002912 0.002200 0.000948
0.009922 0.000780 0.002942 0.003328 0.003487 0.001396
0.016933 0.001313 0.004552 0.003743 0.005706 0.001385
0.014999 0.001463 0.003227 0.004062 0.003238 0.000741
0.014514 0.001223 0.003534 0.003143 0.004458 0.001330
0.002270 0.000456 0.003300 0.002613 0.002618 0.001313
0.019604 0.001147 0.005213 0.004509 0.005325 0.002269
0.016782 0.001408 0.005240 0.006596 0.005366 0.002171
0.006066 0.000659 0.004177 0.003262 0.002599 0.002334
0.049961 0.001994 0.007570 0.004372 0.004183 0.002335
0.011362 0.001185 0.002314 0.002407 0.001983 0.001001
0.017735 0.000766 0.001087 0.001238 0.000778 0.000383
3.481791 0.358202 0.814573 0.120327 0.006468 0.006466
0.020367 0.000877 0.002890 0.002473 0.004041 0.001138
0.007660 0.000650 0.002959 0.004738 0.004277 0.001853
0.021011 0.001052 0.003249 0.003435 0.003127 0.001256
0.172649 0.001426 0.003956 0.004354 0.004501 0.001691
0.019031 0.000672 0.002332 0.002701 0.002757 0.001426
0.005142 0.000395 0.002112 0.003102 0.003070 0.001441
0.040586 0.001615 0.005289 0.005685 0.008869 0.003249
0.015495 0.000873 0.003529 0.005322 0.002939 0.001959
0.018771 0.001412 0.004691 0.002440 0.002864 0.001108
0.021730 0.006188 0.004022 0.002830 0.002049 0.001012
0.018500 0.001454 0.005346 0.003601 0.003097 0.000989
0.005582 0.000732 0.003725 0.004494 0.002943 0.001661
0.014746 0.001566 0.006888 0.003906 0.005617 0.001488
0.008281 0.000828 0.002758 0.002055 0.002254 0.000718
0.008354 0.000638 0.004455 0.003903 0.004014 0.001953
0.020586 0.000684 0.005374 0.003347 0.003366 0.001285
0.004491 0.000558 0.004669 0.004289 0.003372 0.002412
0.003790 0.000440 0.002008 0.002809 0.002209 0.001440
0.034612 0.005092 0.004221 0.006854 0.005867 0.003011
0.033738 0.001213 0.003763 0.005234 0.004460 0.002144
14.982779 0.056770 0.056249 0.087435 0.009571 0.005552
0.036348 0.001424 0.002708 0.002975 0.002410 0.000803
0.679775 0.008685 0.006880 0.007216 0.004956 0.002422
0.037109 0.001385 0.004771 0.005557 0.004991 0.002165
0.021162 0.001345 0.002634 0.002767 0.004343 0.001938
0.273026 0.003735 0.004684 0.005861 0.006807 0.001990
0.006855 0.000586 0.003039 0.002511 0.002681 0.000922
0.006439 0.000609 0.003283 0.002836 0.003620 0.001293
0.004029 0.000620 0.003949 0.001694 0.004791 0.001055
0.003884 0.000472 0.004121 0.005963 0.006255 0.002491
0.028690 0.003458 0.007660 0.007529 0.009036 0.003580
0.007606 0.001041 0.005064 0.004523 0.004734 0.001664
0.015090 0.000747 0.003245 0.002648 0.003639 0.001065
0.021786 0.001327 0.004805 0.003940 0.003547 0.001417
0.016743 0.002314 0.007085 0.006580 0.005785 0.002351
0.013802 0.000950 0.003983 0.003693 0.002686 0.001109
0.013900 0.000926 0.004175 0.003671 0.004455 0.002006
0.025344 0.001053 0.004625 0.004456 0.006601 0.001668
0.022978 0.001313 0.003255 0.004672 0.003168 0.000773
0.020195 0.001905 0.004971 0.003657 0.005783 0.001642
0.002772 0.000690 0.004434 0.003830 0.003367 0.002019
0.031955 0.001642 0.004680 0.004355 0.006158 0.002473
0.029396 0.001801 0.004469 0.006171 0.005968 0.002307
0.016421 0.001104 0.004339 0.004175 0.003130 0.001965
0.027481 0.002103 0.009987 0.005374 0.004262 0.001789
0.015170 0.001317 0.002865 0.003671 0.002846 0.001538
0.751142 0.005250 0.006334 0.003636 0.002625 0.001784
1.009576 0.004350 0.006424 0.003682 0.003578 0.002376
0.321888 0.003798 0.003692 0.002567 0.001818 0.001620
0.013866 0.001136 0.002941 0.004296 0.004101 0.002204
0.018371 0.000668 0.003096 0.003503 0.004727 0.001174
0.273948 0.003818 0.005317 0.002862 0.001659 0.001543
0.020522 0.000523 0.004603 0.004515 0.003873 0.001650
0.008169 0.000506 0.002126 0.003367 0.005128 0.001867
0.276790 0.003218 0.004622 0.007890 0.007375 0.004009
0.021348 0.001037 0.004193 0.004769 0.003954 0.001552
0.029069 0.001461 0.004755 0.002740 0.002445 0.001063
0.020120 0.001899 0.005429 0.004412 0.003990 0.001388
0.022688 0.001741 0.006646 0.004764 0.003331 0.001166
0.009665 0.001212 0.005140 0.005814 0.004280 0.002346
0.028677 0.001493 0.007133 0.005155 0.004429 0.001225
0.013075 0.001140 0.004803 0.002817 0.006390 0.001450
0.006671 0.000567 0.003783 0.003582 0.003314 0.002246
0.022113 0.000921 0.008399 0.004889 0.004548 0.001714
0.008515 0.001096 0.004908 0.005348 0.003637 0.002507
