0.000979 0.000310 0.000516 0.000501 0.000414 0.000539
0.000315 0.000182 0.000286 0.000280 0.000281 0.000419
0.001247 0.000356 0.000754 0.000811 0.000838 0.000669
0.001192 0.000374 0.000693 0.000681 0.000542 0.000561
0.000524 0.000219 0.000358 0.000367 0.000438 0.000600
0.000926 0.000314 0.000538 0.000517 0.000415 0.000542
0.000921 0.000349 0.000685 0.000679 0.000525 0.000543
0.001068 0.000344 0.000635 0.000631 0.000455 0.000514
0.001555 0.000399 0.000725 0.000708 0.000554 0.000576
0.000524 0.000226 0.000337 0.000316 0.000304 0.000433
0.000585 0.000239 0.000338 0.000319 0.000277 0.000472
0.000687 0.000271 0.000403 0.000373 0.000334 0.000494
0.000471 0.000212 0.000301 0.000285 0.000259 0.000391
0.000934 0.000297 0.000420 0.000377 0.000328 0.000447
0.001361 0.000403 0.000883 0.000777 0.000761 0.000689
0.000627 0.000259 0.000388 0.000362 0.000315 0.000428
0.000826 0.000290 0.000504 0.000494 0.000429 0.000516
0.001978 0.000457 0.000999 0.000982 0.000723 0.000610
0.001105 0.000386 0.000851 0.000892 0.000793 0.000702
0.001291 0.000375 0.000468 0.000469 0.000542 0.000665
0.001330 0.000401 0.000744 0.000718 0.000712 0.000664
0.000643 0.000254 0.000343 0.000322 0.000308 0.000495
0.001064 0.000327 0.000477 0.000555 0.000820 0.000805
0.001414 0.000403 0.000611 0.000815 0.001129 0.001054
0.000740 0.000271 0.000361 0.000357 0.000383 0.000587
0.001092 0.000319 0.000508 0.000390 0.000493 0.000633
0.001359 0.000381 0.000555 0.000603 0.000736 0.000709
0.000562 0.000256 0.000442 0.000443 0.000430 0.000545
0.000695 0.000266 0.000382 0.000353 0.000300 0.000419
0.000645 0.000272 0.000435 0.000410 0.000344 0.000446
0.001928 0.000487 0.000842 0.001316 0.001396 0.001045
0.000478 0.000208 0.000282 0.000292 0.000361 0.000571
0.001502 0.000410 0.000720 0.000608 0.000534 0.000568
0.001714 0.000456 0.000961 0.000910 0.000719 0.000641
0.001171 0.000353 0.000624 0.000608 0.000532 0.000580
0.000808 0.000286 0.000387 0.000403 0.000433 0.000542
0.001674 0.000403 0.000956 0.000947 0.000879 0.000741
0.000559 0.000226 0.000262 0.000397 0.000486 0.000605
0.001465 0.000414 0.000759 0.000670 0.000710 0.000646
0.000631 0.000289 0.000481 0.000511 0.000642 0.000644
0.001116 0.000342 0.000561 0.000517 0.000439 0.000539
0.001234 0.000341 0.000535 0.000492 0.000409 0.000512
0.001280 0.000401 0.000750 0.000721 0.000516 0.000594
0.001738 0.000471 0.000542 0.000548 0.000610 0.000647
0.000993 0.000308 0.000481 0.000466 0.000435 0.000596
0.001040 0.000346 0.000652 0.000686 0.000643 0.000725
0.002465 0.000560 0.001077 0.001000 0.000836 0.000713
0.000936 0.000322 0.000505 0.000424 0.000354 0.000519
0.001812 0.000462 0.001003 0.000953 0.000728 0.000652
0.002386 0.000544 0.001224 0.001115 0.000853 0.000691
0.001374 0.000454 0.001172 0.001140 0.001148 0.000726
0.001769 0.000504 0.001319 0.001276 0.000900 0.000796
0.001019 0.000331 0.000556 0.000530 0.000401 0.000497
0.000949 0.000338 0.000639 0.000625 0.000470 0.000504
0.001897 0.000504 0.001289 0.001249 0.000957 0.000619
0.000578 0.000246 0.000410 0.000371 0.000359 0.000506
0.000264 0.000156 0.000209 0.000203 0.000190 0.000348
0.002203 0.000523 0.001062 0.001047 0.000726 0.000620
0.001625 0.000419 0.000881 0.000852 0.000632 0.000616
0.001068 0.000333 0.000681 0.000673 0.000585 0.000589
0.002264 0.000577 0.001399 0.001402 0.001155 0.000733
0.002389 0.000578 0.001238 0.001217 0.000951 0.000687
0.002135 0.000501 0.000835 0.000851 0.000676 0.000610
0.002526 0.000616 0.001403 0.001369 0.001001 0.000717
0.000973 0.000301 0.000428 0.000394 0.000340 0.000468
0.001100 0.000325 0.000449 0.000357 0.000324 0.000485
0.001880 0.000498 0.001028 0.000969 0.000673 0.000633
0.001879 0.000493 0.000968 0.000883 0.000566 0.000567
0.001007 0.000303 0.000466 0.000445 0.000372 0.000487
0.002183 0.000563 0.001201 0.001075 0.000827 0.000658
0.001731 0.000439 0.000795 0.000706 0.000479 0.000568
0.001076 0.000341 0.000603 0.000595 0.000467 0.000507
0.001008 0.000316 0.000591 0.000580 0.000518 0.000583
0.002266 0.000583 0.001316 0.001260 0.000989 0.000695
0.000850 0.000281 0.000407 0.000374 0.000329 0.000451
0.001584 0.000402 0.000702 0.000629 0.000417 0.000499
0.001351 0.000381 0.000675 0.000649 0.000593 0.000623
0.001963 0.000489 0.000953 0.000895 0.000685 0.000584
0.001169 0.000344 0.000677 0.000682 0.000590 0.000575
0.001215 0.000361 0.000512 0.000511 0.000480 0.000622
0.002297 0.000532 0.001029 0.000920 0.000685 0.000637
0.000675 0.000282 0.000471 0.000455 0.000414 0.000518
0.001051 0.000339 0.000562 0.000542 0.000425 0.000524
0.001557 0.000395 0.000643 0.000623 0.000515 0.000565
0.000899 0.000317 0.000579 0.000555 0.000531 0.000619
0.002278 0.000560 0.001172 0.000995 0.000802 0.000725
0.001675 0.000438 0.000890 0.000866 0.000674 0.000569
0.000751 0.000287 0.000461 0.000437 0.000365 0.000471
0.001878 0.000497 0.001040 0.001003 0.000734 0.000592
0.002754 0.000607 0.001071 0.000995 0.000718 0.000635
0.001356 0.000403 0.000720 0.000684 0.000552 0.000575
0.002315 0.000523 0.000978 0.000953 0.000750 0.000632
0.001444 0.000385 0.000676 0.000490 0.000420 0.000554
0.000873 0.000300 0.000452 0.000420 0.000351 0.000516
0.002138 0.000529 0.001271 0.001408 0.001450 0.000885
0.001137 0.000332 0.000590 0.000592 0.000431 0.000513
0.001041 0.000324 0.000545 0.000521 0.000399 0.000546
0.002221 0.000559 0.001333 0.001291 0.000945 0.000685
0.000833 0.000312 0.000557 0.000563 0.000452 0.000519
0.002022 0.000494 0.001079 0.001036 0.000786 0.000577
0.002463 0.000628 0.001553 0.001520 0.001197 0.000731
0.001139 0.000339 0.000565 0.000555 0.000430 0.000503
0.001996 0.000479 0.000740 0.000614 0.000423 0.000498
0.001405 0.000370 0.000678 0.000712 0.000712 0.000679
0.003791 0.000879 0.001136 0.001729 0.001831 0.001371
0.002719 0.000592 0.001199 0.001146 0.000844 0.000664
0.001944 0.000465 0.000944 0.000920 0.000734 0.000611
0.001049 0.000312 0.000485 0.000459 0.000351 0.000471
0.002530 0.000705 0.001873 0.001702 0.001117 0.000645
0.001401 0.000413 0.000771 0.000747 0.000521 0.000525
0.001391 0.000377 0.000949 0.000942 0.000819 0.000687
0.002370 0.000606 0.001408 0.001345 0.001109 0.000790
0.001253 0.000353 0.000815 0.000783 0.000661 0.000593
0.002066 0.000527 0.000743 0.000778 0.000775 0.000808
0.001707 0.000450 0.001163 0.001214 0.001214 0.000986
0.003380 0.000791 0.000897 0.000951 0.001026 0.000994
0.001330 0.000399 0.000713 0.000682 0.000469 0.000517
0.001236 0.000352 0.000682 0.000679 0.000881 0.000829
0.003973 0.000789 0.001796 0.001716 0.001214 0.000669
0.001503 0.000386 0.001024 0.001053 0.000970 0.000700
0.002323 0.000557 0.001379 0.001347 0.001026 0.000634
0.001980 0.000490 0.000985 0.000903 0.000663 0.000633
0.001528 0.000434 0.000817 0.000807 0.000684 0.000612
0.002502 0.000563 0.001083 0.001067 0.000854 0.000674
0.001594 0.000448 0.000996 0.000949 0.000709 0.000648
0.002311 0.000591 0.001551 0.001607 0.001317 0.000714
0.001660 0.000481 0.000988 0.000953 0.000732 0.000612
0.003482 0.000720 0.001477 0.001332 0.000861 0.000653
0.000868 0.000295 0.000444 0.000398 0.000340 0.000499
0.002392 0.000666 0.001675 0.001563 0.001103 0.000740
0.000772 0.000278 0.000558 0.000525 0.000531 0.000616
0.003260 0.000783 0.002076 0.001904 0.001534 0.000877
0.003718 0.000757 0.001504 0.001406 0.000948 0.000676
0.001074 0.000338 0.000680 0.000639 0.000604 0.000592
0.002515 0.000670 0.001845 0.001699 0.001160 0.000729
0.002320 0.000539 0.001023 0.001005 0.000830 0.000676
0.002204 0.000540 0.001261 0.001224 0.000912 0.000618
0.003417 0.000705 0.001615 0.001562 0.001123 0.000680
0.000901 0.000306 0.000611 0.000625 0.000559 0.000583
0.004394 0.000917 0.001947 0.001894 0.001260 0.000760
0.001712 0.000437 0.000783 0.000741 0.000504 0.000521
0.002652 0.000603 0.001328 0.001275 0.000884 0.000633
0.005260 0.000902 0.002019 0.002071 0.001498 0.000797
0.004236 0.000829 0.001582 0.001303 0.000925 0.000695
0.001584 0.000431 0.000794 0.000795 0.000683 0.000590
0.003891 0.000954 0.001995 0.001947 0.001455 0.000840
0.002209 0.000532 0.001459 0.001462 0.001203 0.000758
0.002179 0.000570 0.001174 0.001298 0.001277 0.000843
0.002647 0.000614 0.001769 0.001675 0.001359 0.000814
0.003375 0.000749 0.001808 0.001699 0.001322 0.000785
0.004372 0.001024 0.002119 0.002092 0.001630 0.000978
0.004620 0.000921 0.002064 0.002007 0.001402 0.000770
0.006943 0.001058 0.002262 0.002181 0.001891 0.001026
0.007695 0.001315 0.002155 0.002593 0.001752 0.000933
0.004378 0.000938 0.002056 0.001995 0.001643 0.000961
0.001321 0.000373 0.000800 0.000795 0.000605 0.000540
0.001735 0.000456 0.000944 0.000923 0.000680 0.000626
0.003062 0.001003 0.002384 0.002145 0.001747 0.001209
0.003397 0.000780 0.001994 0.001920 0.001903 0.001460
0.003191 0.000675 0.001705 0.001691 0.001708 0.001130
0.001819 0.000480 0.000674 0.000619 0.000739 0.000728
0.008051 0.001422 0.002082 0.001955 0.001966 0.001603
0.009595 0.001736 0.001625 0.002554 0.002982 0.002982
0.003800 0.000897 0.002212 0.002085 0.001621 0.000927
0.005920 0.001124 0.001853 0.001870 0.001652 0.001171
0.004932 0.000992 0.002388 0.002177 0.002407 0.001763
0.002238 0.000593 0.001485 0.001495 0.001170 0.000671
0.005091 0.000995 0.002222 0.002165 0.001421 0.000869
0.003302 0.000703 0.001309 0.001252 0.001105 0.000782
0.006257 0.001068 0.002095 0.002039 0.001440 0.000753
0.004284 0.000924 0.002286 0.002138 0.001661 0.000931
0.002957 0.000666 0.000873 0.000687 0.000703 0.000743
0.001637 0.000391 0.000779 0.000785 0.000690 0.000681
0.004099 0.000894 0.002341 0.002100 0.001753 0.001026
0.004034 0.001172 0.002669 0.002526 0.001693 0.000790
0.000891 0.000310 0.000524 0.000518 0.000498 0.000571
0.004686 0.001032 0.002031 0.002046 0.001464 0.000842
0.003174 0.000769 0.001844 0.001762 0.001370 0.000918
0.003844 0.000829 0.002899 0.002393 0.002555 0.001705
0.002196 0.000518 0.001334 0.001404 0.001156 0.000841
0.002490 0.000561 0.001312 0.001327 0.001163 0.000762
0.004493 0.000816 0.001764 0.001712 0.001247 0.000724
0.001854 0.000442 0.000758 0.000717 0.000698 0.000694
0.004664 0.000929 0.002027 0.001875 0.001486 0.000844
0.002445 0.000603 0.001523 0.001556 0.001328 0.000749
0.003814 0.000804 0.002322 0.002119 0.001514 0.000816
0.002236 0.000543 0.001093 0.001070 0.001000 0.000799
0.004869 0.001010 0.002078 0.001991 0.001750 0.001063
0.003989 0.000852 0.002031 0.001910 0.001486 0.000934
0.003296 0.000877 0.002070 0.001930 0.001524 0.000897
0.002041 0.000504 0.001362 0.001356 0.001051 0.000661
0.003074 0.000853 0.002295 0.002067 0.001788 0.001133
0.003186 0.000738 0.002078 0.001888 0.001228 0.000862
0.005955 0.001024 0.001941 0.001979 0.001383 0.000700
0.001973 0.000539 0.001348 0.001327 0.001031 0.000655
0.004684 0.000867 0.002188 0.001895 0.001895 0.001243
0.002631 0.000625 0.001849 0.001577 0.001448 0.001059
0.006164 0.001088 0.002103 0.002388 0.002458 0.002117
0.004747 0.000833 0.002017 0.001939 0.001973 0.001305
0.006603 0.001384 0.003061 0.003016 0.003201 0.002496
0.005124 0.000967 0.002318 0.002161 0.001869 0.001184
0.001760 0.000472 0.000734 0.000644 0.000853 0.000870
0.004745 0.000927 0.001626 0.001608 0.001601 0.001097
0.003548 0.000737 0.001701 0.001769 0.001716 0.001119
0.006300 0.001016 0.002313 0.002161 0.001725 0.001115
0.005579 0.001080 0.002715 0.002531 0.002207 0.001519
0.003514 0.000843 0.002117 0.002029 0.001612 0.000988
0.007756 0.001211 0.005170 0.003438 0.002954 0.001490
0.004393 0.000901 0.001990 0.001896 0.001570 0.000893
0.005211 0.001308 0.003109 0.002903 0.002022 0.001055
0.006652 0.001356 0.002424 0.002483 0.001808 0.001118
0.002963 0.000735 0.001970 0.001816 0.001457 0.000791
0.002270 0.000560 0.001272 0.001265 0.001078 0.000766
0.003226 0.001440 0.004984 0.002696 0.002407 0.001909
0.003988 0.000882 0.001956 0.001926 0.001452 0.000873
0.005529 0.001105 0.003107 0.002613 0.002420 0.001065
0.005045 0.001157 0.003331 0.003294 0.004171 0.002030
0.003208 0.000709 0.001740 0.001710 0.001571 0.001191
0.003785 0.000947 0.002622 0.002184 0.001916 0.001185
0.008781 0.001102 0.002012 0.002053 0.001411 0.000846
0.004800 0.001106 0.002273 0.002194 0.001832 0.001205
0.006153 0.001007 0.002198 0.002086 0.001837 0.001151
0.004734 0.001251 0.003902 0.002810 0.002894 0.001644
0.006425 0.000929 0.001922 0.001979 0.001661 0.001140
0.006537 0.001432 0.002975 0.003218 0.001855 0.000950
0.004571 0.000865 0.002139 0.001976 0.001515 0.000917
0.003688 0.000757 0.001559 0.001563 0.001283 0.000740
0.006269 0.001239 0.002275 0.002175 0.001837 0.001303
0.003480 0.000757 0.002118 0.002062 0.002102 0.001605
0.004007 0.001038 0.004527 0.002744 0.002420 0.001590
0.006516 0.001213 0.002903 0.002531 0.001986 0.001101
0.004961 0.000955 0.001937 0.001998 0.001376 0.000788
0.017435 0.001466 0.002743 0.003044 0.002233 0.001275
0.003884 0.000808 0.001522 0.001312 0.001635 0.001301
0.004833 0.001497 0.004673 0.003257 0.002080 0.001472
0.002102 0.000665 0.001827 0.001501 0.001493 0.000924
0.004071 0.001269 0.003507 0.002865 0.002128 0.001183
0.003347 0.000933 0.002356 0.002097 0.001927 0.001289
0.007283 0.001103 0.002110 0.002178 0.001311 0.000700
0.002838 0.000653 0.001128 0.001111 0.000715 0.000673
0.002048 0.000531 0.001181 0.001308 0.001268 0.000766
0.010676 0.001880 0.004359 0.005188 0.002690 0.001344
0.009537 0.001284 0.002122 0.002190 0.001497 0.000962
0.002091 0.000553 0.001427 0.001267 0.000978 0.000646
0.006146 0.001297 0.002296 0.002629 0.001760 0.001126
0.003201 0.000716 0.001682 0.001600 0.001232 0.000742
0.005281 0.001096 0.003159 0.002446 0.002331 0.001176
0.003681 0.000868 0.002732 0.002097 0.002082 0.001839
0.007142 0.001468 0.004665 0.004042 0.002218 0.001433
0.003177 0.000694 0.002023 0.001827 0.001640 0.001020
0.009045 0.001422 0.005618 0.003649 0.004065 0.002699
0.002533 0.000655 0.001745 0.001916 0.001857 0.001596
0.005032 0.001006 0.003642 0.002743 0.002997 0.001915
0.004933 0.001036 0.001970 0.002386 0.002500 0.001847
0.005749 0.001559 0.003505 0.002209 0.002763 0.001965
0.005135 0.001070 0.001496 0.002016 0.001944 0.001654
0.007204 0.001107 0.002670 0.002619 0.001837 0.001063
0.009037 0.001208 0.002314 0.002550 0.001829 0.000994
0.005638 0.001208 0.003224 0.002729 0.002133 0.001091
0.005700 0.001294 0.002384 0.002466 0.001939 0.001265
0.008234 0.001565 0.003143 0.003022 0.002997 0.001594
0.004801 0.001032 0.003378 0.002626 0.002070 0.001405
0.008137 0.001195 0.005484 0.004844 0.005104 0.001966
0.005308 0.001103 0.003401 0.003087 0.002517 0.001474
0.009078 0.001367 0.002318 0.002166 0.001983 0.001475
0.011855 0.001491 0.002355 0.002819 0.001971 0.001702
0.004887 0.000942 0.002973 0.002541 0.001972 0.001558
0.005585 0.001663 0.005567 0.003642 0.003295 0.001885
0.011472 0.001911 0.004672 0.003441 0.004061 0.002806
0.005338 0.001059 0.004867 0.004703 0.005307 0.003006
0.006469 0.001406 0.004229 0.003880 0.005201 0.002572
0.014437 0.001643 0.002754 0.002621 0.002203 0.001838
0.006521 0.001313 0.003886 0.002608 0.003373 0.002016
0.010530 0.001442 0.004887 0.003506 0.003374 0.001292
0.002188 0.000504 0.001093 0.000957 0.000915 0.000836
0.007309 0.001920 0.005730 0.004907 0.003714 0.001358
0.005926 0.001367 0.002542 0.002834 0.002762 0.001568
0.007465 0.001423 0.003120 0.002248 0.002030 0.001961
0.008331 0.001382 0.007330 0.004082 0.004107 0.001500
0.003255 0.000725 0.001883 0.001660 0.001213 0.000909
0.009743 0.001710 0.006828 0.005339 0.004349 0.001749
0.003168 0.000900 0.002266 0.002026 0.001971 0.001466
0.002290 0.000565 0.001369 0.001362 0.001358 0.001184
0.010184 0.001390 0.007180 0.005033 0.006113 0.003003
0.004295 0.001139 0.002192 0.002114 0.001735 0.001122
0.010501 0.001920 0.007396 0.006882 0.004686 0.001685
0.003827 0.000819 0.001625 0.001603 0.001548 0.000999
0.003463 0.001644 0.009211 0.003753 0.004270 0.002632
0.003872 0.000824 0.002597 0.002223 0.001824 0.001959
0.017842 0.001716 0.002573 0.002140 0.001623 0.001469
0.008296 0.001137 0.002153 0.002179 0.001975 0.001414
0.010744 0.001375 0.003061 0.002753 0.002537 0.001483
0.010856 0.001272 0.002213 0.002340 0.001877 0.001320
0.013413 0.001594 0.004830 0.003695 0.002828 0.001429
0.014362 0.001363 0.003921 0.002926 0.002107 0.001502
0.025554 0.002203 0.002425 0.002521 0.002405 0.001289
0.009054 0.001239 0.003510 0.002496 0.002341 0.001299
0.004563 0.000997 0.003382 0.002921 0.002559 0.001515
0.013563 0.001540 0.002733 0.003665 0.001920 0.001015
0.006151 0.001116 0.001472 0.001274 0.000854 0.000767
0.015298 0.001669 0.005409 0.003277 0.004025 0.001534
0.007750 0.001298 0.001875 0.002034 0.002023 0.001704
0.004632 0.001145 0.002379 0.002070 0.001863 0.001546
0.009952 0.001220 0.006584 0.003548 0.004157 0.001852
0.002387 0.000593 0.001559 0.001714 0.001791 0.001550
0.010276 0.001504 0.007748 0.007700 0.009107 0.004611
0.009981 0.001484 0.004908 0.003363 0.003386 0.001825
0.015928 0.001882 0.003870 0.006177 0.003274 0.001383
0.011425 0.001240 0.002247 0.002194 0.002185 0.001575
0.020531 0.001639 0.002812 0.003336 0.002734 0.002264
0.006558 0.001347 0.006637 0.004650 0.004392 0.002485
0.010704 0.001686 0.003000 0.003079 0.003052 0.002357
0.040039 0.002432 0.005595 0.009146 0.005093 0.001500
0.004026 0.000815 0.002105 0.001931 0.001569 0.000917
0.012045 0.001400 0.003945 0.003530 0.003250 0.001450
0.005279 0.001336 0.003963 0.003152 0.002361 0.001378
0.004410 0.000935 0.003557 0.002574 0.003510 0.003161
0.009272 0.001674 0.009946 0.005282 0.006955 0.002387
0.005388 0.001276 0.002952 0.002654 0.002067 0.001131
0.003999 0.001061 0.003636 0.002778 0.002440 0.001245
0.004425 0.001282 0.006117 0.004092 0.003643 0.001494
0.010506 0.001729 0.005343 0.005726 0.003963 0.001687
0.013963 0.001692 0.002656 0.003051 0.002348 0.001980
0.011362 0.001435 0.002632 0.002933 0.002059 0.001190
0.015179 0.001697 0.003268 0.004078 0.002403 0.001092
0.009743 0.001644 0.002662 0.002652 0.002419 0.001707
0.013210 0.001526 0.006882 0.004705 0.004041 0.001725
0.003645 0.000983 0.002918 0.002529 0.001906 0.001116
0.014644 0.001706 0.004840 0.004727 0.003250 0.001514
0.017680 0.001714 0.006258 0.004200 0.004438 0.002795
0.019913 0.001657 0.006945 0.003734 0.004212 0.001961
0.034317 0.002472 0.003129 0.003898 0.002367 0.001720
0.007418 0.001300 0.003495 0.002248 0.002302 0.001783
0.024357 0.002032 0.003086 0.002984 0.001604 0.001300
0.008951 0.001901 0.004764 0.005797 0.004323 0.001841
0.044711 0.002058 0.003546 0.004500 0.003026 0.001315
0.009131 0.001180 0.002611 0.002767 0.002513 0.001920
0.011404 0.001944 0.004259 0.004106 0.003335 0.001556
0.035943 0.002342 0.003079 0.003973 0.002041 0.001142
0.010478 0.001553 0.002362 0.002085 0.002196 0.001688
0.004121 0.001103 0.002514 0.002192 0.001912 0.001347
0.015087 0.002183 0.009663 0.009599 0.006476 0.001901
0.008687 0.001474 0.003462 0.003165 0.002314 0.001790
0.011230 0.002225 0.005298 0.005147 0.003852 0.001811
0.009044 0.001281 0.002820 0.002253 0.002137 0.001659
0.013365 0.002282 0.004349 0.005484 0.003307 0.001733
0.009161 0.001361 0.003638 0.003222 0.002320 0.001322
0.010619 0.002087 0.008609 0.006744 0.005308 0.001867
0.029575 0.001638 0.003629 0.003895 0.001726 0.000876
0.012945 0.001464 0.002978 0.002975 0.001989 0.001233
0.018407 0.001640 0.002435 0.002877 0.001903 0.001302
0.004255 0.001529 0.006695 0.004146 0.002965 0.001448
0.003112 0.000724 0.002384 0.002201 0.002098 0.001943
0.015907 0.002631 0.011067 0.012635 0.011976 0.010577
0.019863 0.001631 0.005413 0.003463 0.003821 0.002098
0.026033 0.001869 0.002538 0.003329 0.002874 0.001690
0.017860 0.001850 0.004032 0.004965 0.004335 0.001803
0.054223 0.002318 0.004236 0.005755 0.003808 0.001800
0.012707 0.001777 0.006880 0.005997 0.006689 0.003725
0.018144 0.001883 0.002924 0.005459 0.004891 0.004177
0.024914 0.002791 0.012751 0.012375 0.012137 0.001816
0.005198 0.001159 0.003017 0.002454 0.002046 0.001318
0.015641 0.001696 0.005274 0.006110 0.005538 0.002736
0.009004 0.001536 0.005422 0.003492 0.003993 0.001935
0.005918 0.001230 0.006909 0.004177 0.004858 0.004628
0.010059 0.001914 0.011172 0.007030 0.009307 0.006791
0.014373 0.001780 0.004736 0.004677 0.003846 0.001589
0.012668 0.001305 0.005225 0.003090 0.004793 0.001813
0.011515 0.001813 0.009083 0.005085 0.007432 0.002049
0.016697 0.001909 0.007274 0.008044 0.007370 0.001979
0.029409 0.001896 0.003801 0.003995 0.002689 0.002003
0.018122 0.001765 0.002424 0.003532 0.002783 0.001653
0.043655 0.002295 0.007387 0.013528 0.006718 0.001917
0.017814 0.002376 0.003501 0.006740 0.002788 0.001216
0.023915 0.001950 0.006470 0.008106 0.004880 0.002700
0.004242 0.001317 0.005141 0.003578 0.003624 0.001403
0.016831 0.002387 0.022861 0.012196 0.007378 0.002648
0.030385 0.001644 0.005090 0.007678 0.006419 0.004241
0.015371 0.002211 0.013733 0.006444 0.007162 0.002910
0.046974 0.002830 0.005612 0.005766 0.004854 0.001925
0.012696 0.002151 0.002673 0.002128 0.001813 0.001507
0.031785 0.002181 0.004409 0.004698 0.002645 0.001318
0.021642 0.002344 0.006515 0.007158 0.003377 0.001939
0.116253 0.005712 0.006723 0.007270 0.006218 0.001771
0.010188 0.001623 0.002828 0.004214 0.004779 0.004340
0.013522 0.002420 0.008060 0.007917 0.005967 0.001854
556360.423375 0.873181 0.938018 0.162087 0.032110 0.048145
0.024607 0.002265 0.003354 0.002195 0.001993 0.001891
0.006230 0.001213 0.003572 0.002456 0.003264 0.001848
0.031295 0.002042 0.015905 0.014579 0.014005 0.004319
0.018669 0.002262 0.003988 0.004822 0.003453 0.002733
0.022134 0.002945 0.005696 0.007188 0.005306 0.001302
0.018828 0.001391 0.002948 0.002379 0.002556 0.002994
0.023345 0.003244 0.006060 0.007682 0.005329 0.001474
0.010670 0.001648 0.004102 0.004354 0.003378 0.002771
0.015399 0.002635 0.011393 0.008910 0.009194 0.001767
0.024158 0.001873 0.005817 0.005354 0.005578 0.001571
0.015741 0.001780 0.006358 0.006580 0.005145 0.002085
0.029280 0.002322 0.004350 0.004069 0.003791 0.001917
0.007783 0.001548 0.007867 0.005229 0.005211 0.002309
0.004795 0.001001 0.003178 0.002980 0.002953 0.001836
0.029260 0.004647 0.011176 0.010303 0.010480 0.005326
0.015620 0.001896 0.004366 0.004582 0.003558 0.003349
0.053065 0.002573 0.004183 0.004801 0.001992 0.001109
0.028598 0.002277 0.003696 0.004828 0.004509 0.001886
0.089304 0.002850 0.004303 0.010184 0.006910 0.002750
0.024894 0.002106 0.008303 0.008026 0.008536 0.005155
0.021918 0.002159 0.004349 0.006305 0.006073 0.006167
0.016942 0.002733 0.006777 0.007665 0.004595 0.001702
0.012300 0.001348 0.002981 0.003212 0.001856 0.001307
0.013865 0.002646 0.015720 0.026671 0.008157 0.002108
0.009512 0.001876 0.007703 0.005895 0.004120 0.002847
0.008701 0.001765 0.007969 0.006525 0.009032 0.009110
0.023037 0.003439 0.012860 0.009928 0.012610 0.010683
0.027277 0.002407 0.005885 0.006450 0.006224 0.001961
0.048149 0.002023 0.004198 0.007242 0.004606 0.001663
0.024020 0.002319 0.009275 0.004943 0.007933 0.002695
0.020183 0.002176 0.009688 0.009131 0.010675 0.002690
0.025210 0.002127 0.004550 0.005299 0.002977 0.001832
0.022740 0.002114 0.004665 0.005335 0.005349 0.002604
0.030149 0.002206 0.007994 0.011416 0.008241 0.002748
0.026248 0.002338 0.004348 0.008372 0.004010 0.001990
0.030521 0.002201 0.007463 0.011690 0.006194 0.001905
0.004399 0.001440 0.005947 0.004141 0.005672 0.001832
0.030683 0.004395 0.009389 0.006801 0.008832 0.004130
0.023390 0.003105 0.010977 0.007877 0.008401 0.007135
0.010425 0.001929 0.007135 0.004831 0.005662 0.003894
0.068379 0.003137 0.008407 0.006004 0.008879 0.004272
0.017018 0.002819 0.003202 0.003189 0.002365 0.002141
0.031433 0.002342 0.002842 0.002576 0.001710 0.000974
142515.714058 1.030981 1.151398 0.173167 0.078304 0.040407
0.046152 0.002056 0.003772 0.007118 0.006869 0.001792
0.015730 0.001854 0.006024 0.005739 0.005894 0.007078
0.038976 0.002174 0.003838 0.006553 0.004653 0.001787
0.198848 0.016839 0.007430 0.010769 0.005161 0.001997
0.038616 0.002081 0.005398 0.002878 0.003106 0.002934
0.009281 0.001772 0.005444 0.005354 0.004547 0.003594
0.061815 0.003593 0.015219 0.012717 0.017034 0.005763
0.028043 0.002532 0.005128 0.006132 0.005634 0.003935
0.036897 0.003382 0.005188 0.007119 0.005082 0.001445
0.039018 0.034594 0.013131 0.004393 0.003305 0.001588
0.037644 0.003932 0.006582 0.007035 0.004987 0.001789
0.011203 0.001850 0.006113 0.005050 0.005653 0.003885
0.030531 0.003223 0.011845 0.010463 0.011439 0.001907
0.016754 0.001725 0.003679 0.004812 0.003194 0.001382
0.025424 0.002151 0.006759 0.007891 0.006836 0.003515
0.044796 0.001731 0.006055 0.007254 0.005050 0.001796
0.011380 0.001638 0.008968 0.006324 0.007923 0.003791
0.006293 0.001285 0.003192 0.003888 0.004230 0.002427
0.043304 0.007239 0.009456 0.010200 0.012193 0.006772
0.053903 0.002486 0.005869 0.007664 0.004622 0.005382
535621.496501 1.563419 0.152438 0.227841 0.012236 0.071356
0.058222 0.002408 0.004147 0.006382 0.003157 0.002048
0.707147 0.085591 0.016841 0.016601 0.007552 0.022948
0.056699 0.002407 0.010626 0.008059 0.009377 0.002939
0.036521 0.003392 0.003594 0.005082 0.006564 0.004930
0.287559 0.004267 0.013616 0.012082 0.014281 0.002991
0.015460 0.001793 0.003828 0.005097 0.004123 0.001804
0.012969 0.001691 0.007990 0.006177 0.006323 0.002810
0.011586 0.002112 0.008649 0.006455 0.006031 0.002048
0.006759 0.001532 0.006986 0.009685 0.009133 0.006077
0.039268 0.005579 0.012796 0.010443 0.013363 0.012619
0.020856 0.002278 0.006980 0.007708 0.007860 0.002602
0.037082 0.001585 0.004095 0.009096 0.005605 0.001520
0.037804 0.002514 0.008803 0.004887 0.006050 0.002677
0.027770 0.002887 0.011894 0.009416 0.011681 0.003744
0.027733 0.002446 0.005752 0.007256 0.003977 0.001588
0.027657 0.002654 0.005769 0.006413 0.004530 0.004943
0.046322 0.001857 0.008403 0.012188 0.010920 0.002215
0.036378 0.002995 0.005403 0.007645 0.004208 0.002545
0.039012 0.002859 0.010074 0.013124 0.009119 0.002545
0.005260 0.001456 0.007301 0.004888 0.006963 0.002881
0.044086 0.005653 0.008582 0.005306 0.008927 0.006743
0.036708 0.004967 0.011905 0.009813 0.008115 0.007425
0.024846 0.003680 0.007663 0.005190 0.006520 0.004315
0.054738 0.003033 0.011641 0.007450 0.006687 0.003148
0.030133 0.003251 0.004401 0.004850 0.003318 0.003687
158167.969852 0.021041 0.008770 0.005762 0.003299 0.007105
1.014983 0.032810 0.010921 0.006847 0.006047 0.009863
0.335167 0.015093 0.007941 0.004230 0.001977 0.002382
0.026596 0.002319 0.006188 0.006047 0.007661 0.005309
0.039245 0.001764 0.004568 0.010818 0.006188 0.002480
0.286339 0.020668 0.007525 0.005376 0.002255 0.002525
0.042985 0.002203 0.007453 0.006623 0.003876 0.004076
0.012604 0.002242 0.005089 0.005916 0.006107 0.006179
0.286689 0.007509 0.012636 0.009612 0.016198 0.008719
0.037009 0.003012 0.006627 0.007159 0.006165 0.004457
0.051651 0.003730 0.006508 0.005963 0.004315 0.001471
0.038416 0.002545 0.006073 0.007738 0.007006 0.002284
0.044539 0.004111 0.009252 0.008995 0.006175 0.002038
0.015919 0.002338 0.012616 0.008509 0.006492 0.006012
0.049135 0.003165 0.010586 0.011055 0.008069 0.002012
0.023461 0.002907 0.011122 0.010329 0.009771 0.001978
0.015836 0.002060 0.006790 0.004481 0.006394 0.004466
0.051267 0.002137 0.009731 0.011711 0.006748 0.002197
0.020975 0.001774 0.006462 0.007596 0.007785 0.005318
