0.002451
0.001269
0.003366
0.003158
0.001687
0.002591
0.003078
0.002808
0.003299
0.001581
0.001595
0.002001
0.001370
0.002061
0.003360
0.001904
0.002352
0.003997
0.003530
0.002089
0.003415
0.001526
0.002755
0.003560
0.001757
0.002257
0.002736
0.002106
0.001911
0.001987
0.004436
0.001424
0.003213
0.003873
0.002904
0.001930
0.003933
0.001808
0.003217
0.002317
0.002641
0.002666
0.003314
0.002817
0.002227
0.002952
0.004790
0.002303
0.004131
0.004692
0.004388
0.004907
0.002682
0.002775
0.004871
0.001770
0.000796
0.004384
0.003664
0.002924
0.005298
0.004855
0.004140
0.005392
0.002170
0.002296
0.004197
0.004023
0.002304
0.004795
0.003546
0.002735
0.002702
0.005180
0.001914
0.003201
0.003056
0.004002
0.003038
0.002510
0.004509
0.002224
0.002715
0.002980
0.002626
0.004527
0.003872
0.002177
0.004377
0.005182
0.003297
0.004554
0.002911
0.002269
0.005204
0.002719
0.002645
0.005146
0.002517
0.004423
0.005720
0.002748
0.003941
0.003080
0.006023
0.005114
0.004042
0.002344
0.006511
0.003470
0.003863
0.005437
0.003348
0.003930
0.004694
0.005123
0.003173
0.003016
0.006429
0.003911
0.005111
0.004147
0.003635
0.004893
0.003765
0.005695
0.004167
0.005612
0.002095
0.005606
0.002457
0.007449
0.006290
0.002991
0.006446
0.004251
0.004776
0.006132
0.002661
0.007660
0.003534
0.005208
0.008442
0.006819
0.003560
0.007785
0.005281
0.004835
0.006124
0.006286
0.009329
0.008254
0.010462
0.010725
0.008687
0.003427
0.003817
0.008533
0.007156
0.006375
0.003194
0.010063
0.011320
0.008886
0.006725
0.008968
0.005538
0.009017
0.005814
0.008876
0.008588
0.005255
0.003265
0.008853
0.009794
0.002490
0.008591
0.007117
0.010646
0.004820
0.004864
0.006651
0.003409
0.007159
0.005691
0.008283
0.004251
0.007956
0.006712
0.008268
0.005002
0.008590
0.006703
0.008817
0.005051
0.007766
0.005470
0.007840
0.007317
0.011776
0.007740
0.003219
0.006622
0.006446
0.009334
0.009515
0.007589
0.014189
0.008242
0.011992
0.011176
0.007228
0.004891
0.013036
0.008090
0.011750
0.012587
0.005853
0.009007
0.011229
0.010547
0.009428
0.013233
0.008107
0.011899
0.008341
0.006312
0.010353
0.008065
0.011777
0.011418
0.008383
0.018989
0.006394
0.013272
0.005377
0.011829
0.009516
0.010007
0.004595
0.004828
0.017283
0.011911
0.005165
0.010007
0.005906
0.010126
0.008925
0.014393
0.007014
0.016019
0.006524
0.011531
0.009058
0.012964
0.006773
0.010648
0.010723
0.012181
0.011569
0.013248
0.010929
0.015709
0.011381
0.011130
0.014442
0.008630
0.015759
0.014578
0.015986
0.016309
0.014704
0.012287
0.014788
0.004323
0.018983
0.010946
0.011110
0.015501
0.006137
0.018958
0.008356
0.005185
0.017792
0.008912
0.020868
0.006338
0.017325
0.008607
0.012879
0.010617
0.012770
0.012720
0.013562
0.013607
0.025860
0.011416
0.011745
0.014472
0.006086
0.017142
0.009950
0.009321
0.014586
0.005927
0.022268
0.013426
0.019119
0.011984
0.019408
0.016771
0.012587
0.026003
0.007418
0.014409
0.013044
0.010921
0.020089
0.010728
0.011596
0.015428
0.018162
0.016502
0.014119
0.016904
0.013157
0.014540
0.009854
0.017606
0.020066
0.021572
0.033451
0.010532
0.015909
0.015922
0.030847
0.010640
0.016684
0.024315
0.012277
0.010144
0.026036
0.010821
0.019187
0.011159
0.019986
0.011796
0.023866
0.018418
0.015387
0.016471
0.015339
0.008073
0.027272
0.017279
0.026551
0.018685
0.051654
0.020157
0.019860
0.034646
0.011578
0.019649
0.014662
0.016187
0.026092
0.016989
0.015267
0.020559
0.024389
0.029637
0.018377
0.034187
0.019851
0.020206
0.014692
0.030847
0.030782
0.022198
0.045182
0.014490
0.024371
0.021195
0.092309
0.014083
0.025084
3.124223
0.020289
0.012178
0.037939
0.019950
0.023533
0.020432
0.021698
0.014782
0.027976
0.025565
0.023130
0.020150
0.019064
0.011160
0.029255
0.017465
0.050344
0.028772
0.084845
0.026132
0.023677
0.022679
0.012927
0.027899
0.020936
0.021049
0.032828
0.022394
0.046083
0.024744
0.027748
0.026206
0.021981
0.030233
0.023741
0.026526
0.016749
0.030322
0.025030
0.020159
0.064871
0.017193
0.030893
3.222871
0.027195
0.021031
0.025117
0.162938
0.024728
0.017019
0.043403
0.027976
0.035989
0.035685
0.023502
0.018889
0.028381
0.016886
0.027989
0.027757
0.020294
0.014493
0.041799
0.035966
13.787903
0.055110
0.620393
0.053983
0.035323
0.250309
0.017959
0.022407
0.024461
0.021206
0.036009
0.025784
0.036336
0.036550
0.028605
0.028277
0.021110
0.032464
0.035227
0.031218
0.018938
0.042223
0.035217
0.020541
0.034378
0.021282
0.698777
0.930919
0.293436
0.023974
0.028512
0.246673
0.027568
0.017433
0.253304
0.035832
0.049361
0.037447
0.026906
0.027851
0.033482
0.031833
0.020093
0.033589
0.019717
