0.002238 0.001911 0.002451 0.002350 0.001774 0.001091
0.000834 0.000785 0.001225 0.001269 0.001033 0.000599
0.002503 0.001904 0.002682 0.003366 0.003032 0.001779
0.002660 0.002387 0.003158 0.002928 0.002225 0.001280
0.001081 0.001046 0.001474 0.001348 0.001687 0.001352
0.002166 0.001946 0.002591 0.002291 0.001694 0.001008
0.002241 0.002174 0.003078 0.002868 0.002183 0.001256
0.002383 0.002103 0.002762 0.002808 0.001965 0.001105
0.003070 0.002627 0.003299 0.003100 0.002294 0.001307
0.001365 0.001230 0.001581 0.001520 0.001187 0.000758
0.001423 0.001336 0.001595 0.001499 0.001083 0.000779
0.001705 0.001524 0.002001 0.001782 0.001402 0.000962
0.001254 0.001114 0.001370 0.001330 0.000989 0.000631
0.002061 0.001868 0.002061 0.001839 0.001314 0.000806
0.002831 0.002292 0.003329 0.003360 0.002800 0.001852
0.001565 0.001460 0.001904 0.001651 0.001183 0.000718
0.001973 0.001714 0.002193 0.002352 0.001831 0.001109
0.003943 0.003116 0.003891 0.003997 0.002822 0.001506
0.002460 0.002279 0.003505 0.003530 0.002767 0.001872
0.002042 0.001862 0.001761 0.002089 0.001922 0.001310
0.002926 0.002616 0.003415 0.003140 0.002412 0.001306
0.001255 0.001355 0.001526 0.001498 0.001232 0.000894
0.002013 0.001536 0.002037 0.002366 0.002755 0.001672
0.002307 0.002106 0.002221 0.002949 0.003560 0.002117
0.001473 0.001350 0.001597 0.001757 0.001489 0.001136
0.002081 0.001940 0.002257 0.001847 0.001885 0.001368
0.002736 0.002178 0.002618 0.002598 0.002624 0.001874
0.001436 0.001363 0.002078 0.002106 0.001672 0.000923
0.001721 0.001498 0.001911 0.001645 0.001165 0.000724
0.001291 0.001519 0.001936 0.001987 0.001479 0.000871
0.003519 0.002857 0.003257 0.004109 0.004436 0.002867
0.001133 0.000840 0.001081 0.001214 0.001424 0.000942
0.003167 0.002662 0.003213 0.002779 0.002197 0.001336
0.003475 0.002863 0.003873 0.003800 0.002755 0.001569
0.002590 0.002289 0.002904 0.002836 0.002197 0.001332
0.001831 0.001392 0.001842 0.001930 0.001657 0.000950
0.003356 0.002623 0.003754 0.003933 0.003260 0.002136
0.001168 0.001170 0.001159 0.001635 0.001808 0.001070
0.003106 0.002641 0.003217 0.003060 0.002682 0.001701
0.001516 0.001558 0.002181 0.002158 0.002317 0.001654
0.002410 0.002190 0.002641 0.002381 0.001675 0.000919
0.002666 0.002224 0.002610 0.002341 0.001715 0.001062
0.002756 0.002507 0.003314 0.002819 0.002148 0.001351
0.002817 0.002559 0.002390 0.002405 0.002302 0.001611
0.002058 0.001840 0.002227 0.002222 0.001722 0.001323
0.002257 0.002161 0.002891 0.002952 0.002322 0.001554
0.004790 0.003520 0.004347 0.003991 0.002743 0.001480
0.002185 0.001905 0.002303 0.001992 0.001461 0.001007
0.003664 0.003001 0.004131 0.003853 0.002825 0.001451
0.004637 0.003430 0.004692 0.004257 0.003062 0.001714
0.002988 0.002821 0.004306 0.004388 0.003937 0.002230
0.003587 0.003282 0.004907 0.004305 0.002695 0.002100
0.002333 0.002064 0.002682 0.002326 0.001631 0.000961
0.002037 0.002035 0.002672 0.002775 0.002017 0.001121
0.003452 0.003277 0.004871 0.004398 0.002847 0.001318
0.001380 0.001271 0.001762 0.001770 0.001388 0.000916
0.000719 0.000557 0.000796 0.000685 0.000552 0.000437
0.004307 0.003526 0.004384 0.004146 0.002836 0.001548
0.002949 0.002764 0.003664 0.003507 0.002498 0.001515
0.002406 0.002081 0.002767 0.002924 0.002365 0.001441
0.004432 0.003785 0.005298 0.004885 0.003460 0.001960
0.004473 0.003831 0.004855 0.004779 0.003523 0.001945
0.004140 0.003120 0.003681 0.003581 0.002672 0.001524
0.005012 0.004058 0.005392 0.005097 0.003690 0.002119
0.002170 0.001802 0.001947 0.001919 0.001422 0.000885
0.002296 0.002041 0.002173 0.001770 0.001304 0.000924
0.003524 0.003245 0.004197 0.003892 0.002685 0.001585
0.003657 0.003230 0.004023 0.003642 0.002377 0.001357
0.002264 0.001890 0.002304 0.002156 0.001600 0.000984
0.004374 0.003689 0.004795 0.003814 0.002635 0.001433
0.003546 0.002876 0.003446 0.002906 0.002004 0.001283
0.002057 0.002169 0.002724 0.002735 0.002003 0.001137
0.002283 0.001945 0.002488 0.002702 0.002146 0.001308
0.004560 0.003863 0.005180 0.004838 0.003588 0.001987
0.001745 0.001706 0.001914 0.001854 0.001324 0.000808
0.003125 0.002757 0.003201 0.002828 0.001810 0.000971
0.002827 0.002472 0.003056 0.002875 0.002114 0.001173
0.003725 0.003286 0.004002 0.003583 0.002386 0.001276
0.002564 0.002136 0.003038 0.002845 0.002073 0.001115
0.002510 0.001913 0.002158 0.002382 0.001951 0.001424
0.004509 0.003451 0.004202 0.003692 0.002580 0.001517
0.001694 0.001569 0.002224 0.002216 0.001778 0.001111
0.002405 0.002104 0.002715 0.002318 0.001803 0.001131
0.002889 0.002530 0.002980 0.002700 0.002082 0.001287
0.002153 0.001965 0.002626 0.002594 0.002072 0.001490
0.004527 0.003635 0.004480 0.004000 0.003017 0.001981
0.003291 0.002902 0.003872 0.003703 0.002677 0.001437
0.001822 0.001716 0.002177 0.002123 0.001557 0.000930
0.003820 0.003308 0.004377 0.003798 0.002716 0.001484
0.005182 0.003738 0.004345 0.004013 0.002821 0.001605
0.002952 0.002596 0.003297 0.003069 0.002290 0.001362
0.004554 0.003483 0.004277 0.003743 0.002794 0.001648
0.002415 0.002571 0.002911 0.002343 0.001723 0.001087
0.002066 0.001796 0.002269 0.001894 0.001381 0.000872
0.003427 0.003430 0.004685 0.005204 0.004781 0.002743
0.002521 0.002093 0.002719 0.002429 0.001817 0.001077
0.002300 0.002027 0.002645 0.002229 0.001645 0.001056
0.004375 0.003721 0.005146 0.004563 0.003376 0.001927
0.002015 0.001873 0.002503 0.002517 0.001936 0.001121
0.003651 0.003230 0.004423 0.003789 0.002456 0.001231
0.004465 0.003999 0.005720 0.005230 0.003740 0.002030
0.002438 0.002204 0.002748 0.002374 0.001634 0.000932
0.003941 0.002921 0.003242 0.002471 0.001771 0.001041
0.002935 0.002271 0.003021 0.003080 0.002529 0.001807
0.004815 0.004172 0.003978 0.005399 0.006023 0.004018
0.005114 0.003824 0.004692 0.004479 0.003180 0.001811
0.003507 0.003145 0.004042 0.003878 0.002861 0.001600
0.002174 0.002001 0.002344 0.002202 0.001526 0.000907
0.004898 0.004385 0.006511 0.005355 0.003129 0.001432
0.003035 0.002662 0.003470 0.002906 0.001894 0.001145
0.002958 0.002496 0.003315 0.003863 0.003090 0.001760
0.004724 0.004004 0.005437 0.005049 0.003982 0.002380
0.002562 0.002026 0.002874 0.003348 0.002616 0.001445
0.003930 0.002967 0.003118 0.003293 0.002695 0.001836
0.003256 0.002795 0.004209 0.004694 0.003950 0.002705
0.005123 0.003816 0.003808 0.003769 0.003415 0.002697
0.002712 0.002517 0.003173 0.002989 0.002025 0.001125
0.002409 0.002310 0.002876 0.003016 0.002940 0.001839
0.006429 0.004467 0.005839 0.006140 0.004331 0.002064
0.003007 0.002331 0.003840 0.003911 0.003414 0.001964
0.004622 0.003764 0.005026 0.005111 0.003722 0.001867
0.003950 0.003228 0.004147 0.003519 0.002628 0.001447
0.003241 0.002829 0.003635 0.003515 0.002705 0.001573
0.004893 0.003639 0.004565 0.004065 0.003173 0.001878
0.002749 0.002819 0.003702 0.003765 0.002716 0.001559
0.004637 0.003911 0.005695 0.005427 0.003723 0.001997
0.003507 0.003109 0.004167 0.003586 0.002379 0.001525
0.005233 0.004378 0.005612 0.004363 0.002851 0.001685
0.001940 0.001779 0.002095 0.001769 0.001328 0.000967
0.003882 0.003983 0.005596 0.005606 0.003952 0.002249
0.001836 0.001624 0.002457 0.002401 0.002117 0.001496
0.005870 0.004666 0.006795 0.007449 0.005445 0.002697
0.006290 0.004517 0.005384 0.005202 0.003473 0.001809
0.002296 0.002095 0.002991 0.002938 0.002423 0.001457
0.005050 0.004316 0.006446 0.005408 0.003595 0.002139
0.004184 0.003420 0.004251 0.003731 0.002859 0.001789
0.004169 0.003509 0.004719 0.004776 0.003381 0.001730
0.005778 0.004490 0.006132 0.005562 0.003879 0.001968
0.002074 0.001920 0.002624 0.002661 0.001997 0.001086
0.007269 0.005863 0.007660 0.005836 0.004173 0.002196
0.003512 0.002919 0.003534 0.003164 0.002086 0.001158
0.004932 0.003932 0.005208 0.004533 0.003125 0.001577
0.007795 0.005800 0.007836 0.008442 0.005515 0.002541
0.006819 0.004737 0.005729 0.004931 0.003447 0.001903
0.003329 0.002849 0.003560 0.003459 0.002677 0.001484
0.006441 0.005624 0.007605 0.007785 0.005231 0.002609
0.003907 0.003481 0.004647 0.005281 0.004170 0.002219
0.003795 0.003081 0.004147 0.004835 0.004336 0.002433
0.004325 0.004017 0.006124 0.005574 0.003836 0.001952
0.005858 0.004624 0.006247 0.006286 0.004638 0.002486
0.007485 0.006825 0.009329 0.007053 0.004512 0.002687
0.007196 0.006069 0.008254 0.007776 0.004914 0.002415
0.010010 0.008466 0.010462 0.009561 0.007230 0.003326
0.010491 0.008184 0.010535 0.010725 0.006706 0.002830
0.007060 0.006374 0.008687 0.007705 0.004985 0.002277
0.002505 0.002434 0.003427 0.003107 0.002061 0.001149
0.003561 0.002975 0.003817 0.003730 0.002588 0.001494
0.004795 0.004957 0.008003 0.008533 0.006027 0.003486
0.005055 0.004393 0.005540 0.007156 0.006789 0.004285
0.005205 0.004361 0.006268 0.006375 0.004772 0.002581
0.003194 0.002865 0.002918 0.002637 0.002620 0.001912
0.010063 0.006286 0.006966 0.007767 0.007323 0.004629
0.011320 0.004960 0.005283 0.008153 0.009462 0.005000
0.006680 0.005876 0.008886 0.007795 0.005472 0.002678
0.005943 0.005614 0.006227 0.006725 0.005609 0.003253
0.006367 0.004487 0.006212 0.008878 0.008968 0.005523
0.004452 0.003782 0.005347 0.005538 0.004158 0.002111
0.008150 0.007033 0.009017 0.007169 0.004687 0.002318
0.005814 0.004234 0.005115 0.004537 0.003605 0.002262
0.008346 0.006942 0.008876 0.007573 0.004848 0.002285
0.005434 0.005233 0.008588 0.007925 0.005016 0.002507
0.005255 0.003395 0.003451 0.003117 0.002520 0.001593
0.003265 0.002500 0.003209 0.003190 0.002690 0.001763
0.006850 0.005301 0.007760 0.008853 0.006340 0.003180
0.005418 0.005603 0.008968 0.009794 0.006304 0.002529
0.002111 0.001915 0.002490 0.002412 0.001833 0.001090
0.007690 0.006533 0.008591 0.008406 0.005307 0.002560
0.005882 0.004956 0.007117 0.006116 0.004234 0.002184
0.004831 0.004753 0.009237 0.010646 0.007090 0.004812
0.003323 0.003343 0.004820 0.004820 0.003510 0.001874
0.003909 0.003824 0.004864 0.004764 0.003343 0.001751
0.006651 0.005165 0.006559 0.005601 0.003838 0.002138
0.003247 0.002973 0.003409 0.003146 0.002415 0.001415
0.006663 0.005308 0.006709 0.007159 0.005263 0.002642
0.004896 0.004016 0.005275 0.005691 0.004592 0.002414
0.006573 0.005431 0.008283 0.007083 0.004434 0.002254
0.004251 0.002866 0.003989 0.003702 0.003433 0.002372
0.007384 0.005889 0.007852 0.007956 0.006215 0.003280
0.006207 0.004721 0.006208 0.006712 0.005114 0.002783
0.006149 0.005655 0.008268 0.006706 0.004379 0.002154
0.003212 0.003332 0.004503 0.005002 0.003755 0.001878
0.005128 0.005095 0.008590 0.007548 0.004997 0.002415
0.004779 0.004465 0.006463 0.006703 0.004339 0.002572
0.008817 0.006934 0.008390 0.007377 0.004841 0.002221
0.004060 0.003562 0.004871 0.005051 0.003719 0.001915
0.007358 0.005304 0.006678 0.007766 0.006708 0.003760
0.005021 0.003725 0.005405 0.005470 0.004127 0.002904
0.007365 0.005535 0.007280 0.007219 0.007840 0.006102
0.005390 0.005365 0.006767 0.007317 0.005478 0.002540
0.007853 0.007231 0.011776 0.009922 0.010041 0.007385
0.007602 0.005725 0.007281 0.007740 0.006295 0.003065
0.002720 0.002799 0.003219 0.003017 0.002879 0.002403
0.006622 0.004889 0.005837 0.005756 0.004540 0.002459
0.004875 0.004404 0.006112 0.006446 0.004782 0.002241
0.009241 0.007570 0.009334 0.009147 0.006426 0.002805
0.008063 0.006355 0.008427 0.009515 0.008886 0.004672
0.006089 0.005024 0.007589 0.006919 0.004433 0.002595
0.007206 0.006847 0.014189 0.012546 0.008567 0.004757
0.007100 0.005951 0.008242 0.007217 0.004819 0.002590
0.008274 0.007839 0.011992 0.010864 0.008235 0.003430
0.009537 0.008517 0.011176 0.008366 0.004984 0.002336
0.005546 0.004756 0.007228 0.006248 0.005007 0.002509
0.004421 0.003540 0.004891 0.004560 0.003862 0.002310
0.004499 0.005369 0.010646 0.013036 0.009746 0.005651
0.006912 0.005949 0.008090 0.006847 0.004718 0.002460
0.006777 0.007081 0.011750 0.010277 0.006614 0.002900
0.005365 0.006121 0.009568 0.012587 0.009490 0.005518
0.004218 0.004228 0.005621 0.005853 0.004501 0.002345
0.006214 0.004945 0.007650 0.009007 0.006961 0.003564
0.011229 0.007984 0.008630 0.007752 0.005105 0.002603
0.008045 0.007553 0.010547 0.007983 0.005008 0.003158
0.008814 0.007081 0.009428 0.008912 0.006465 0.003497
0.007248 0.006917 0.010385 0.013233 0.010712 0.005305
0.007618 0.006362 0.007888 0.008107 0.005937 0.002861
0.006376 0.007557 0.011339 0.011899 0.007128 0.003069
0.007475 0.006089 0.008341 0.007290 0.005328 0.002824
0.006312 0.004629 0.005816 0.005726 0.004496 0.002374
0.009393 0.008212 0.010353 0.007753 0.005967 0.003231
0.005009 0.003972 0.006084 0.007542 0.008065 0.004937
0.006576 0.005094 0.008999 0.011777 0.009329 0.004619
0.009844 0.009038 0.011418 0.010245 0.007615 0.003254
0.007888 0.006490 0.008383 0.007016 0.004694 0.002310
0.018989 0.011510 0.013199 0.012918 0.008776 0.003922
0.006394 0.004458 0.005179 0.004794 0.004858 0.003662
0.007258 0.006195 0.011116 0.013272 0.008770 0.004298
0.004358 0.003954 0.005317 0.005377 0.004124 0.002434
0.006747 0.005722 0.010111 0.011829 0.008485 0.003698
0.005844 0.005829 0.009516 0.007910 0.005200 0.002731
0.010007 0.007753 0.009296 0.008479 0.004723 0.002123
0.004595 0.003859 0.004558 0.004331 0.002874 0.001756
0.003800 0.003432 0.004545 0.004828 0.003928 0.002363
0.008516 0.010723 0.015759 0.017283 0.010538 0.004348
0.011911 0.008801 0.009835 0.007486 0.005264 0.002913
0.004212 0.003542 0.005165 0.004599 0.003552 0.001886
0.007113 0.007196 0.010007 0.009753 0.005669 0.002413
0.004527 0.004494 0.005906 0.005473 0.003695 0.001963
0.006661 0.006106 0.009562 0.010126 0.006583 0.003072
0.005924 0.004437 0.007284 0.008925 0.007260 0.005223
0.006704 0.007698 0.012640 0.014393 0.009301 0.004228
0.005357 0.004457 0.006234 0.007014 0.005395 0.003108
0.012027 0.010016 0.013793 0.016019 0.014799 0.008222
0.005044 0.004288 0.006524 0.006304 0.006308 0.003934
0.007311 0.004858 0.009289 0.010945 0.011531 0.006602
0.007109 0.003866 0.004967 0.007961 0.009058 0.005857
0.008126 0.008464 0.012964 0.010977 0.008064 0.003783
0.005818 0.004711 0.005427 0.006118 0.006773 0.004777
0.008294 0.007544 0.009960 0.010648 0.007132 0.003213
0.010723 0.008593 0.010503 0.010357 0.006787 0.003174
0.008586 0.007523 0.012181 0.010319 0.005723 0.002594
0.008951 0.008474 0.011569 0.010613 0.007715 0.003711
0.007628 0.008303 0.011837 0.013248 0.010887 0.005240
0.005904 0.005641 0.010929 0.009381 0.008250 0.004190
0.010357 0.008277 0.015058 0.015709 0.009714 0.004146
0.005697 0.005844 0.010324 0.011381 0.007793 0.003177
0.011130 0.007601 0.009916 0.009532 0.007785 0.004362
0.014442 0.011360 0.011929 0.011444 0.007506 0.003651
0.007220 0.004703 0.008630 0.008238 0.006931 0.004577
0.007810 0.007670 0.013616 0.015759 0.011795 0.005700
0.009948 0.008014 0.013382 0.014578 0.011893 0.007365
0.006509 0.004831 0.007379 0.014271 0.015986 0.009367
0.009810 0.009172 0.015516 0.016309 0.010746 0.004434
0.013813 0.011413 0.014704 0.013912 0.009752 0.005524
0.008611 0.006387 0.010610 0.012287 0.009100 0.004983
0.011364 0.009592 0.014788 0.012382 0.006861 0.002732
0.004323 0.003422 0.004301 0.003801 0.003286 0.002401
0.011108 0.011785 0.018983 0.015617 0.007587 0.003045
0.008124 0.006806 0.010290 0.010946 0.009668 0.004919
0.009598 0.006804 0.011110 0.009620 0.006536 0.005196
0.010666 0.007841 0.011968 0.015501 0.013045 0.005038
0.005664 0.004302 0.006137 0.006000 0.004188 0.002502
0.010392 0.009124 0.014982 0.018958 0.013801 0.005449
0.005823 0.005211 0.008356 0.007773 0.007337 0.004234
0.004477 0.003747 0.005185 0.005151 0.004484 0.002811
0.009172 0.008719 0.014022 0.017792 0.012387 0.004787
0.006492 0.005869 0.008635 0.008912 0.006280 0.003364
0.008498 0.010374 0.016856 0.020868 0.014735 0.005555
0.006338 0.004290 0.005528 0.005830 0.005103 0.002970
0.006356 0.006117 0.011710 0.017325 0.014667 0.007819
0.006286 0.004883 0.008607 0.008013 0.005673 0.005106
0.012879 0.012008 0.011033 0.008625 0.005086 0.004026
0.010617 0.007342 0.009940 0.008503 0.006731 0.003965
0.010755 0.009134 0.012156 0.012770 0.009816 0.004708
0.012720 0.009354 0.011204 0.010719 0.006543 0.003822
0.012567 0.010248 0.012861 0.013562 0.010101 0.003912
0.012928 0.011496 0.013607 0.012211 0.008788 0.004390
0.025860 0.011389 0.010236 0.010429 0.008703 0.004209
0.011416 0.009001 0.011200 0.011385 0.008846 0.003877
0.007057 0.006803 0.010842 0.011745 0.009808 0.004209
0.011504 0.011868 0.014472 0.013314 0.007266 0.003245
0.006086 0.005525 0.005473 0.004876 0.003306 0.002136
0.017142 0.011229 0.015211 0.013414 0.007778 0.002892
0.009950 0.006896 0.008301 0.007888 0.006417 0.003193
0.007474 0.006435 0.009321 0.008406 0.005609 0.003151
0.007879 0.008234 0.014586 0.014424 0.010138 0.005891
0.004370 0.003757 0.005671 0.005927 0.005820 0.003784
0.012381 0.009264 0.015459 0.022268 0.016923 0.005848
0.012386 0.009115 0.013391 0.013426 0.008596 0.004864
0.011573 0.012952 0.017415 0.019119 0.012262 0.004461
0.011984 0.008470 0.008933 0.008357 0.006485 0.003528
0.019408 0.015049 0.016928 0.014712 0.009880 0.004604
0.008212 0.007382 0.012448 0.016771 0.014733 0.007211
0.012587 0.006824 0.009151 0.011620 0.008942 0.006880
0.024360 0.023888 0.025793 0.026003 0.015286 0.004863
0.006590 0.004605 0.007418 0.006616 0.004713 0.002632
0.014409 0.011233 0.013288 0.012381 0.010028 0.004399
0.008274 0.006886 0.010578 0.013044 0.009142 0.003328
0.006563 0.004276 0.009682 0.010921 0.007915 0.007862
0.012250 0.010939 0.016632 0.020089 0.018784 0.008488
0.006414 0.006699 0.010728 0.010435 0.006502 0.002919
0.006617 0.004942 0.008824 0.011596 0.009336 0.004117
0.005996 0.006029 0.011628 0.015428 0.012103 0.004759
0.010402 0.010169 0.015561 0.018162 0.012440 0.005116
0.016502 0.013328 0.014386 0.013179 0.009819 0.004728
0.014119 0.011546 0.012973 0.012031 0.008306 0.003283
0.016904 0.011446 0.014836 0.014198 0.009022 0.003713
0.007859 0.010046 0.013157 0.012019 0.009192 0.005281
0.010341 0.010434 0.013914 0.014540 0.008628 0.003653
0.004540 0.005091 0.008449 0.009854 0.006957 0.002908
0.010637 0.012180 0.016409 0.017606 0.012018 0.004783
0.020066 0.016307 0.019154 0.015117 0.014765 0.008551
0.021572 0.013897 0.016014 0.016870 0.013884 0.005925
0.033451 0.014557 0.013594 0.010594 0.009028 0.005342
0.009373 0.006573 0.010532 0.009950 0.006730 0.004409
0.015909 0.014592 0.014014 0.011569 0.006109 0.003565
0.010419 0.009456 0.014180 0.015922 0.012762 0.005483
0.030847 0.022430 0.021129 0.017325 0.011102 0.004497
0.010316 0.007516 0.010640 0.010179 0.009139 0.004312
0.012122 0.011630 0.015275 0.016684 0.012745 0.005356
0.024315 0.019759 0.017313 0.014745 0.008284 0.003647
0.012277 0.008391 0.010040 0.009640 0.006756 0.003126
0.006678 0.006053 0.008922 0.010144 0.007275 0.003853
0.011040 0.013289 0.021360 0.026036 0.018310 0.006760
0.010694 0.006300 0.010821 0.009943 0.007409 0.005300
0.012263 0.011438 0.017725 0.019187 0.013018 0.005707
0.011159 0.006532 0.007565 0.008890 0.006690 0.003324
0.016307 0.015031 0.019986 0.015854 0.008132 0.003242
0.007603 0.008526 0.011796 0.010275 0.006111 0.003092
0.014051 0.014211 0.023866 0.019746 0.010090 0.003551
0.017702 0.018199 0.018418 0.014856 0.007051 0.002739
0.015387 0.012416 0.014168 0.011411 0.007970 0.003515
0.016471 0.013065 0.012716 0.010364 0.007347 0.003814
0.006640 0.005827 0.011521 0.015339 0.011330 0.004651
0.005626 0.004088 0.007107 0.008073 0.007439 0.005787
0.017859 0.010038 0.016330 0.027272 0.022495 0.008653
0.017279 0.013173 0.014509 0.013243 0.010755 0.006753
0.026551 0.012729 0.013250 0.011853 0.006949 0.003109
0.017356 0.013400 0.016288 0.018685 0.014008 0.005762
0.051654 0.020932 0.021035 0.019134 0.013141 0.005302
0.015345 0.013437 0.018527 0.020157 0.019445 0.009313
0.019860 0.012656 0.013645 0.015992 0.012755 0.007569
0.016996 0.016126 0.028014 0.034646 0.025112 0.006703
0.006612 0.007222 0.011578 0.009269 0.006494 0.003493
0.017808 0.014081 0.019649 0.016790 0.017404 0.008911
0.011333 0.009378 0.014109 0.014662 0.012948 0.005448
0.008300 0.006486 0.015677 0.016187 0.012789 0.010399
0.010730 0.007313 0.014700 0.023373 0.026092 0.015271
0.009967 0.011271 0.015988 0.016989 0.011226 0.004793
0.015088 0.011492 0.013134 0.015267 0.014183 0.006504
0.013279 0.007772 0.013275 0.020559 0.018070 0.006942
0.014172 0.012896 0.019805 0.024389 0.017810 0.006301
0.029637 0.017776 0.017062 0.013231 0.009378 0.003900
0.018377 0.013791 0.015927 0.015795 0.010872 0.004569
0.026131 0.027428 0.033791 0.034187 0.019292 0.006096
0.013926 0.015093 0.019851 0.019480 0.010343 0.003890
0.016579 0.016238 0.019579 0.020206 0.012622 0.005023
0.006442 0.005675 0.010672 0.014692 0.011777 0.004731
0.018450 0.011883 0.030847 0.029744 0.020427 0.009212
0.030782 0.020995 0.024855 0.018387 0.018194 0.010402
0.013305 0.013864 0.021987 0.022198 0.020011 0.008878
0.045182 0.020308 0.019187 0.017555 0.009356 0.004962
0.014490 0.009082 0.009660 0.009340 0.006462 0.004284
0.024371 0.015680 0.017262 0.017213 0.010037 0.003792
0.016026 0.013964 0.018471 0.021195 0.013172 0.005848
0.092309 0.034880 0.032188 0.027586 0.017325 0.006402
0.012201 0.008219 0.010783 0.014083 0.014067 0.007918
0.015733 0.014213 0.021155 0.025084 0.018100 0.006799
3.124223 0.638542 0.975787 0.097253 0.025567 0.013082
0.020289 0.015135 0.013382 0.008920 0.006383 0.004831
0.006569 0.005943 0.010642 0.012178 0.008281 0.004576
0.020419 0.019554 0.029447 0.037939 0.030920 0.011622
0.019950 0.010292 0.015283 0.013456 0.012552 0.008320
0.023342 0.013904 0.021799 0.023533 0.015413 0.004704
0.020432 0.013030 0.012176 0.009124 0.008562 0.004559
0.019064 0.015984 0.021698 0.018093 0.008612 0.003299
0.009944 0.010384 0.013476 0.014782 0.010778 0.006775
0.017966 0.016245 0.027976 0.024449 0.012547 0.003389
0.025565 0.019095 0.019352 0.020412 0.016071 0.005615
0.018597 0.016440 0.023130 0.018697 0.014706 0.007450
0.018475 0.019247 0.020150 0.016200 0.012843 0.006418
0.010790 0.009915 0.019064 0.018317 0.010459 0.004826
0.007477 0.005349 0.008895 0.011160 0.007642 0.004649
0.029255 0.013760 0.018647 0.026029 0.025771 0.012725
0.011587 0.012919 0.017465 0.016781 0.010572 0.007221
0.050344 0.021077 0.019542 0.015063 0.007627 0.003351
0.028772 0.017667 0.020570 0.019550 0.014372 0.005970
0.084845 0.028695 0.031160 0.025148 0.012324 0.004488
0.026132 0.019796 0.024749 0.022684 0.023064 0.012081
0.023677 0.015681 0.017110 0.016746 0.014487 0.011943
0.019184 0.015956 0.022679 0.018899 0.009189 0.003197
0.009661 0.010299 0.012927 0.011603 0.007072 0.003746
0.016114 0.014655 0.027899 0.018950 0.014872 0.006421
0.012303 0.012106 0.020936 0.017410 0.013499 0.006859
0.008440 0.005264 0.014768 0.018948 0.021049 0.016211
0.020205 0.010961 0.018052 0.027802 0.032828 0.019485
0.018430 0.017462 0.020566 0.022394 0.016736 0.006550
0.046083 0.024454 0.024798 0.018269 0.012150 0.004381
0.024744 0.012360 0.013040 0.020677 0.018595 0.007983
0.017971 0.013514 0.020737 0.027748 0.022829 0.008032
0.026206 0.018552 0.019231 0.014906 0.007911 0.003908
0.019897 0.015627 0.020836 0.021981 0.016742 0.007392
0.030233 0.019646 0.026709 0.029989 0.019714 0.007968
0.023741 0.018787 0.023175 0.022471 0.012189 0.005967
0.020030 0.019676 0.023685 0.026526 0.017653 0.006396
0.007048 0.007220 0.011333 0.016749 0.015647 0.006584
0.030322 0.013295 0.022941 0.023240 0.018484 0.010289
0.023872 0.014963 0.025030 0.023494 0.021663 0.013103
0.009037 0.008423 0.013747 0.020159 0.019824 0.010594
0.064871 0.025423 0.022750 0.023388 0.015782 0.006912
0.017193 0.010956 0.012685 0.010445 0.009408 0.006261
0.030893 0.014533 0.012412 0.008282 0.004641 0.002054
3.222871 0.814627 1.210691 0.107288 0.022443 0.023492
0.026209 0.025249 0.027195 0.026946 0.018338 0.006392
0.018014 0.013207 0.021031 0.020950 0.015644 0.010640
0.025117 0.019830 0.022069 0.020171 0.011189 0.004447
0.162938 0.043161 0.036312 0.031024 0.015978 0.006137
0.024728 0.022647 0.021088 0.015083 0.010025 0.007717
0.008192 0.006756 0.013530 0.017019 0.011867 0.008070
0.043403 0.024670 0.031143 0.040559 0.036682 0.014696
0.027976 0.014324 0.020205 0.017493 0.017343 0.010264
0.035989 0.018529 0.021374 0.022902 0.015245 0.005059
0.028978 0.035685 0.017495 0.015765 0.011679 0.005371
0.023502 0.021619 0.020539 0.015046 0.008330 0.003294
0.010764 0.010963 0.015683 0.018889 0.015273 0.009020
0.020177 0.019006 0.028381 0.025757 0.013462 0.003574
0.016886 0.012207 0.016007 0.015942 0.009583 0.003322
0.026906 0.022224 0.027989 0.022588 0.018012 0.010125
0.027757 0.026559 0.027753 0.023842 0.016015 0.006198
0.008971 0.010032 0.016765 0.020294 0.014130 0.008201
0.009044 0.007006 0.011319 0.014493 0.009698 0.005366
0.041799 0.018230 0.021202 0.026740 0.027947 0.014754
0.035966 0.023681 0.021610 0.021421 0.012709 0.009013
13.787903 0.254578 0.430240 0.276924 0.120942 0.094519
0.055110 0.018345 0.020606 0.015844 0.007879 0.004016
0.620393 0.051448 0.059161 0.045684 0.025119 0.012563
0.053983 0.021730 0.023389 0.024780 0.022272 0.009490
0.035323 0.015859 0.017994 0.017334 0.014480 0.010540
0.250309 0.024710 0.029787 0.038059 0.032203 0.010960
0.011267 0.012936 0.017280 0.017959 0.013029 0.005340
0.010127 0.010855 0.017637 0.022407 0.017844 0.007897
0.014710 0.014427 0.024461 0.020717 0.010809 0.003858
0.007972 0.006031 0.011644 0.021206 0.019678 0.011016
0.030414 0.014878 0.022935 0.029987 0.036009 0.021568
0.013911 0.017315 0.024043 0.025784 0.018118 0.006945
0.036336 0.024622 0.027244 0.021557 0.009316 0.003333
0.036550 0.016057 0.015594 0.018218 0.015684 0.007578
0.028605 0.018563 0.019437 0.028378 0.025017 0.009809
0.028277 0.019055 0.020943 0.018889 0.009498 0.004390
0.017198 0.015198 0.018145 0.021110 0.015646 0.009980
0.028310 0.021917 0.028246 0.032464 0.023029 0.007675
0.035227 0.020094 0.023594 0.021750 0.012732 0.007211
0.025298 0.022094 0.026298 0.031218 0.022771 0.008115
0.007609 0.007943 0.015115 0.017964 0.018938 0.009094
0.042223 0.011393 0.020460 0.022415 0.019111 0.013644
0.035217 0.017795 0.027905 0.027646 0.022464 0.014356
0.019030 0.013658 0.015758 0.020541 0.020299 0.011127
0.034378 0.029721 0.027143 0.022858 0.014431 0.008558
0.021282 0.015864 0.016001 0.013550 0.012878 0.009339
0.698777 0.022146 0.021577 0.024141 0.019845 0.014317
0.930919 0.024342 0.028879 0.021951 0.018319 0.008487
0.293436 0.032139 0.024465 0.016511 0.009335 0.006306
0.023974 0.015313 0.017480 0.019419 0.015778 0.009902
0.024397 0.024569 0.028512 0.028114 0.017835 0.006434
0.246673 0.033838 0.025370 0.018326 0.009347 0.006368
0.027568 0.025379 0.025936 0.022261 0.014083 0.009612
0.011976 0.008057 0.009703 0.016679 0.017433 0.013370
0.253304 0.022793 0.023739 0.036368 0.038051 0.019138
0.035832 0.017882 0.025024 0.021214 0.015386 0.010743
0.049361 0.022737 0.021794 0.020880 0.014085 0.004945
0.037447 0.021637 0.020159 0.022813 0.017270 0.007061
0.026906 0.023412 0.022753 0.018808 0.009625 0.003643
0.016173 0.013734 0.022170 0.027851 0.021900 0.013062
0.033482 0.023965 0.026135 0.021851 0.010967 0.003740
0.024489 0.015695 0.026016 0.031833 0.022466 0.007542
0.017782 0.011589 0.015718 0.018205 0.020093 0.011731
0.030138 0.030243 0.033589 0.032519 0.019214 0.007745
0.014320 0.014850 0.017032 0.019717 0.014909 0.006175
