0.000896 0.000895 0.001096 0.000807 0.000587 0.000285
0.000285 0.000290 0.000401 0.000418 0.000347 0.000187
0.000923 0.000917 0.001628 0.001605 0.000946 0.000390
0.001211 0.001243 0.001584 0.001100 0.000629 0.000303
0.000366 0.000373 0.000480 0.000563 0.000582 0.000285
0.000900 0.000937 0.001166 0.000818 0.000550 0.000276
0.000982 0.001153 0.001596 0.001116 0.000664 0.000304
0.001015 0.001087 0.001426 0.000951 0.000587 0.000284
0.001507 0.001493 0.001775 0.001203 0.000701 0.000331
0.000496 0.000510 0.000564 0.000520 0.000422 0.000219
0.000528 0.000476 0.000553 0.000414 0.000400 0.000231
0.000645 0.000649 0.000714 0.000618 0.000464 0.000244
0.000440 0.000448 0.000466 0.000381 0.000307 0.000174
0.000829 0.000777 0.000747 0.000603 0.000444 0.000230
0.001276 0.001382 0.001917 0.001445 0.000954 0.000354
0.000607 0.000608 0.000672 0.000550 0.000406 0.000207
0.000767 0.000776 0.001037 0.000827 0.000523 0.000274
0.002040 0.001971 0.002440 0.001595 0.000818 0.000358
0.001122 0.001358 0.002011 0.001662 0.000968 0.000391
0.000889 0.000573 0.000755 0.000850 0.000703 0.000355
0.001485 0.001569 0.001842 0.001203 0.000899 0.000328
0.000496 0.000431 0.000489 0.000455 0.000437 0.000252
0.000717 0.000536 0.000863 0.001068 0.001142 0.000441
0.001063 0.000796 0.001156 0.001558 0.001512 0.000499
0.000537 0.000446 0.000608 0.000627 0.000581 0.000318
0.000858 0.000861 0.000756 0.000793 0.000723 0.000342
0.001145 0.001029 0.001275 0.001223 0.000967 0.000409
0.000542 0.000625 0.000840 0.000796 0.000538 0.000245
0.000635 0.000624 0.000661 0.000537 0.000397 0.000207
0.000585 0.000603 0.000761 0.000618 0.000379 0.000179
0.001765 0.001620 0.001872 0.002467 0.001543 0.000579
0.000331 0.000287 0.000341 0.000417 0.000468 0.000212
0.001547 0.001423 0.001543 0.001036 0.000652 0.000318
0.001757 0.001871 0.002319 0.001569 0.000883 0.000372
0.001228 0.001241 0.001500 0.001062 0.000703 0.000330
0.000618 0.000526 0.000691 0.000735 0.000563 0.000260
0.001585 0.001540 0.002307 0.001881 0.001135 0.000449
0.000423 0.000344 0.000393 0.000660 0.000619 0.000266
0.001471 0.001448 0.001616 0.001354 0.000883 0.000342
0.000600 0.000693 0.000905 0.000977 0.000835 0.000329
0.001094 0.001087 0.001190 0.000838 0.000547 0.000261
0.001224 0.001100 0.001177 0.000801 0.000564 0.000281
0.001298 0.001323 0.001691 0.001077 0.000656 0.000310
0.001463 0.001095 0.001011 0.001020 0.000786 0.000356
0.000823 0.000751 0.000967 0.000774 0.000602 0.000282
0.001039 0.001154 0.001522 0.001289 0.000883 0.000387
0.002483 0.002327 0.002500 0.001716 0.001043 0.000374
0.000886 0.000892 0.000866 0.000642 0.000476 0.000250
0.001838 0.001814 0.002353 0.001611 0.000807 0.000337
0.002381 0.002220 0.002779 0.001844 0.001014 0.000393
0.001485 0.001755 0.002534 0.002239 0.001224 0.000388
0.001952 0.002113 0.002929 0.001942 0.001060 0.000471
0.001004 0.001036 0.001209 0.000788 0.000537 0.000269
0.000904 0.001004 0.001371 0.000962 0.000552 0.000254
0.001942 0.002104 0.002829 0.001938 0.000981 0.000319
0.000495 0.000492 0.000679 0.000609 0.000497 0.000257
0.000196 0.000179 0.000205 0.000224 0.000225 0.000150
0.002324 0.002257 0.002586 0.001616 0.000817 0.000366
0.001617 0.001617 0.002091 0.001351 0.000806 0.000363
0.001029 0.001080 0.001533 0.001167 0.000698 0.000290
0.002430 0.002439 0.003183 0.002493 0.001265 0.000431
0.002584 0.002408 0.003032 0.002105 0.001057 0.000374
0.002129 0.001949 0.002071 0.001457 0.000768 0.000340
0.002701 0.002819 0.003271 0.002227 0.001148 0.000433
0.000831 0.000715 0.000745 0.000574 0.000441 0.000238
0.000971 0.000846 0.000727 0.000544 0.000452 0.000241
0.002033 0.002058 0.002419 0.001409 0.000801 0.000344
0.002042 0.002102 0.002247 0.001276 0.000706 0.000316
0.000907 0.000840 0.000962 0.000721 0.000499 0.000249
0.002361 0.002433 0.002728 0.001775 0.000953 0.000364
0.001807 0.001754 0.001761 0.000954 0.000612 0.000287
0.001044 0.001076 0.001357 0.000954 0.000507 0.000216
0.000912 0.000926 0.001302 0.001011 0.000645 0.000330
0.002465 0.002619 0.003095 0.002193 0.001072 0.000406
0.000740 0.000663 0.000720 0.000599 0.000445 0.000227
0.001612 0.001577 0.001569 0.000878 0.000545 0.000264
0.001372 0.001354 0.001566 0.001105 0.000724 0.000311
0.002080 0.002086 0.002265 0.001518 0.000742 0.000309
0.001094 0.001074 0.001501 0.001146 0.000664 0.000289
0.001007 0.000754 0.001046 0.000886 0.000728 0.000357
0.002356 0.002279 0.002352 0.001507 0.000836 0.000359
0.000648 0.000715 0.000939 0.000791 0.000551 0.000278
0.000982 0.001022 0.001205 0.000838 0.000568 0.000269
0.001433 0.001334 0.001449 0.000971 0.000640 0.000284
0.000869 0.000953 0.001264 0.000943 0.000687 0.000278
0.002255 0.002371 0.002510 0.001682 0.001039 0.000410
0.001754 0.001835 0.002230 0.001502 0.000756 0.000325
0.000726 0.000764 0.000919 0.000711 0.000502 0.000251
0.002050 0.002141 0.002535 0.001629 0.000820 0.000345
0.002513 0.002386 0.002500 0.001592 0.000843 0.000369
0.001469 0.001525 0.001731 0.001142 0.000708 0.000327
0.002260 0.002215 0.002437 0.001661 0.000878 0.000376
0.001391 0.001276 0.001161 0.000794 0.000597 0.000302
0.000812 0.000806 0.000869 0.000644 0.000476 0.000258
0.002126 0.002179 0.003046 0.002906 0.001535 0.000484
0.001088 0.001036 0.001293 0.000899 0.000566 0.000272
0.000983 0.001004 0.001189 0.000781 0.000528 0.000252
0.002431 0.002565 0.003102 0.002099 0.001075 0.000423
0.000817 0.000877 0.001144 0.000901 0.000603 0.000288
0.002002 0.001969 0.002281 0.001588 0.000810 0.000313
0.002729 0.002879 0.003552 0.002612 0.001283 0.000451
0.001138 0.001119 0.001283 0.000860 0.000528 0.000249
0.001726 0.001536 0.001501 0.000875 0.000573 0.000273
0.001221 0.001094 0.001522 0.001377 0.000925 0.000373
0.002903 0.002215 0.002784 0.003712 0.002356 0.000521
0.002660 0.002595 0.002842 0.001903 0.000969 0.000369
0.001976 0.002001 0.002373 0.001632 0.000848 0.000352
0.000923 0.000898 0.000994 0.000684 0.000469 0.000249
0.002815 0.002932 0.003814 0.002479 0.001051 0.000331
0.001508 0.001534 0.001833 0.001095 0.000620 0.000287
0.001334 0.001412 0.002105 0.001669 0.000950 0.000397
0.002566 0.002744 0.003281 0.002443 0.001285 0.000457
0.001069 0.001034 0.001755 0.001360 0.000748 0.000312
0.001890 0.001462 0.001697 0.001348 0.001112 0.000439
0.001612 0.001845 0.002850 0.002443 0.001626 0.000562
0.002700 0.002057 0.002139 0.001862 0.001457 0.000562
0.001360 0.001354 0.001568 0.000986 0.000597 0.000285
0.001180 0.001156 0.001534 0.001212 0.001224 0.000450
0.003315 0.003109 0.004003 0.002754 0.001145 0.000393
0.001308 0.001304 0.002318 0.001974 0.001068 0.000379
0.002528 0.002617 0.003223 0.002284 0.001049 0.000391
0.002022 0.001976 0.002284 0.001466 0.000812 0.000354
0.001654 0.001734 0.002046 0.001468 0.000824 0.000361
0.002440 0.002384 0.002680 0.001843 0.001008 0.000370
0.001578 0.001580 0.002047 0.001406 0.000806 0.000359
0.002546 0.002707 0.003595 0.002843 0.001312 0.000439
0.001630 0.001742 0.002110 0.001519 0.000824 0.000350
0.003134 0.002989 0.003256 0.001945 0.000897 0.000361
0.000769 0.000760 0.000750 0.000584 0.000487 0.000255
0.002505 0.002663 0.003473 0.002433 0.001289 0.000464
0.000688 0.000755 0.001124 0.000943 0.000738 0.000342
0.003392 0.003526 0.005353 0.003665 0.001600 0.000528
0.003186 0.003142 0.003317 0.002079 0.000980 0.000402
0.001014 0.001074 0.001549 0.001221 0.000754 0.000340
0.002608 0.002707 0.003811 0.002611 0.001187 0.000430
0.002261 0.002116 0.002422 0.001763 0.001010 0.000410
0.002309 0.002425 0.003023 0.002014 0.000944 0.000365
0.003282 0.003227 0.003858 0.002563 0.001207 0.000417
0.000868 0.000891 0.001300 0.001051 0.000655 0.000293
0.003816 0.003991 0.005025 0.002857 0.001354 0.000482
0.001847 0.001806 0.001874 0.001104 0.000621 0.000291
0.002754 0.002697 0.003106 0.001998 0.000942 0.000359
0.004727 0.004824 0.006521 0.003818 0.001517 0.000497
0.003235 0.003106 0.003275 0.002127 0.001038 0.000417
0.001745 0.001761 0.001957 0.001454 0.000768 0.000326
0.003872 0.004351 0.005932 0.003741 0.001613 0.000521
0.002260 0.002304 0.003236 0.002513 0.001346 0.000479
0.001922 0.001854 0.002739 0.002679 0.001566 0.000511
0.002673 0.002719 0.003734 0.002893 0.001397 0.000428
0.003298 0.003198 0.004082 0.002927 0.001393 0.000435
0.004344 0.004992 0.006555 0.004107 0.001662 0.000571
0.004530 0.004880 0.005979 0.003658 0.001468 0.000504
0.006146 0.006422 0.007918 0.005975 0.002683 0.000596
0.006686 0.007325 0.008494 0.004923 0.001690 0.000545
0.004403 0.004909 0.006308 0.004078 0.001695 0.000484
0.001315 0.001350 0.001888 0.001279 0.000653 0.000293
0.001850 0.001918 0.002253 0.001511 0.000817 0.000366
0.003268 0.004136 0.006495 0.004009 0.001945 0.000576
0.003108 0.002662 0.004893 0.004641 0.002651 0.000626
0.003090 0.003140 0.004022 0.003874 0.001893 0.000571
0.001732 0.001456 0.001422 0.001182 0.000979 0.000406
0.005332 0.004315 0.005514 0.005418 0.002920 0.000596
0.005253 0.003192 0.003289 0.006025 0.005833 0.001126
0.003798 0.004213 0.006679 0.004366 0.001825 0.000554
0.003845 0.003258 0.004316 0.003637 0.001998 0.000597
0.003325 0.002853 0.006363 0.007350 0.004167 0.000812
0.002546 0.002722 0.003501 0.002569 0.001187 0.000427
0.004970 0.005343 0.006634 0.003653 0.001529 0.000506
0.003103 0.002897 0.003045 0.002346 0.001350 0.000494
0.005240 0.005360 0.006428 0.003814 0.001438 0.000490
0.003700 0.004381 0.006570 0.004261 0.001721 0.000530
0.002609 0.002080 0.001728 0.001324 0.000994 0.000397
0.001495 0.001445 0.001811 0.001395 0.000909 0.000402
0.003827 0.004121 0.006676 0.004346 0.001801 0.000544
0.003967 0.005042 0.007800 0.004478 0.001636 0.000506
0.000876 0.000913 0.001160 0.000916 0.000619 0.000313
0.004630 0.005287 0.006591 0.003848 0.001583 0.000521
0.003364 0.003565 0.004697 0.003061 0.001454 0.000504
0.003225 0.003283 0.007301 0.007704 0.004079 0.000803
0.002067 0.002009 0.002738 0.002355 0.001339 0.000431
0.002470 0.002407 0.003063 0.002428 0.001183 0.000435
0.003844 0.003647 0.004282 0.002797 0.001279 0.000465
0.001830 0.001740 0.001792 0.001233 0.000921 0.000355
0.003817 0.003859 0.005267 0.003403 0.001493 0.000438
0.002625 0.002789 0.003534 0.002863 0.001356 0.000446
0.003492 0.003738 0.005926 0.003898 0.001487 0.000496
0.001949 0.001719 0.002322 0.001804 0.001265 0.000428
0.004495 0.004547 0.005909 0.004160 0.001852 0.000471
0.003495 0.003376 0.004626 0.003248 0.001667 0.000555
0.003456 0.003890 0.005759 0.003597 0.001541 0.000507
0.001991 0.002020 0.002983 0.002245 0.001048 0.000401
0.003214 0.003443 0.006163 0.004541 0.001921 0.000543
0.003051 0.003284 0.004825 0.002788 0.001519 0.000543
0.005216 0.005367 0.006006 0.003595 0.001392 0.000463
0.002249 0.002455 0.003177 0.002280 0.001095 0.000402
0.003640 0.003491 0.005534 0.004718 0.002205 0.000559
0.002523 0.002612 0.003543 0.002942 0.001818 0.000593
0.004096 0.003918 0.005031 0.005428 0.005196 0.000978
0.003740 0.003639 0.005044 0.004968 0.002452 0.000578
0.004648 0.005684 0.009286 0.007293 0.005405 0.000915
0.003886 0.003849 0.005765 0.004521 0.002419 0.000612
0.001609 0.001515 0.001682 0.001424 0.001240 0.000528
0.003632 0.003216 0.003623 0.003362 0.001836 0.000550
0.003065 0.002832 0.003986 0.003873 0.001847 0.000485
0.005475 0.005640 0.007016 0.004620 0.002117 0.000560
0.005096 0.005131 0.007899 0.006643 0.004027 0.000747
0.003364 0.003651 0.005468 0.003914 0.001705 0.000553
0.005765 0.005297 0.012095 0.008966 0.004188 0.000720
0.004102 0.004546 0.005953 0.003923 0.001662 0.000553
0.005003 0.006238 0.009606 0.007183 0.002757 0.000608
0.005831 0.006891 0.008493 0.004664 0.001879 0.000520
0.003132 0.003329 0.004779 0.003366 0.001475 0.000490
0.002365 0.002352 0.003014 0.002337 0.001254 0.000465
0.003621 0.005659 0.011269 0.008198 0.003852 0.000735
0.004018 0.004270 0.005649 0.003565 0.001587 0.000520
0.005033 0.005399 0.009604 0.007392 0.002369 0.000547
0.004552 0.005018 0.007979 0.010613 0.004575 0.000878
0.002785 0.002713 0.003388 0.003236 0.001790 0.000542
0.003622 0.003903 0.007045 0.005013 0.002594 0.000645
0.006710 0.006774 0.006517 0.003547 0.001509 0.000495
0.004785 0.005640 0.007716 0.004855 0.002054 0.000631
0.005141 0.005479 0.007033 0.004807 0.002468 0.000628
0.004233 0.006058 0.011432 0.009000 0.003746 0.000685
0.005284 0.005297 0.006119 0.004101 0.001709 0.000581
0.006065 0.007357 0.009955 0.005232 0.001775 0.000525
0.004208 0.004457 0.005957 0.003893 0.001853 0.000559
0.003112 0.003085 0.003686 0.002796 0.001322 0.000414
0.005915 0.006534 0.007338 0.004655 0.002593 0.000626
0.002755 0.002944 0.005383 0.006004 0.003705 0.000766
0.003377 0.003873 0.009802 0.007628 0.002957 0.000677
0.006098 0.006846 0.008827 0.006349 0.002248 0.000605
0.004575 0.004837 0.005903 0.003498 0.001428 0.000496
0.011089 0.010571 0.011444 0.007078 0.002803 0.000658
0.003244 0.003058 0.002976 0.002650 0.002021 0.000642
0.004535 0.006774 0.011369 0.006937 0.002699 0.000641
0.002264 0.002600 0.003415 0.002967 0.001589 0.000564
0.004049 0.005549 0.010008 0.006713 0.002191 0.000466
0.003527 0.004156 0.006980 0.004816 0.002247 0.000598
0.006185 0.006581 0.006900 0.003488 0.001320 0.000449
0.002631 0.002508 0.002739 0.001676 0.000897 0.000346
0.002214 0.002323 0.002912 0.002590 0.001424 0.000503
0.009376 0.011493 0.015234 0.008692 0.002830 0.000597
0.007272 0.007430 0.007352 0.003877 0.001662 0.000530
0.002036 0.002266 0.003049 0.002108 0.001036 0.000382
0.005765 0.006611 0.007798 0.004823 0.001841 0.000568
0.002975 0.003113 0.003698 0.002654 0.001238 0.000440
0.004709 0.005533 0.008099 0.006728 0.002508 0.000587
0.003170 0.003312 0.006859 0.005322 0.003352 0.000772
0.006243 0.007785 0.012514 0.007516 0.002638 0.000623
0.003174 0.003163 0.004818 0.003557 0.001842 0.000569
0.007356 0.008088 0.013204 0.012652 0.006399 0.001032
0.002846 0.003076 0.004406 0.004203 0.003351 0.000711
0.003485 0.003369 0.008154 0.009146 0.005377 0.000829
0.003225 0.002429 0.004748 0.007054 0.004110 0.000746
0.004992 0.006798 0.010121 0.008186 0.004172 0.000836
0.003389 0.002532 0.003548 0.004444 0.003210 0.000746
0.006371 0.006843 0.008489 0.005425 0.002047 0.000560
0.007402 0.007461 0.008588 0.005390 0.002061 0.000542
0.005227 0.005992 0.009850 0.006787 0.002208 0.000555
0.005697 0.006793 0.008987 0.006190 0.002616 0.000636
0.007246 0.008083 0.011586 0.008786 0.003691 0.000694
0.003718 0.003972 0.008202 0.006760 0.003548 0.000694
0.006070 0.006634 0.013198 0.012127 0.004990 0.000714
0.004203 0.005288 0.009428 0.007780 0.003051 0.000623
0.006340 0.006644 0.007499 0.006013 0.003595 0.000712
0.009000 0.009540 0.010262 0.006923 0.003348 0.000707
0.003582 0.003533 0.006630 0.005025 0.003074 0.000671
0.006056 0.008049 0.014317 0.010170 0.003962 0.000788
0.006999 0.005422 0.009934 0.011270 0.007179 0.001027
0.003550 0.003233 0.009696 0.014222 0.007234 0.001037
0.006319 0.007521 0.012535 0.013574 0.006344 0.000787
0.010610 0.011503 0.011686 0.008053 0.003732 0.000741
0.005337 0.005154 0.008326 0.009692 0.004805 0.000858
0.008173 0.008788 0.012513 0.009437 0.002768 0.000571
0.002231 0.002241 0.002441 0.001734 0.001243 0.000498
0.007572 0.010265 0.016665 0.010971 0.003015 0.000603
0.005388 0.006579 0.008895 0.007357 0.003288 0.000650
0.004778 0.005061 0.008604 0.006418 0.003838 0.000894
0.005933 0.006346 0.012637 0.010568 0.003242 0.000641
0.003030 0.003078 0.003842 0.002599 0.001513 0.000546
0.007725 0.009592 0.016886 0.011982 0.003788 0.000711
0.002926 0.003508 0.005909 0.005195 0.003134 0.000728
0.002432 0.002516 0.003232 0.002710 0.001549 0.000606
0.007394 0.006629 0.011948 0.015426 0.006910 0.001053
0.004414 0.005283 0.006869 0.004488 0.002153 0.000594
0.008998 0.011620 0.019131 0.012744 0.003905 0.000669
0.003209 0.003013 0.003541 0.003156 0.001732 0.000560
0.003566 0.005634 0.014785 0.012711 0.005808 0.001005
0.003277 0.003494 0.006508 0.004662 0.003029 0.000898
0.010992 0.008571 0.006655 0.003492 0.002230 0.000578
0.006271 0.005957 0.007577 0.005596 0.003439 0.000707
0.008327 0.009036 0.010468 0.008067 0.003481 0.000666
0.007846 0.008324 0.008637 0.004708 0.002206 0.000520
0.009067 0.008190 0.011745 0.009710 0.003686 0.000703
0.009273 0.009553 0.010406 0.007345 0.002876 0.000657
0.011480 0.009215 0.008208 0.006780 0.002742 0.000629
0.006651 0.007205 0.009178 0.006974 0.002899 0.000685
0.004068 0.005057 0.009434 0.007821 0.003678 0.000725
0.010931 0.011592 0.011377 0.005175 0.001875 0.000534
0.003871 0.003255 0.003098 0.001992 0.001106 0.000387
0.010378 0.010108 0.013059 0.010863 0.003580 0.000611
0.005758 0.005570 0.006189 0.005323 0.003123 0.000718
0.003854 0.004672 0.006672 0.005229 0.002716 0.000683
0.007328 0.006637 0.011269 0.011350 0.005536 0.000827
0.002469 0.002598 0.003576 0.003723 0.002092 0.000754
0.007914 0.008705 0.013518 0.020385 0.009763 0.001231
0.007737 0.008369 0.011276 0.009974 0.004580 0.000818
0.012230 0.013858 0.017000 0.009777 0.003615 0.000653
0.007242 0.006764 0.007230 0.006258 0.003228 0.000681
0.015076 0.014871 0.013678 0.008950 0.004397 0.000847
0.006279 0.007755 0.014089 0.012764 0.005267 0.000993
0.006210 0.005330 0.007702 0.008999 0.006037 0.001011
0.024197 0.022747 0.023800 0.012984 0.003307 0.000512
0.003206 0.002916 0.005024 0.003715 0.001806 0.000543
0.009204 0.009766 0.010993 0.009537 0.004117 0.000677
0.004813 0.006370 0.010995 0.007350 0.002890 0.000630
0.003009 0.002989 0.007608 0.008132 0.005594 0.001105
0.008056 0.009653 0.016363 0.016759 0.006203 0.000794
0.005196 0.006291 0.008805 0.006539 0.002328 0.000592
0.003651 0.004294 0.009583 0.007599 0.002608 0.000445
0.004410 0.006048 0.013388 0.010321 0.003063 0.000618
0.008832 0.010587 0.016263 0.010393 0.003178 0.000669
0.010537 0.011198 0.011738 0.008512 0.004221 0.000849
0.009216 0.009613 0.010647 0.007480 0.002714 0.000622
0.010715 0.011473 0.012466 0.007348 0.002401 0.000570
0.008760 0.009950 0.010296 0.007021 0.003578 0.000687
0.009251 0.009990 0.012418 0.010267 0.003703 0.000679
0.003413 0.004242 0.007894 0.005434 0.002272 0.000560
0.011657 0.012767 0.015344 0.009934 0.003382 0.000693
0.013597 0.014694 0.013947 0.012029 0.006364 0.000926
0.012579 0.012072 0.014093 0.011524 0.004234 0.000816
0.014839 0.012336 0.011596 0.007093 0.003677 0.000634
0.005418 0.004850 0.008589 0.007147 0.003517 0.000874
0.013786 0.011457 0.009106 0.004492 0.001933 0.000538
0.007852 0.009841 0.015052 0.010080 0.005332 0.000798
0.022017 0.019282 0.016117 0.010353 0.003365 0.000630
0.006750 0.006393 0.008565 0.007833 0.003942 0.000815
0.009440 0.010961 0.014499 0.010794 0.004144 0.000740
0.018823 0.015500 0.012957 0.006555 0.002172 0.000478
0.007712 0.007574 0.007741 0.006835 0.003300 0.000677
0.004328 0.005465 0.007952 0.005436 0.002783 0.000710
0.012333 0.015152 0.024564 0.015961 0.004820 0.000771
0.004986 0.004667 0.008854 0.006185 0.003680 0.000709
0.009689 0.012338 0.017468 0.011435 0.004046 0.000630
0.005991 0.004723 0.006816 0.005485 0.003475 0.000665
0.011482 0.014050 0.017622 0.010391 0.003739 0.000685
0.007278 0.007100 0.009788 0.006886 0.002411 0.000631
0.009898 0.012894 0.021455 0.014111 0.004368 0.000751
0.018218 0.016337 0.012289 0.005762 0.001762 0.000550
0.009692 0.010330 0.010939 0.007070 0.003047 0.000643
0.012425 0.010833 0.010008 0.006020 0.002252 0.000616
0.004027 0.006360 0.013746 0.009403 0.003119 0.000631
0.002766 0.002658 0.005130 0.005033 0.003750 0.000918
0.009352 0.009120 0.019041 0.024764 0.015205 0.001443
0.012866 0.012053 0.012398 0.010380 0.006115 0.000942
0.013325 0.011430 0.010943 0.008277 0.003706 0.000593
0.012522 0.012763 0.016670 0.012629 0.004465 0.000732
0.022283 0.020461 0.018489 0.012067 0.004863 0.000816
0.009694 0.011541 0.016644 0.016455 0.008240 0.001492
0.012688 0.011908 0.010184 0.012731 0.008489 0.001231
0.016398 0.018849 0.032094 0.021233 0.004708 0.000680
0.004529 0.005470 0.009008 0.006271 0.002792 0.000660
0.011532 0.012479 0.016586 0.014402 0.006841 0.000866
0.006835 0.007710 0.011949 0.010429 0.005293 0.000803
0.004236 0.004766 0.012749 0.012172 0.008067 0.001205
0.006349 0.006647 0.017625 0.023012 0.012253 0.001277
0.011004 0.011669 0.015322 0.011365 0.004483 0.000752
0.009500 0.009275 0.011889 0.011952 0.004568 0.000670
0.006686 0.007117 0.017019 0.016028 0.004821 0.000739
0.011863 0.013967 0.021536 0.015054 0.005617 0.000817
0.017736 0.016520 0.013483 0.008873 0.003659 0.000952
0.012822 0.013137 0.013659 0.009140 0.003364 0.000705
0.028684 0.029100 0.032901 0.016582 0.004388 0.000775
0.013906 0.016087 0.016972 0.008838 0.002902 0.000616
0.015440 0.015810 0.018515 0.012284 0.005820 0.000891
0.004157 0.005891 0.012461 0.009988 0.003427 0.000664
0.009584 0.009474 0.017683 0.016305 0.008217 0.000988
0.019254 0.019847 0.020722 0.014907 0.009385 0.001227
0.009336 0.011676 0.019070 0.018369 0.007321 0.001090
0.020637 0.017564 0.018434 0.013766 0.004550 0.000885
0.008723 0.008306 0.007231 0.004640 0.002641 0.000666
0.015764 0.014408 0.014389 0.008326 0.002466 0.000631
0.012686 0.013405 0.019113 0.011613 0.004093 0.000794
0.034004 0.030457 0.025671 0.015555 0.004555 0.000683
0.007208 0.007980 0.011575 0.012034 0.008871 0.001307
0.012075 0.014471 0.023160 0.015743 0.005181 0.000777
0.035611 0.693361 0.192321 0.026138 0.038362 0.013981
0.013934 0.011199 0.007996 0.004436 0.003488 0.000870
0.004556 0.004708 0.008487 0.009373 0.004397 0.000785
0.018862 0.020721 0.036058 0.027405 0.009247 0.001081
0.009983 0.009075 0.013339 0.009507 0.006276 0.000930
0.014322 0.015610 0.021540 0.013199 0.003034 0.000613
0.012995 0.011630 0.008483 0.005519 0.005348 0.001056
0.014769 0.015310 0.020701 0.012248 0.003115 0.000653
0.009307 0.010878 0.013940 0.009750 0.006537 0.000974
0.011808 0.014930 0.026552 0.018761 0.004627 0.000619
0.016847 0.016550 0.018189 0.014132 0.004792 0.000709
0.012881 0.014700 0.019435 0.014377 0.007474 0.000896
0.019072 0.017114 0.015131 0.011046 0.004701 0.000760
0.006657 0.008280 0.017348 0.014401 0.005173 0.000813
0.003802 0.003503 0.007166 0.007664 0.003447 0.000877
0.012499 0.013515 0.022986 0.021971 0.012570 0.001670
0.011612 0.013309 0.015357 0.009648 0.006419 0.001329
0.020571 0.017686 0.013030 0.006568 0.002500 0.000558
0.018307 0.018415 0.017593 0.012371 0.006077 0.000842
0.032215 0.029289 0.029439 0.017724 0.005949 0.000898
0.017247 0.018652 0.021568 0.019564 0.009894 0.001665
0.015245 0.015526 0.012703 0.013146 0.011288 0.001550
0.013025 0.014771 0.020291 0.012338 0.003795 0.000616
0.009114 0.009623 0.009635 0.005423 0.002900 0.000658
0.009542 0.012831 0.017919 0.015305 0.005268 0.000962
0.008167 0.010704 0.018610 0.012548 0.006953 0.000979
0.003613 0.003349 0.012315 0.016115 0.013019 0.001680
0.010050 0.008856 0.021062 0.028496 0.016548 0.001864
0.018321 0.017718 0.020682 0.016108 0.006792 0.000875
0.026123 0.023892 0.021197 0.013287 0.004445 0.000706
0.012657 0.011199 0.016360 0.016185 0.005561 0.000825
0.012113 0.013670 0.023753 0.019302 0.005456 0.000826
0.016740 0.016905 0.016284 0.009352 0.003270 0.000820
0.015617 0.016776 0.019617 0.013897 0.005341 0.000985
0.019041 0.021043 0.027219 0.016796 0.005927 0.000841
0.017437 0.019080 0.019354 0.010356 0.003856 0.000770
0.019038 0.019908 0.025191 0.013954 0.005684 0.000925
0.004238 0.006159 0.013232 0.013308 0.005004 0.000763
0.012638 0.012120 0.018637 0.018843 0.010810 0.001276
0.013261 0.013996 0.021859 0.017633 0.012863 0.001559
0.007339 0.009013 0.016789 0.016680 0.008837 0.001147
0.025561 0.022430 0.021789 0.020788 0.008772 0.001154
0.010317 0.010209 0.009681 0.007196 0.004275 0.000862
0.016946 0.011511 0.008637 0.004244 0.001713 0.000425
0.018978 0.944193 0.236400 0.022283 0.024833 0.015807
0.025723 0.023864 0.023853 0.016136 0.004567 0.000629
0.011389 0.012063 0.019136 0.016245 0.011560 0.001561
0.020103 0.019695 0.020210 0.013448 0.004445 0.000810
0.039494 0.034582 0.028042 0.013809 0.003880 0.000735
0.022252 0.019093 0.012813 0.008900 0.005967 0.001270
0.005039 0.004305 0.010491 0.013714 0.008208 0.001154
0.022646 0.022188 0.038154 0.033698 0.011872 0.001321
0.014544 0.013423 0.018131 0.014044 0.007755 0.001060
0.020547 0.017608 0.019977 0.012311 0.003777 0.000661
0.021192 0.017817 0.013415 0.008447 0.003333 0.000734
0.021022 0.018154 0.017475 0.010951 0.003692 0.000663
0.009990 0.012263 0.017058 0.012236 0.007992 0.001166
0.018410 0.016909 0.027592 0.019908 0.004604 0.000672
0.011251 0.012140 0.014065 0.009363 0.003191 0.000602
0.019295 0.020743 0.024391 0.017309 0.009640 0.001224
0.027112 0.025081 0.022953 0.013281 0.005988 0.000811
0.009034 0.010002 0.014099 0.018242 0.008560 0.001120
0.005169 0.005305 0.009043 0.010832 0.005261 0.000945
0.016214 0.016883 0.023629 0.023652 0.012919 0.001973
0.022277 0.018911 0.020017 0.012453 0.008550 0.001792
0.048318 0.316110 0.290880 0.050232 0.036553 0.021135
0.020262 0.018226 0.018311 0.010932 0.003997 0.000861
0.016886 0.032812 0.043732 0.022917 0.009344 0.005482
0.023992 0.021825 0.021592 0.018878 0.007180 0.001053
0.016030 0.014046 0.014641 0.014519 0.010133 0.001360
0.022092 0.020942 0.034956 0.027142 0.008769 0.001206
0.011888 0.013422 0.015792 0.010976 0.003689 0.000769
0.009578 0.011012 0.020062 0.016146 0.006016 0.001096
0.010163 0.013150 0.022138 0.015616 0.004972 0.000802
0.004496 0.004471 0.013203 0.017827 0.012155 0.001299
0.013234 0.011206 0.024067 0.030887 0.018336 0.002223
0.016695 0.018597 0.024249 0.018222 0.007284 0.000963
0.023976 0.023743 0.023900 0.014061 0.003804 0.000622
0.017657 0.014974 0.013784 0.012956 0.005346 0.000951
0.018431 0.017933 0.023010 0.020659 0.007143 0.001048
0.017892 0.018230 0.019006 0.011083 0.003796 0.000786
0.014992 0.014744 0.018133 0.012986 0.007110 0.001541
0.020884 0.021829 0.028838 0.019363 0.005407 0.000702
0.019169 0.019141 0.018181 0.010393 0.005120 0.000871
0.021564 0.022243 0.029452 0.018664 0.006305 0.001032
0.004298 0.006518 0.013264 0.015762 0.007425 0.000959
0.013536 0.009874 0.016385 0.018269 0.013645 0.001779
0.017258 0.017245 0.025050 0.019917 0.013879 0.001713
0.012202 0.012964 0.017722 0.016599 0.008705 0.001119
0.030464 0.027857 0.019227 0.017216 0.008133 0.001165
0.015438 0.013543 0.013806 0.010570 0.007142 0.001225
0.026437 0.021743 0.016240 0.011279 0.006299 0.003249
0.015660 0.024345 0.020540 0.017077 0.007647 0.003640
0.026926 0.020833 0.011816 0.007293 0.004572 0.001200
0.015333 0.014995 0.016828 0.017400 0.010475 0.001528
0.025092 0.025039 0.027119 0.015006 0.006531 0.000938
0.028075 0.021394 0.013277 0.007191 0.004599 0.001057
0.025626 0.024842 0.019795 0.011219 0.007711 0.001472
0.006435 0.003948 0.009876 0.014918 0.013109 0.001497
0.019191 0.016049 0.029166 0.033707 0.015827 0.001342
0.018065 0.017354 0.022413 0.015438 0.007848 0.001198
0.025594 0.022246 0.018277 0.011509 0.004633 0.000716
0.023098 0.020812 0.017872 0.013592 0.004734 0.000863
0.022829 0.019989 0.019307 0.012166 0.004314 0.000754
0.012395 0.015205 0.026002 0.019602 0.009844 0.001190
0.022800 0.019641 0.024288 0.015421 0.004453 0.000713
0.014585 0.017744 0.029334 0.020268 0.005623 0.000784
0.010595 0.009157 0.014817 0.017111 0.009331 0.001317
0.031718 0.030929 0.030303 0.017217 0.007901 0.000907
0.014489 0.014387 0.015967 0.017577 0.009817 0.001122
