0.0001 3.4e-05 3.4e-05 3.4e-05 3.4e-05 0.000103
6.7e-05 6.9e-05 0.000103 6.9e-05 6.9e-05 6.9e-05
0.000133 6.9e-05 0.000138 0.000138 0.000103 0.000103
0.000133 6.9e-05 0.000103 6.9e-05 6.9e-05 0.000103
6.7e-05 3.4e-05 3.4e-05 3.4e-05 3.4e-05 0.000103
0.0001 3.4e-05 3.4e-05 3.4e-05 3.4e-05 0.000103
0.000133 0.000103 0.000172 0.000172 0.000103 0.000103
0.000167 0.000103 0.000207 0.000172 0.000138 0.000103
0.000333 0.000241 0.000483 0.000448 0.00031 0.000172
0.000133 6.9e-05 0.000138 0.000138 0.000103 6.9e-05
0.0001 3.4e-05 3.4e-05 3.4e-05 3.4e-05 6.9e-05
0.0001 3.4e-05 0.000103 6.9e-05 6.9e-05 0.000103
0.0001 6.9e-05 0.000138 0.000103 6.9e-05 6.9e-05
0.0001 3.4e-05 3.4e-05 0.0 0.0 6.9e-05
0.000133 3.4e-05 6.9e-05 3.4e-05 3.4e-05 0.000138
0.0001 6.9e-05 0.000103 6.9e-05 6.9e-05 6.9e-05
0.000133 0.000103 0.000172 0.000138 0.000103 0.000103
0.000267 0.000207 0.000379 0.000345 0.000241 0.000138
0.0001 3.4e-05 6.9e-05 6.9e-05 3.4e-05 0.000103
6.7e-05 6.9e-05 0.000103 6.9e-05 6.9e-05 6.9e-05
0.0001 3.4e-05 6.9e-05 6.9e-05 3.4e-05 6.9e-05
6.7e-05 6.9e-05 3.4e-05 3.4e-05 3.4e-05 6.9e-05
0.0001 3.4e-05 3.4e-05 3.4e-05 6.9e-05 6.9e-05
0.0001 6.9e-05 6.9e-05 6.9e-05 0.000103 3.4e-05
6.7e-05 3.4e-05 6.9e-05 6.9e-05 3.4e-05 6.9e-05
0.0001 6.9e-05 6.9e-05 6.9e-05 6.9e-05 0.000103
0.000133 0.000103 0.000172 0.000172 0.000103 0.000103
0.0001 3.4e-05 6.9e-05 6.9e-05 3.4e-05 6.9e-05
0.0001 3.4e-05 3.4e-05 3.4e-05 0.0 6.9e-05
6.7e-05 6.9e-05 0.0 3.4e-05 3.4e-05 0.000103
0.000267 0.000207 0.000345 0.00031 0.000241 0.000207
6.7e-05 3.4e-05 6.9e-05 6.9e-05 6.9e-05 3.4e-05
0.000133 3.4e-05 6.9e-05 3.4e-05 3.4e-05 0.000103
0.000167 0.000138 0.000241 0.000207 0.000138 0.000103
0.000133 6.9e-05 0.000138 0.000103 6.9e-05 0.000103
0.000133 3.4e-05 6.9e-05 3.4e-05 3.4e-05 6.9e-05
0.0002 0.000138 0.000241 0.000241 0.000172 0.000103
0.000167 0.000138 0.000207 0.000207 0.000172 0.000103
0.000133 6.9e-05 0.000103 0.000103 6.9e-05 0.000138
0.0001 3.4e-05 6.9e-05 3.4e-05 3.4e-05 0.000103
0.0001 3.4e-05 6.9e-05 6.9e-05 3.4e-05 6.9e-05
0.000133 0.000103 0.000172 0.000138 0.000103 0.000103
0.0001 3.4e-05 6.9e-05 6.9e-05 3.4e-05 0.000103
0.000133 6.9e-05 0.000138 0.000138 0.000103 0.000103
0.0004 0.00031 0.000552 0.000483 0.000345 0.000207
0.000133 0.000103 0.000207 0.000172 0.000138 0.000103
0.0002 0.000138 0.000241 0.000207 0.000138 0.000103
0.000133 6.9e-05 0.000103 0.000103 6.9e-05 0.000103
0.000467 0.000345 0.000655 0.000586 0.000414 0.000207
0.0003 0.000207 0.000414 0.000379 0.000241 0.000138
0.000433 0.000345 0.000655 0.000621 0.000448 0.000276
0.0007 0.000552 0.001034 0.000966 0.00069 0.000379
0.0001 3.4e-05 6.9e-05 6.9e-05 3.4e-05 6.9e-05
0.0001 6.9e-05 3.4e-05 3.4e-05 3.4e-05 0.000103
0.000233 0.000207 0.000345 0.00031 0.000207 0.000138
0.0001 6.9e-05 0.000103 0.000103 6.9e-05 6.9e-05
6.7e-05 3.4e-05 6.9e-05 6.9e-05 3.4e-05 6.9e-05
0.000133 0.000103 0.000138 0.000138 6.9e-05 0.000103
0.000133 0.000103 0.000207 0.000172 0.000138 0.000103
0.0004 0.00031 0.000552 0.000517 0.000379 0.000207
0.000167 0.000103 0.000172 0.000172 0.000103 0.000103
0.000133 6.9e-05 0.000103 0.000103 6.9e-05 0.000138
0.000133 6.9e-05 3.4e-05 3.4e-05 3.4e-05 0.000103
0.000133 6.9e-05 0.000103 6.9e-05 6.9e-05 0.000138
0.000133 6.9e-05 0.000138 0.000103 6.9e-05 0.000103
0.0001 6.9e-05 0.000103 0.000103 6.9e-05 0.000103
0.0001 6.9e-05 6.9e-05 6.9e-05 3.4e-05 0.000103
0.0001 6.9e-05 6.9e-05 6.9e-05 3.4e-05 0.000103
0.0001 6.9e-05 6.9e-05 6.9e-05 6.9e-05 0.000103
0.000133 6.9e-05 0.000103 0.000103 6.9e-05 6.9e-05
0.000133 3.4e-05 3.4e-05 3.4e-05 0.0 0.000103
0.0001 6.9e-05 0.000103 6.9e-05 6.9e-05 0.000103
0.000333 0.000241 0.000448 0.000414 0.00031 0.000172
0.000333 0.000241 0.000448 0.000414 0.000276 0.000172
0.0001 6.9e-05 0.000103 6.9e-05 6.9e-05 6.9e-05
0.0001 3.4e-05 3.4e-05 0.0 0.0 0.000103
0.000133 6.9e-05 0.000103 0.000103 6.9e-05 6.9e-05
0.0001 6.9e-05 0.000103 0.000103 6.9e-05 0.000103
0.0001 3.4e-05 6.9e-05 6.9e-05 3.4e-05 6.9e-05
0.000233 0.000172 0.00031 0.000276 0.000207 0.000138
0.0006 0.000448 0.000828 0.000759 0.000517 0.000276
0.000333 0.000241 0.000448 0.000414 0.00031 0.000172
0.000133 6.9e-05 0.000138 0.000138 0.000103 0.000103
0.000267 0.000172 0.000345 0.00031 0.000207 0.000138
0.000133 3.4e-05 6.9e-05 6.9e-05 3.4e-05 0.000138
0.0002 0.000103 0.000207 0.000172 0.000138 0.000138
0.000133 0.000103 0.000172 0.000172 0.000103 0.000103
0.000133 6.9e-05 0.000138 0.000138 0.000103 0.000103
0.000333 0.000241 0.000448 0.000414 0.000276 0.000172
0.0003 0.000207 0.000379 0.000345 0.000241 0.000138
0.000133 0.000103 0.000138 0.000138 0.000103 0.000103
0.0002 0.000103 0.000207 0.000172 0.000138 0.000103
0.0001 6.9e-05 6.9e-05 6.9e-05 6.9e-05 6.9e-05
0.0002 0.000138 0.000276 0.000241 0.000172 0.000103
0.000167 0.000138 0.000241 0.000241 0.000207 0.000241
0.0001 3.4e-05 6.9e-05 3.4e-05 3.4e-05 0.000103
0.000133 6.9e-05 0.000138 0.000103 6.9e-05 0.000103
0.000133 0.000103 0.000138 0.000138 6.9e-05 0.000103
0.0001 6.9e-05 0.000103 0.000103 6.9e-05 0.000103
0.0001 3.4e-05 6.9e-05 6.9e-05 3.4e-05 6.9e-05
0.0006 0.000483 0.000931 0.000862 0.000586 0.00031
0.000667 0.000517 0.000931 0.000862 0.000586 0.00031
0.0002 3.4e-05 0.000103 6.9e-05 3.4e-05 0.000103
0.000167 6.9e-05 0.000103 0.000103 6.9e-05 0.000103
0.0001 0.000103 0.000103 0.000103 0.000483 0.000586
0.000567 0.000414 0.000759 0.00069 0.000483 0.000276
0.0002 0.000172 0.000276 0.000241 0.000172 0.000138
0.0001 6.9e-05 6.9e-05 6.9e-05 3.4e-05 0.000103
0.000133 3.4e-05 0.00031 0.000172 6.9e-05 6.9e-05
0.000133 3.4e-05 6.9e-05 3.4e-05 3.4e-05 0.000103
0.000167 0.000138 0.000207 0.000207 0.000138 0.000103
0.000367 0.000276 0.000552 0.000483 0.000345 0.000207
0.000133 6.9e-05 0.000138 0.000138 0.000103 0.000103
0.000133 6.9e-05 3.4e-05 3.4e-05 3.4e-05 6.9e-05
0.0006 0.000448 0.000862 0.000862 0.000621 0.000345
0.000567 0.000414 0.000724 0.000655 0.000517 0.00031
0.0001 6.9e-05 3.4e-05 3.4e-05 3.4e-05 0.000103
0.0001 6.9e-05 3.4e-05 3.4e-05 3.4e-05 6.9e-05
0.000267 0.000172 0.000345 0.000345 0.000241 0.000138
0.0002 0.000138 0.000276 0.000241 0.000172 0.000138
0.000167 0.000138 0.000207 0.000207 0.000138 0.000138
0.000167 0.000103 0.000207 0.000172 0.000138 0.000103
0.000133 6.9e-05 0.000103 0.000103 6.9e-05 0.000103
0.0002 0.000138 0.000241 0.000207 0.000138 0.000138
0.0001 6.9e-05 6.9e-05 6.9e-05 3.4e-05 0.000103
0.000133 6.9e-05 0.000172 0.000103 6.9e-05 0.000103
0.0003 0.000207 0.000379 0.000345 0.000241 0.000172
0.000367 0.000276 0.000483 0.000448 0.00031 0.000172
0.0001 6.9e-05 0.000103 0.000103 6.9e-05 6.9e-05
0.000333 0.000276 0.000483 0.000448 0.00031 0.000172
0.0001 6.9e-05 0.000103 0.000103 6.9e-05 0.000103
0.0001 0.000103 0.000103 0.000621 0.000621 0.000276
0.000633 0.000483 0.000862 0.000759 0.000517 0.000276
0.000233 0.000172 0.00031 0.000276 0.000207 0.000138
0.000167 6.9e-05 0.00031 0.000172 6.9e-05 0.000103
0.000233 0.000172 0.000276 0.000241 0.000172 0.000103
0.000167 0.000138 0.000241 0.000207 0.000138 0.000103
0.000133 0.000103 0.000207 0.000138 0.000103 0.000103
0.0001 3.4e-05 6.9e-05 3.4e-05 3.4e-05 6.9e-05
0.000567 0.00031 0.000655 6.9e-05 6.9e-05 0.000103
0.000267 0.000172 0.000345 0.00031 0.000207 0.000138
0.000167 0.000138 0.000241 0.000207 0.000138 0.000103
0.000567 0.000448 0.000759 0.000966 0.000759 0.000276
0.000367 0.000138 0.000241 0.000207 0.000138 0.000103
0.000133 3.4e-05 3.4e-05 3.4e-05 3.4e-05 0.000103
0.000267 0.000172 0.00031 0.000586 0.000517 0.000207
0.000167 0.000138 0.000241 0.000207 0.000172 0.000138
0.000167 0.000138 0.000241 0.000241 0.000172 0.000138
0.0002 0.000138 0.00031 0.000276 0.000172 0.000103
0.000133 0.000103 0.000138 0.000345 0.000276 0.000172
0.000733 0.000552 0.001103 0.00031 0.000172 0.000103
0.000467 0.00031 0.000517 0.000586 0.000414 0.000138
0.0014 0.000793 0.000966 0.000517 0.001 0.000414
0.0012 0.000379 0.00069 0.001483 0.001172 0.00031
0.000433 0.000207 0.000448 0.000345 0.000345 6.9e-05
0.000333 0.000276 0.000483 0.000448 0.00031 0.000172
0.000233 0.000172 0.00031 0.000276 0.000207 0.000138
0.0002 0.000207 0.000517 0.001172 0.000931 0.000448
0.000133 0.000138 0.000207 0.000448 0.000931 0.000759
0.000167 0.000138 0.000414 0.000379 0.000172 6.9e-05
0.000167 0.000138 0.000207 0.000207 0.000138 0.000138
0.000667 0.000379 0.000621 0.000897 0.001276 0.001
0.0009 0.000276 0.000483 0.001655 0.001483 0.000345
0.0004 0.00031 0.000897 0.000483 0.000552 0.000207
0.0001 0.00031 0.000276 0.000379 0.000483 0.00031
0.0001 0.000103 0.000138 0.000621 0.001276 0.001276
0.000133 0.000103 0.000172 0.000138 0.000138 0.000138
0.0009 0.000517 0.000793 0.000172 0.000172 6.9e-05
0.000267 0.000207 0.000345 0.00031 0.000207 0.000138
0.0008 0.000483 0.000862 0.000759 0.000483 0.000207
0.0005 0.000448 0.000931 0.000793 0.000517 0.000241
0.000567 0.000414 0.000724 0.000655 0.000483 0.000276
0.000167 0.000138 0.000241 0.000207 0.000138 0.000103
0.000267 0.000103 0.000172 0.001138 0.001069 0.000414
0.000167 0.000207 0.000448 0.001379 0.001103 0.000276
0.000233 0.000172 0.00031 0.000276 0.000207 0.000103
0.000633 0.000276 0.000345 0.000759 0.000586 0.000172
0.0002 6.9e-05 0.000483 0.000103 6.9e-05 6.9e-05
0.000133 0.000138 0.001828 0.001759 0.000448 0.000586
0.000133 0.000103 0.000207 0.000207 0.000138 6.9e-05
0.000133 0.000103 0.000172 0.000172 0.000103 0.000103
0.000133 0.000138 0.000103 0.000103 3.4e-05 0.000103
0.000167 0.000138 0.000241 0.000207 0.000138 0.000103
0.000267 0.000138 0.000276 0.000448 0.000552 0.000241
0.000133 3.4e-05 6.9e-05 6.9e-05 0.000172 0.000172
0.000367 0.000241 0.001 0.000207 0.000103 6.9e-05
0.000167 6.9e-05 0.000138 0.000138 0.000103 0.000138
0.0002 0.00031 0.00069 0.001034 0.000931 0.000448
0.000433 0.00031 0.000621 0.000552 0.000414 0.000241
0.000333 0.000276 0.000828 0.00031 0.000207 0.000103
0.0001 0.000103 0.000138 0.000138 0.000103 0.000103
0.000167 0.000207 0.001138 0.000483 0.000103 3.4e-05
6.7e-05 6.9e-05 0.000138 0.000379 0.000172 0.000138
0.0009 0.000345 0.000517 0.000379 0.00031 0.000103
0.0002 0.000172 0.000276 0.000241 0.000172 0.000138
0.000533 0.000172 0.00031 0.000655 0.001034 0.000621
0.000167 3.4e-05 0.000103 6.9e-05 6.9e-05 0.000138
0.000167 0.000345 0.000345 0.000345 0.000241 0.001207
0.000233 0.000241 0.000414 0.000414 0.000241 0.000103
0.0008 0.000621 0.001862 0.000552 0.001483 0.001862
0.0006 0.00031 0.000655 0.000517 0.000655 0.00031
0.000133 0.000103 0.000172 0.000172 0.000138 0.000103
0.0001 0.000103 0.000207 0.000103 6.9e-05 6.9e-05
0.000167 0.000138 0.000414 0.000379 0.000241 6.9e-05
0.001267 0.00069 0.000897 0.000759 0.000897 0.000276
0.0005 0.000345 0.000621 0.000655 0.001207 0.000966
0.000833 0.000655 0.001379 0.001207 0.000793 0.000379
0.0006 0.000448 0.002241 0.001103 0.000759 0.000862
0.000433 0.00031 0.000586 0.000448 0.00031 0.000138
0.000933 0.000759 0.001379 0.001 0.001276 0.000483
0.0014 0.000966 0.001621 0.000621 0.000241 0.000103
0.000167 0.0 0.000483 6.9e-05 0.00031 0.000172
0.000267 0.000207 0.000379 0.000345 0.000241 0.000172
0.000133 0.000276 0.000655 0.00231 0.002379 0.001552
0.0005 0.000345 0.00069 0.000517 0.000345 0.000172
0.000433 0.000414 0.001414 0.00031 0.00069 0.000241
0.000133 0.000138 0.001379 0.001483 0.000586 0.000828
6.7e-05 6.9e-05 0.000172 0.000241 0.000207 0.0
0.0001 0.000172 0.000207 0.001034 0.001138 0.000483
0.001367 0.000241 0.000379 0.00069 0.000414 0.000172
0.000967 0.000724 0.001345 0.000621 0.000379 0.000207
0.0009 0.000483 0.00069 0.000621 0.000862 0.000379
0.0005 0.000414 0.000586 0.001483 0.002172 0.001345
0.0004 6.9e-05 0.000207 0.000793 0.000759 0.000276
0.000233 0.000655 0.001586 0.002276 0.001552 0.000483
0.000567 0.00031 0.00069 0.000241 0.000379 0.000207
0.000267 0.000138 0.000241 0.000207 0.000207 0.000172
0.001567 0.001103 0.00169 0.000448 0.000345 0.000241
0.000133 0.000103 0.000379 0.000207 0.000931 0.001
0.000267 0.000172 0.000586 0.001276 0.001828 0.001034
0.001533 0.000966 0.001241 0.001138 0.001207 0.000414
0.000767 0.000448 0.00069 0.00031 0.000241 0.000103
0.0031 0.000966 0.001759 0.002034 0.001655 0.00069
0.001367 0.000931 0.001759 0.001621 0.001241 0.000724
6.7e-05 0.000276 0.000517 0.001828 0.001759 0.000828
0.000167 6.9e-05 0.000172 0.000138 0.000103 6.9e-05
6.7e-05 0.000276 0.000966 0.002069 0.001897 0.000759
0.000233 0.000345 0.001207 0.00031 0.000103 6.9e-05
0.001067 0.000172 0.000379 0.001034 0.000414 0.000103
0.000167 0.000103 0.000207 0.000172 0.000103 0.000138
0.000133 0.000103 0.000138 0.000138 0.000103 0.000103
0.000567 0.001379 0.002862 0.003759 0.002828 0.001138
0.001767 0.000448 0.000241 0.000448 0.000379 0.000241
0.000167 6.9e-05 0.000138 0.000138 6.9e-05 0.000103
0.000333 0.000345 0.000517 0.001 0.00069 0.000138
0.0006 0.000483 0.000897 0.000828 0.000552 0.000276
6.7e-05 0.000138 0.000793 0.000345 0.000897 0.000276
0.000133 0.000103 0.000138 0.001138 0.001345 0.001138
0.0005 0.000931 0.002241 0.002931 0.002276 0.001
0.000233 0.000207 0.000414 0.000517 0.000483 0.00031
0.0019 0.000862 0.001138 0.00069 0.001966 0.002069
0.000333 0.000276 0.000586 0.000586 0.000483 0.000448
0.0007 0.000517 0.00169 0.00131 0.001483 0.001621
0.000333 0.000207 0.000414 0.000483 0.001276 0.001414
0.001133 0.001069 0.002379 0.002034 0.001069 0.000103
0.0004 0.00031 0.000586 0.000621 0.000621 0.000862
0.000567 0.000207 0.000448 0.001379 0.001241 0.000414
0.001067 0.000241 0.000552 0.001207 0.001069 0.000379
0.001067 0.000793 0.001621 0.001103 0.000759 0.00031
0.0012 0.000862 0.001414 0.001379 0.00131 0.000517
0.0012 0.001034 0.001966 0.002207 0.002207 0.001414
0.0006 0.000552 0.001828 0.001103 0.001103 0.000655
0.0013 0.000793 0.003 0.00231 0.00031 0.000448
0.0001 6.9e-05 0.001034 0.000276 0.001034 0.000276
0.001 0.000448 0.000759 0.000966 0.001138 0.000724
0.002533 0.000966 0.001 0.001 0.000828 0.000345
0.0003 0.000207 0.001172 0.000483 0.000552 0.000759
6.7e-05 0.000414 0.001207 0.002483 0.002448 0.001517
0.0006 0.000241 0.002 0.00169 0.000379 0.001621
0.000333 0.000276 0.000621 0.001793 0.00269 0.002448
0.0016 0.001276 0.002897 0.001655 0.000172 0.000621
0.001633 0.000586 0.001379 0.002 0.002 0.001414
0.000467 0.000138 0.001448 0.001138 0.000207 0.000828
0.0017 0.00069 0.001414 0.000379 0.000241 6.9e-05
0.000167 0.000103 0.000172 0.000138 0.000103 0.000103
0.002267 0.001724 0.003483 0.001897 0.000552 0.000241
0.0002 0.000172 0.000172 0.001103 0.00169 0.001103
0.001067 0.000793 0.002103 0.001517 0.000724 0.000517
0.001533 0.000931 0.001414 0.001345 0.002759 0.001276
0.000333 0.000276 0.000483 0.000483 0.00031 0.000172
0.000533 0.000759 0.002379 0.003621 0.003241 0.001552
0.000333 0.000276 0.001034 0.000586 0.000759 0.000621
0.000133 6.9e-05 0.000138 0.000138 0.000103 0.000207
0.000267 0.000586 0.002759 0.002759 0.001207 0.000276
0.000167 0.000138 0.000207 0.000897 0.000862 0.000379
0.000767 0.001448 0.002931 0.004276 0.004 0.00169
0.0006 0.000414 0.000793 0.000759 0.000552 0.000345
0.0003 0.00031 0.000759 0.002 0.003483 0.002483
0.000333 0.000241 0.001138 0.000552 0.000414 0.00069
0.0004 0.001276 0.001828 0.001379 0.000552 0.000483
0.0012 0.000483 0.000966 0.000724 0.000517 0.000414
0.0013 0.000448 0.000897 0.001448 0.001724 0.001069
0.001767 0.000207 0.000828 0.001655 0.001172 0.000586
0.001733 0.000345 0.000793 0.000345 0.001414 0.000586
0.001933 0.000379 0.00031 0.001586 0.001724 0.000897
0.003767 3.4e-05 0.000448 0.001207 0.001517 0.000897
0.001733 0.000897 0.000828 0.000966 0.001448 0.000655
0.000467 0.000448 0.001172 0.000655 0.001483 0.00069
0.0009 0.00069 0.002034 0.002483 0.001483 0.000483
0.0003 0.00031 0.000379 0.00031 0.000207 0.000138
0.003033 0.000862 0.001862 0.001 0.000276 0.000103
0.001 0.000207 0.000448 0.000448 0.000172 6.9e-05
0.000667 0.000552 0.001379 0.000621 0.000172 0.000138
0.0007 0.000552 0.001655 0.001069 0.001172 0.001276
0.0002 0.000138 0.00031 0.000276 0.000379 0.000448
0.001333 0.000138 0.003448 0.004069 0.002379 0.000207
0.0017 0.000552 0.001103 0.000517 0.000276 0.000759
0.000767 0.00069 0.001828 0.002897 0.002621 0.001
0.001167 0.000552 0.000897 0.000931 0.000586 0.000276
0.002767 0.000448 0.000724 0.001069 0.001034 0.00069
0.000433 0.000241 0.000621 0.002 0.002621 0.002
0.001633 0.000621 0.001172 0.001 0.000724 0.001414
0.002433 0.00369 0.006621 0.007276 0.004828 0.001517
0.0014 0.000966 0.002034 0.001931 0.001241 0.000621
0.002633 0.001241 0.001931 0.000448 0.001276 0.000793
0.000633 0.000172 0.000241 0.001586 0.001621 0.000483
0.000467 0.000345 0.002034 0.002 0.000759 0.001724
0.0022 0.001552 0.002517 0.001207 0.003759 0.002586
0.000233 0.000207 0.000724 0.000655 0.001 0.000276
0.000167 0.000241 0.000828 0.002069 0.002069 0.001034
0.000267 0.000517 0.001483 0.002724 0.002759 0.00131
0.0003 0.00131 0.002966 0.003759 0.003034 0.00131
0.002633 0.001172 0.000862 0.000724 0.001138 0.000793
0.0022 0.000759 0.000793 0.001207 0.001379 0.000414
0.0026 0.000621 0.001276 0.002276 0.001862 0.00069
0.000867 0.001207 0.002034 0.002069 0.001828 0.001345
0.000533 0.001 0.000517 0.000379 0.001034 0.000345
0.0003 0.00031 0.000552 0.000897 0.001069 0.00031
0.000867 0.00069 0.001759 0.00269 0.002483 0.001138
0.003733 0.001552 0.001345 0.000828 0.002276 0.002276
0.003733 0.000759 0.000241 0.00169 0.002793 0.001621
0.0057 0.000483 0.000172 0.000931 0.001483 0.001276
0.000667 0.000448 0.001448 0.000931 0.000552 0.000414
0.000467 0.000862 0.001483 0.001862 0.001069 0.000414
0.000533 0.000793 0.000931 0.001069 0.001552 0.001103
0.0013 0.001172 0.001655 0.002138 0.002241 0.000966
0.001067 0.000517 0.001103 0.000897 0.000966 0.000655
0.0019 0.000621 0.000966 0.001517 0.002276 0.001276
0.001467 0.001172 0.002379 0.00269 0.001759 0.000655
0.001667 0.000379 0.000655 0.000655 0.000241 0.000103
0.000267 0.000172 0.00031 0.001 0.001138 0.000517
0.001567 0.002345 0.004552 0.005931 0.005448 0.00231
0.001267 0.000655 0.002103 0.001 0.000483 0.001
0.000933 0.001207 0.003 0.003552 0.003 0.00169
0.001367 0.000379 0.000414 0.000103 0.000414 0.000241
0.003567 0.002172 0.003793 0.002931 0.000793 0.000103
0.0015 0.001103 0.002172 0.002 0.001379 0.000586
0.002667 0.001931 0.003586 0.001828 0.000483 0.000241
0.000633 0.001069 0.002034 0.002241 0.001276 0.000276
0.0025 0.001069 0.000759 0.000793 0.001138 0.000414
0.0027 0.000379 0.000207 0.001069 0.001103 0.000517
6.7e-05 0.00031 0.000448 0.002103 0.002621 0.001172
0.0003 0.000241 0.000828 0.000793 0.000655 0.001207
0.003067 0.001069 0.004138 0.005 0.003241 0.000448
0.002433 0.000241 0.000448 0.000586 0.001241 0.001586
     
0.002533 0.000828 0.001552 0.001586 0.002034 0.001345
     
0.0024 0.000931 0.001276 0.001345 0.002276 0.002483
0.003067 0.00131 0.002207 0.002103 0.000897 0.001241
     
0.001467 0.001172 0.002448 0.002138 0.001483 0.00069
0.003 0.00131 0.001241 0.001138 0.00331 0.002586
0.0019 0.00131 0.001897 0.000621 0.001621 0.001138
0.000633 0.000586 0.003483 0.002103 0.000655 0.00231
     
0.000733 0.000414 0.000724 0.000931 0.001586 0.001034
0.002667 0.001483 0.001241 0.001379 0.002586 0.001759
0.001533 0.00031 0.000552 0.003172 0.00431 0.002207
0.001 0.001 0.003207 0.004586 0.003759 0.001621
0.005167 0.001241 0.001241 0.00069 0.000931 0.000379
0.002567 0.000345 0.000828 0.001931 0.002138 0.001034
     
0.0017 0.000276 0.000897 0.002172 0.001931 0.000655
0.0012 0.002172 0.001414 0.001483 0.001517 0.000862
0.000167 0.000172 0.000621 0.002069 0.00231 0.001138
0.002833 0.001759 0.014138 0.012655 0.004828 0.002862
     
     
0.0078 0.000207 0.000517 0.000103 0.000724 0.000759
0.002167 0.000586 0.000828 0.000897 0.000828 0.000621
0.002467 0.000345 0.000759 0.002 0.001793 0.000621
     
     
0.001467 0.00069 0.001241 0.00131 0.001069 0.001414
     
     
0.002367 0.000379 0.000793 0.000828 0.000345 0.00069
0.000367 0.000276 0.001655 0.001517 0.000414 0.000517
0.004067 0.004552 0.008103 0.010172 0.010379 0.004586
0.003633 0.001655 0.003034 0.001759 0.00131 0.002103
     
0.003667 0.001759 0.002276 0.001655 0.001 0.000138
0.003267 0.00131 0.002414 0.001483 0.000414 0.000207
0.001067 0.000931 0.001483 0.001483 0.001276 0.001345
     
     
     
0.0009 0.000759 0.001759 0.002414 0.002931 0.001724
0.0018 0.001276 0.003828 0.003034 0.000655 0.000621
0.000567 0.000379 0.001931 0.002 0.000586 0.000379
     
     
0.0143 0.000345 0.000552 0.00131 0.001103 0.00031
     
     
     
0.003667 0.001379 0.002069 0.001759 0.001034 0.002069
     
0.001667 0.001345 0.002379 0.002345 0.001552 0.00069
     
0.0024 0.001828 0.003759 0.00131 0.000828 0.001379
     
     
     
0.011567 0.002897 0.003897 0.001897 0.00069 0.000655
0.0039 0.000448 0.000759 0.003 0.004103 0.002448
     
     
     
     
0.003033 0.000172 0.000897 0.00231 0.002241 0.00131
     
0.000533 0.000517 0.000759 0.001552 0.002552 0.00169
     
     
     
0.028233 0.001586 0.004793 0.004448 0.002655 0.000552
0.002433 0.000724 0.001241 0.001207 0.001345 0.001379
     
     
     
0.003333 0.001621 0.002517 0.001414 0.000966 0.002138
     
     
0.0019 0.002724 0.003069 0.001552 0.001241 0.001793
0.000433 0.00031 0.002517 0.002069 0.000586 0.001552
0.018433 0.00931 0.012241 0.01269 0.013414 0.006345
0.005267 0.00231 0.004034 0.001586 0.001759 0.002414
0.006867 0.000724 0.000862 0.002586 0.002828 0.001276
0.012067 0.017828 0.00131 0.002483 0.002448 0.001414
0.000667 0.000759 0.00069 0.000586 0.000414 0.000172
0.001033 0.000828 0.001345 0.001586 0.001759 0.001828
     
     
     
     
0.000233 0.000621 0.001759 0.00131 0.000379 0.001724
0.001067 0.000724 0.00269 0.002931 0.000897 0.000621
     
0.005667 0.003862 0.004103 0.003034 0.001276 0.002207
     
     
     
     
     
     
0.001533 0.001793 0.003448 0.003793 0.002966 0.001483
     
     
     
     
     
     
0.007033 0.001276 0.001207 0.001897 0.003034 0.002138
     
     
     
     
0.0057 0.000138 0.000759 0.002172 0.002379 0.001862
     
0.000667 0.000724 0.001621 0.000828 0.002517 0.00231
     
     
     
     
0.0019 0.000621 0.001103 0.001241 0.001621 0.002207
     
     
     
0.003233 0.000414 0.000759 0.000759 0.000897 0.00231
     
     
     
0.000667 0.000552 0.001241 0.001 0.00069 0.002724
     
0.0083 0.002966 0.005345 0.002552 0.000931 0.002379
0.0134 0.002 0.001724 0.000862 0.001724 0.001034
     
     
0.001633 0.001069 0.001897 0.002724 0.003345 0.003276
     
     
     
     
     
