0.176767
0.068447
0.181943
0.159091
0.076663
0.122565
0.183124
0.162734
0.161446
0.086392
0.081839
0.115049
0.086277
0.130411
0.187026
0.086795
0.137531
0.220326
0.194121
0.095237
0.186771
0.081975
0.115342
0.171657
0.087077
0.132232
0.176217
0.110738
0.110380
0.112915
0.207565
0.081865
0.227556
0.275935
0.186564
0.113237
0.205826
0.075911
0.191659
0.125328
0.126072
0.185950
0.188826
0.141756
0.150168
0.125793
0.261524
0.133614
0.303671
0.394498
0.276868
0.222918
0.147013
0.150388
0.264270
0.110887
0.043406
0.206845
0.252158
0.262648
0.329727
0.274146
0.205251
0.347856
0.133288
0.133856
0.162826
0.172532
0.117160
0.255953
0.194936
0.158202
0.182786
0.292824
0.114874
0.173637
0.167687
0.247329
0.187082
0.143302
0.214718
0.114899
0.126724
0.140171
0.141505
0.255854
0.177494
0.133899
0.237994
0.235692
0.234530
0.290558
0.165316
0.152342
0.263055
0.172772
0.140735
0.148339
0.156792
0.235419
0.325184
0.131886
0.184583
0.193591
0.288289
0.195455
0.206015
0.130718
0.306107
0.187196
0.240680
0.385570
0.224175
0.178668
0.242283
0.202739
0.201803
0.160003
0.356720
0.252057
0.236942
0.222093
0.308749
0.382507
0.195409
0.472815
0.166229
0.183868
0.131773
0.319660
0.149741
0.413709
0.282631
0.151241
0.295962
0.304082
0.194175
0.328553
0.148443
0.438241
0.151226
0.228585
0.313495
0.310463
0.176439
0.250040
0.326487
0.198165
0.433702
0.360594
0.198540
0.279107
0.434134
0.429935
0.323933
0.244371
0.182593
0.442940
0.550557
0.451688
0.136968
0.413170
0.293273
0.182183
0.417700
0.352513
0.209390
0.316503
0.241211
0.402494
0.389199
0.187828
0.207541
0.573402
0.490609
0.142574
0.216802
0.251674
0.583333
0.317305
0.291467
0.329482
0.213728
0.466920
0.365035
0.426638
0.310864
0.247758
0.341309
0.261439
0.286024
0.429458
0.296779
0.314470
0.321141
0.459974
0.357376
0.480646
0.740886
0.505243
0.453327
0.210380
0.527949
0.457261
0.523029
0.453364
0.321171
0.355251
0.335548
0.559910
0.544838
0.320089
0.254099
0.616402
0.291547
0.440686
0.811804
0.441582
0.413218
0.437850
0.276390
0.388549
0.301827
0.350375
0.636177
0.641880
0.446805
0.639964
0.464100
0.743490
0.419633
0.386699
0.394443
0.363238
0.663921
0.339201
0.482590
0.499121
0.487431
0.222580
0.286627
0.846197
0.482157
0.363322
0.545336
0.291818
0.388231
0.307815
0.670657
0.281404
0.541183
0.672248
0.821807
0.609177
0.630995
0.292832
0.803786
0.995805
0.465305
0.616914
0.730730
0.352651
0.757053
0.596910
0.376992
0.356289
0.616683
0.578038
1.109153
0.822176
0.815745
0.807855
0.375994
0.621606
0.302824
0.855874
0.523728
0.415245
0.920812
0.267594
0.904507
0.379527
0.249116
0.941133
0.386494
1.141030
0.342708
0.831352
0.401184
0.876445
0.458681
0.650018
0.502976
0.514525
0.718352
0.549966
0.407084
0.472563
0.657682
0.300323
0.432267
0.346158
0.433017
0.478965
0.314017
1.186322
0.473880
0.783436
0.475364
0.449259
1.015289
0.393137
1.066654
0.432606
0.818875
0.846924
0.689354
0.779265
0.666908
1.181498
0.676701
1.016048
0.713396
0.657407
0.970205
0.996825
1.004129
0.614062
0.553082
1.073325
0.906184
0.693770
0.505800
1.104993
0.736024
0.586611
0.578126
0.819289
0.544711
0.436202
0.486965
1.437644
0.777465
0.728744
0.528460
0.836880
0.570545
0.952035
0.674877
0.428215
0.820371
0.618178
0.471025
1.779482
0.710820
1.175153
0.713047
0.673889
1.522934
0.589705
1.599981
0.648908
1.228312
1.270387
1.034032
1.168898
1.000362
1.772247
1.015051
1.524072
1.070094
0.986110
1.455308
1.495238
1.506193
0.921092
0.829623
1.609987
1.359276
1.040655
0.758700
1.657489
1.104036
0.879916
0.867189
1.228934
0.817066
0.654303
0.730447
2.156466
1.166197
1.093116
0.792690
1.255320
0.855818
1.428052
1.012315
0.642323
1.230556
0.927268
0.628033
2.372643
0.947760
1.566871
0.950729
0.898518
2.030579
0.786274
2.133308
0.865211
1.637750
1.693849
1.378709
1.558530
1.333816
2.362996
1.353401
2.032096
1.426792
1.314814
1.940410
1.993651
2.008257
1.228123
1.106164
2.146649
1.812368
1.387539
1.011600
2.209985
1.472048
1.173221
1.156251
1.638579
1.089421
0.872405
0.973930
2.875289
1.554929
1.457488
1.056920
1.673760
1.141090
1.904070
1.349753
0.856431
1.640742
1.236357
0.785041
2.965804
1.184700
1.958589
1.188411
1.123148
2.538223
0.982842
2.666635
1.081514
2.047187
2.117311
1.723386
1.948163
1.667270
2.953744
1.691752
2.540120
1.783489
1.643517
2.425513
2.492064
2.510322
1.535154
1.382705
2.683312
2.265460
1.734424
1.264500
2.762481
1.840061
1.466526
1.445314
2.048223
1.361776
1.090506
1.217412
3.594111
1.943661
1.821860
1.321150
2.092200
1.426363
2.380087
1.687192
1.070538
2.050927
1.545446
