0.098009
0.049536
0.112417
0.106606
0.070338
0.095583
0.093776
0.102389
0.119902
0.071080
0.076244
0.083170
0.066457
0.096430
0.114045
0.078633
0.090461
0.133322
0.103590
0.115684
0.110430
0.080050
0.105313
0.119742
0.087186
0.104086
0.115663
0.074003
0.082967
0.079174
0.133265
0.068910
0.116680
0.124868
0.108075
0.091164
0.125158
0.074198
0.115944
0.079055
0.103628
0.109530
0.111694
0.129350
0.100404
0.102111
0.150594
0.094854
0.130565
0.148027
0.113550
0.126069
0.099468
0.096351
0.131285
0.075879
0.041043
0.141454
0.122526
0.102085
0.142920
0.146917
0.141508
0.150640
0.099582
0.104280
0.128681
0.127967
0.100037
0.138292
0.126233
0.103031
0.099578
0.140223
0.093050
0.120348
0.113106
0.131588
0.106598
0.109897
0.144588
0.081620
0.101218
0.121984
0.093683
0.142795
0.124030
0.086467
0.129994
0.156713
0.111432
0.144568
0.115991
0.092977
0.136523
0.105139
0.102102
0.141295
0.091867
0.136400
0.146237
0.104676
0.136614
0.116322
0.172182
0.155346
0.133444
0.102102
0.150232
0.113660
0.114180
0.146028
0.114087
0.140166
0.130606
0.167299
0.115134
0.110186
0.173007
0.121902
0.143344
0.133566
0.117356
0.151806
0.122261
0.141147
0.122072
0.165772
0.093862
0.144876
0.089003
0.160892
0.166950
0.102131
0.148621
0.146707
0.140670
0.164351
0.094141
0.168051
0.125307
0.153185
0.178088
0.173480
0.119340
0.166520
0.142156
0.144857
0.153693
0.164366
0.166067
0.168708
0.178824
0.175883
0.171605
0.112083
0.124560
0.157848
0.164011
0.161934
0.127950
0.193594
0.198900
0.169037
0.182908
0.184440
0.139669
0.169278
0.162755
0.178462
0.172566
0.160277
0.125421
0.168204
0.166574
0.094770
0.171186
0.159779
0.170117
0.141655
0.150242
0.172957
0.130266
0.180794
0.146997
0.165568
0.147483
0.175655
0.173424
0.159544
0.136499
0.158366
0.163403
0.179927
0.132647
0.173807
0.152072
0.188836
0.172893
0.189807
0.179161
0.127787
0.179594
0.166964
0.170710
0.181170
0.165070
0.182071
0.174808
0.172747
0.178262
0.157180
0.145438
0.160369
0.166255
0.172147
0.169763
0.161613
0.172322
0.186690
0.169904
0.183786
0.178096
0.177974
0.179562
0.171106
0.168371
0.170520
0.169509
0.173491
0.179129
0.170538
0.187220
0.169503
0.183303
0.130929
0.171346
0.159913
0.178714
0.159788
0.135065
0.185087
0.185026
0.135299
0.177578
0.159695
0.177309
0.170895
0.183668
0.160201
0.188850
0.148581
0.184363
0.181792
0.187164
0.182170
0.180125
0.177358
0.172686
0.168965
0.179897
0.176382
0.187786
0.181829
0.189426
0.180908
0.185141
0.185435
0.196250
0.184865
0.175068
0.192121
0.185151
0.185847
0.139746
0.179882
0.185320
0.184937
0.190268
0.163800
0.188333
0.159411
0.143879
0.186600
0.169661
0.190258
0.169426
0.162801
0.178020
0.191461
0.184254
0.183187
0.179184
0.190603
0.190718
0.198980
0.186032
0.174733
0.186516
0.185312
0.193716
0.187413
0.172329
0.182115
0.146345
0.188565
0.184042
0.187161
0.188788
0.199250
0.184174
0.195381
0.190360
0.172082
0.190830
0.170134
0.180071
0.193499
0.176095
0.171342
0.173385
0.191590
0.181801
0.186757
0.184260
0.182928
0.198184
0.164486
0.187089
0.192369
0.191768
0.201643
0.194069
0.191631
0.195180
0.191210
0.186714
0.176838
0.191502
0.191608
0.167419
0.195715
0.197751
0.195979
0.188136
0.193988
0.185470
0.182270
0.193226
0.183009
0.186963
0.176144
0.160319
0.203555
0.190795
0.196489
0.199706
0.205822
0.190606
0.201259
0.199162
0.179990
0.189913
0.185402
0.185275
0.194218
0.183477
0.184989
0.199222
0.200245
0.185457
0.190899
0.190416
0.198501
0.199626
0.170401
0.199166
0.200185
0.198886
0.204364
0.201718
0.202813
0.209309
0.195129
0.192079
0.187401
0.589407
0.201911
0.189507
0.205097
0.202596
0.198195
0.188626
0.193523
0.182708
0.193357
0.186909
0.186499
0.186041
0.180526
0.175128
0.207862
0.198132
0.205061
0.196602
0.202985
0.195098
0.198614
0.205911
0.194306
0.200981
0.181211
0.201473
0.210648
0.190393
0.197479
0.199159
0.203545
0.194157
0.194454
0.194994
0.203353
0.202533
0.175891
0.201257
0.205448
0.204402
0.207891
0.207790
0.203557
0.693187
0.207337
0.198790
0.195000
0.200345
0.200322
0.197692
0.210094
0.203515
0.198076
0.190649
0.195579
0.199037
0.199419
0.188385
0.189214
0.184324
0.192244
0.187009
0.207448
0.200669
0.799414
0.193130
0.402185
0.208709
0.208908
0.218084
0.193816
0.198736
0.187041
0.195716
0.221451
0.197419
0.193723
0.199327
0.209574
0.201584
0.201618
0.203238
0.204845
0.208333
0.184530
0.205071
0.210147
0.211352
0.208987
0.211657
0.394268
0.584511
0.261589
0.200821
0.189544
0.230865
0.206897
0.201941
0.209026
0.210981
0.199599
0.204160
0.196255
0.200285
0.203226
0.191298
0.189525
0.199037
0.198107
