0.000056 0.000049 0.000064 0.000067 0.000079 0.000042
0.000148 0.000088 0.000085 0.000089 0.000097 0.000049
0.000282 0.000166 0.000184 0.000207 0.000195 0.000115
0.000135 0.000070 0.000116 0.000181 0.000280 0.000233
0.000067 0.000050 0.000064 0.000091 0.000141 0.000091
0.000160 0.000116 0.000176 0.000151 0.000204 0.000149
0.000052 0.000044 0.000058 0.000072 0.000085 0.000054
0.000080 0.000077 0.000092 0.000102 0.000116 0.000063
0.000148 0.000086 0.000095 0.000129 0.000175 0.000099
0.000054 0.000044 0.000044 0.000054 0.000062 0.000030
0.000132 0.000078 0.000094 0.000113 0.000150 0.000085
0.000206 0.000123 0.000137 0.000158 0.000159 0.000096
0.000050 0.000039 0.000046 0.000055 0.000062 0.000037
0.000181 0.000106 0.000119 0.000139 0.000140 0.000078
0.000270 0.000135 0.000151 0.000193 0.000249 0.000180
0.000054 0.000043 0.000048 0.000079 0.000133 0.000062
0.000090 0.000064 0.000077 0.000114 0.000143 0.000078
0.000094 0.000073 0.000073 0.000105 0.000129 0.000058
0.000161 0.000093 0.000114 0.000128 0.000185 0.000109
0.000102 0.000055 0.000076 0.000116 0.000216 0.000206
0.000378 0.000142 0.000161 0.000212 0.000210 0.000166
0.000054 0.000045 0.000059 0.000091 0.000129 0.000093
0.000276 0.000126 0.000230 0.000360 0.000485 0.000417
0.000084 0.000070 0.000087 0.000157 0.000279 0.000215
0.000074 0.000084 0.000086 0.000162 0.000244 0.000139
0.000056 0.000060 0.000062 0.000095 0.000111 0.000066
0.000120 0.000087 0.000100 0.000169 0.000258 0.000158
0.000139 0.000097 0.000115 0.000133 0.000153 0.000090
0.000101 0.000070 0.000077 0.000092 0.000101 0.000052
0.000116 0.000081 0.000079 0.000083 0.000103 0.000054
0.000227 0.000195 0.000264 0.000331 0.000488 0.000330
0.000045 0.000030 0.000040 0.000065 0.000093 0.000083
0.000059 0.000056 0.000064 0.000116 0.000176 0.000086
0.000137 0.000074 0.000087 0.000110 0.000148 0.000078
0.000104 0.000066 0.000082 0.000153 0.000218 0.000142
0.000225 0.000078 0.000107 0.000181 0.000260 0.000192
0.000278 0.000115 0.000150 0.000244 0.000347 0.000216
0.000085 0.000071 0.000072 0.000100 0.000141 0.000068
0.000090 0.000084 0.000093 0.000148 0.000198 0.000113
0.000108 0.000061 0.000079 0.000129 0.000190 0.000130
0.000135 0.000066 0.000070 0.000090 0.000119 0.000078
0.000049 0.000044 0.000047 0.000062 0.000078 0.000044
0.000097 0.000068 0.000106 0.000123 0.000241 0.000184
0.000133 0.000075 0.000187 0.000260 0.000409 0.000361
0.000058 0.000057 0.000067 0.000078 0.000110 0.000064
0.000253 0.000152 0.000156 0.000209 0.000249 0.000161
0.000456 0.000201 0.000253 0.000279 0.000303 0.000246
0.000050 0.000039 0.000051 0.000072 0.000114 0.000065
0.000095 0.000078 0.000120 0.000185 0.000274 0.000208
0.000204 0.000125 0.000154 0.000218 0.000277 0.000144
0.000095 0.000086 0.000140 0.000183 0.000262 0.000236
0.000449 0.000232 0.000295 0.000301 0.000291 0.000193
0.000246 0.000138 0.000161 0.000186 0.000177 0.000112
0.000312 0.000151 0.000163 0.000161 0.000159 0.000095
0.000277 0.000192 0.000223 0.000266 0.000234 0.000147
0.000077 0.000062 0.000075 0.000081 0.000118 0.000059
0.000062 0.000050 0.000050 0.000060 0.000071 0.000040
0.000445 0.000223 0.000321 0.000318 0.000285 0.000193
0.000100 0.000079 0.000119 0.000169 0.000178 0.000110
0.000198 0.000122 0.000157 0.000205 0.000206 0.000155
0.000504 0.000193 0.000259 0.000354 0.000345 0.000248
0.000305 0.000148 0.000152 0.000162 0.000169 0.000097
0.000374 0.000157 0.000160 0.000179 0.000202 0.000112
0.000318 0.000156 0.000170 0.000190 0.000193 0.000160
0.000307 0.000167 0.000191 0.000197 0.000158 0.000091
0.000183 0.000102 0.000107 0.000148 0.000176 0.000120
0.000114 0.000080 0.000091 0.000116 0.000125 0.000067
0.000349 0.000189 0.000216 0.000228 0.000211 0.000124
0.000061 0.000050 0.000056 0.000072 0.000095 0.000048
0.000320 0.000194 0.000210 0.000232 0.000263 0.000188
0.000115 0.000087 0.000078 0.000143 0.000232 0.000122
0.000929 0.000355 0.000411 0.000344 0.000246 0.000171
0.000149 0.000088 0.000109 0.000186 0.000230 0.000163
0.000198 0.000118 0.000138 0.000160 0.000193 0.000089
0.000061 0.000056 0.000062 0.000074 0.000081 0.000057
0.000536 0.000226 0.000274 0.000303 0.000244 0.000168
0.000264 0.000097 0.000094 0.000153 0.000202 0.000124
0.000071 0.000073 0.000086 0.000101 0.000117 0.000064
0.000201 0.000121 0.000159 0.000209 0.000258 0.000186
0.000268 0.000126 0.000141 0.000140 0.000147 0.000092
0.000358 0.000153 0.000198 0.000232 0.000269 0.000166
0.000072 0.000059 0.000062 0.000068 0.000075 0.000041
0.000121 0.000084 0.000091 0.000111 0.000140 0.000060
0.000342 0.000201 0.000270 0.000319 0.000296 0.000197
0.000058 0.000047 0.000065 0.000077 0.000092 0.000048
0.000388 0.000159 0.000195 0.000199 0.000176 0.000093
0.000747 0.000299 0.000406 0.000356 0.000282 0.000212
0.000040 0.000032 0.000034 0.000041 0.000052 0.000025
0.000747 0.000285 0.000374 0.000426 0.000356 0.000253
0.000951 0.000367 0.000512 0.000443 0.000341 0.000246
0.000071 0.000060 0.000072 0.000075 0.000085 0.000046
0.000140 0.000083 0.000094 0.000142 0.000164 0.000079
0.000773 0.000277 0.000356 0.000340 0.000257 0.000176
0.000171 0.000101 0.000108 0.000118 0.000118 0.000065
0.000605 0.000196 0.000295 0.000457 0.000628 0.000436
0.000047 0.000038 0.000050 0.000070 0.000088 0.000054
0.000105 0.000083 0.000099 0.000104 0.000169 0.000077
0.000212 0.000141 0.000185 0.000335 0.000491 0.000442
0.000063 0.000059 0.000056 0.000075 0.000113 0.000063
0.000185 0.000132 0.000166 0.000202 0.000234 0.000173
0.000756 0.000360 0.000504 0.000483 0.000321 0.000188
0.000059 0.000058 0.000059 0.000072 0.000095 0.000050
0.000683 0.000264 0.000322 0.000271 0.000192 0.000111
0.000246 0.000142 0.000168 0.000222 0.000284 0.000225
0.001244 0.000372 0.000468 0.000559 0.000696 0.000588
0.000183 0.000136 0.000162 0.000234 0.000251 0.000157
0.000681 0.000252 0.000364 0.000338 0.000248 0.000154
0.000242 0.000134 0.000145 0.000143 0.000152 0.000075
0.000465 0.000242 0.000393 0.000427 0.000334 0.000250
0.000065 0.000060 0.000076 0.000086 0.000101 0.000054
0.000262 0.000134 0.000182 0.000252 0.000314 0.000254
0.000463 0.000239 0.000289 0.000299 0.000297 0.000174
0.000144 0.000090 0.000172 0.000277 0.000296 0.000202
0.001435 0.000586 0.000721 0.000681 0.000574 0.000417
0.001078 0.000435 0.000704 0.001222 0.001210 0.000787
0.001305 0.000443 0.000556 0.000807 0.000965 0.000726
0.001230 0.000484 0.000753 0.000742 0.000562 0.000323
0.000392 0.000187 0.000211 0.000319 0.000428 0.000323
0.000612 0.000309 0.000422 0.000529 0.000402 0.000323
0.000058 0.000055 0.000093 0.000144 0.000223 0.000154
0.000280 0.000158 0.000192 0.000234 0.000283 0.000212
0.000649 0.000224 0.000272 0.000283 0.000248 0.000174
0.000178 0.000109 0.000133 0.000146 0.000139 0.000074
0.000359 0.000161 0.000163 0.000209 0.000225 0.000118
0.000255 0.000101 0.000112 0.000218 0.000295 0.000197
0.000383 0.000226 0.000323 0.000351 0.000276 0.000206
0.000294 0.000126 0.000148 0.000193 0.000236 0.000126
0.000709 0.000334 0.000539 0.000614 0.000527 0.000384
0.000098 0.000064 0.000066 0.000075 0.000102 0.000049
0.000746 0.000320 0.000440 0.000411 0.000320 0.000231
0.000386 0.000175 0.000211 0.000251 0.000239 0.000186
0.000904 0.000394 0.000604 0.000539 0.000517 0.000414
0.000744 0.000294 0.000434 0.000482 0.000396 0.000214
0.000135 0.000089 0.000099 0.000107 0.000115 0.000076
0.000531 0.000180 0.000220 0.000232 0.000217 0.000129
0.000294 0.000190 0.000204 0.000235 0.000236 0.000163
0.000525 0.000259 0.000316 0.000320 0.000266 0.000181
0.000471 0.000221 0.000282 0.000278 0.000249 0.000149
0.000053 0.000058 0.000064 0.000087 0.000108 0.000053
0.001645 0.000627 0.000756 0.000629 0.000443 0.000313
0.000216 0.000115 0.000117 0.000131 0.000128 0.000088
0.001196 0.000419 0.000575 0.000510 0.000394 0.000260
0.001549 0.000532 0.000819 0.000857 0.000604 0.000406
0.002149 0.000823 0.001163 0.000918 0.000585 0.000393
0.000380 0.000181 0.000207 0.000198 0.000175 0.000101
0.000980 0.000360 0.000465 0.000425 0.000347 0.000278
0.000533 0.000181 0.000218 0.000450 0.000602 0.000414
0.001108 0.000381 0.000462 0.000604 0.000728 0.000613
0.001781 0.000605 0.000853 0.000862 0.000544 0.000391
0.000813 0.000298 0.000396 0.000391 0.000379 0.000260
0.001660 0.000526 0.000915 0.000898 0.000790 0.000489
0.001329 0.000497 0.000727 0.000745 0.000612 0.000477
0.003681 0.001183 0.001354 0.001419 0.000859 0.000629
0.003347 0.001127 0.001649 0.001654 0.000955 0.000602
0.001982 0.000750 0.001096 0.001039 0.000760 0.000585
0.000096 0.000065 0.000062 0.000073 0.000095 0.000047
0.000252 0.000111 0.000119 0.000130 0.000166 0.000087
0.001535 0.000660 0.000784 0.000731 0.000632 0.000434
0.000624 0.000294 0.000569 0.000883 0.001025 0.000788
0.000449 0.000272 0.000361 0.000469 0.000546 0.000460
0.000428 0.000211 0.000271 0.000291 0.000405 0.000267
0.002939 0.001070 0.001137 0.001160 0.001106 0.000695
0.003059 0.000885 0.001157 0.001985 0.002487 0.001068
0.001476 0.000526 0.000914 0.000986 0.000825 0.000585
0.000911 0.000391 0.000453 0.000612 0.000882 0.000689
0.001823 0.000588 0.000652 0.000798 0.001172 0.000819
0.000749 0.000291 0.000351 0.000333 0.000260 0.000182
0.002097 0.000660 0.000963 0.000966 0.000765 0.000455
0.000930 0.000336 0.000483 0.000484 0.000385 0.000306
0.002192 0.000756 0.001273 0.001130 0.000731 0.000512
0.001570 0.000605 0.000746 0.000700 0.000545 0.000379
0.000400 0.000187 0.000284 0.000442 0.000477 0.000329
0.001234 0.000426 0.000629 0.000595 0.000468 0.000392
0.001610 0.000641 0.001165 0.001210 0.000819 0.000608
0.001248 0.000519 0.000828 0.000920 0.000666 0.000385
0.000295 0.000150 0.000162 0.000156 0.000178 0.000099
0.002794 0.000916 0.001300 0.001329 0.000889 0.000628
0.001058 0.000420 0.000571 0.000588 0.000545 0.000372
0.001270 0.000473 0.000993 0.001595 0.001217 0.000835
0.000208 0.000094 0.000138 0.000205 0.000362 0.000265
0.000145 0.000090 0.000143 0.000202 0.000264 0.000150
0.001941 0.000761 0.001176 0.001217 0.000783 0.000588
0.000484 0.000203 0.000224 0.000246 0.000402 0.000196
0.001441 0.000574 0.000763 0.000757 0.000576 0.000427
0.000801 0.000268 0.000342 0.000352 0.000383 0.000254
0.000684 0.000304 0.000601 0.000892 0.000674 0.000484
0.000430 0.000208 0.000439 0.000656 0.000707 0.000616
0.003426 0.001225 0.001222 0.001182 0.000905 0.000634
0.000847 0.000436 0.000798 0.001082 0.000740 0.000647
0.000886 0.000436 0.000795 0.000817 0.000662 0.000524
0.000230 0.000187 0.000249 0.000322 0.000299 0.000192
0.000938 0.000428 0.000630 0.000680 0.000540 0.000475
0.000495 0.000238 0.000310 0.000410 0.000462 0.000346
0.001664 0.000677 0.000889 0.000783 0.000531 0.000322
0.000491 0.000247 0.000396 0.000388 0.000232 0.000155
0.001147 0.000468 0.000606 0.000554 0.000500 0.000325
0.000591 0.000297 0.000417 0.000522 0.000576 0.000414
0.000946 0.000600 0.000852 0.001099 0.001144 0.000760
0.001338 0.000579 0.000787 0.000932 0.000923 0.000733
0.003074 0.001259 0.001486 0.002052 0.001787 0.000759
0.001791 0.000879 0.001141 0.000921 0.000925 0.000675
0.001181 0.000401 0.000417 0.000720 0.001015 0.000698
0.001033 0.000478 0.000605 0.000589 0.000437 0.000356
0.000677 0.000338 0.000446 0.000426 0.000502 0.000351
0.003071 0.001209 0.001311 0.001302 0.000923 0.000736
0.002817 0.001025 0.001615 0.001458 0.001223 0.000770
0.000955 0.000427 0.000665 0.000703 0.000551 0.000490
0.003180 0.001082 0.001487 0.001861 0.001623 0.000825
0.001366 0.000557 0.000913 0.000783 0.000656 0.000498
0.001938 0.000759 0.001468 0.001585 0.001115 0.000763
0.002424 0.000940 0.001368 0.001087 0.000770 0.000499
0.000982 0.000367 0.000412 0.000607 0.000855 0.000637
0.000698 0.000268 0.000366 0.000390 0.000317 0.000226
0.002310 0.000993 0.001804 0.001516 0.001128 0.000693
0.001114 0.000399 0.000541 0.000513 0.000431 0.000312
0.002242 0.000753 0.001447 0.001841 0.001255 0.000756
0.002012 0.000913 0.001652 0.002144 0.001525 0.000976
0.000564 0.000194 0.000296 0.000536 0.000855 0.000668
0.001745 0.000667 0.000808 0.000850 0.000815 0.000686
0.002869 0.001071 0.001435 0.001376 0.000851 0.000654
0.002177 0.000765 0.001250 0.001203 0.001141 0.000707
0.002514 0.000953 0.001276 0.001247 0.001033 0.000690
0.002687 0.000945 0.001240 0.001468 0.001071 0.000682
0.001719 0.000624 0.000917 0.000970 0.001001 0.000688
0.001901 0.000788 0.002029 0.001477 0.000933 0.000698
0.001992 0.000677 0.000902 0.000978 0.000972 0.000695
0.001187 0.000480 0.000774 0.000651 0.000486 0.000285
0.002103 0.000842 0.000756 0.000996 0.000690 0.000447
0.001088 0.000497 0.000704 0.000799 0.000918 0.000676
0.002190 0.000732 0.001132 0.001323 0.001097 0.000698
0.003495 0.001151 0.001551 0.001230 0.001032 0.000695
0.002543 0.000801 0.000984 0.000845 0.000532 0.000342
0.018494 0.001718 0.001929 0.001969 0.001963 0.002424
0.002396 0.000860 0.000932 0.000840 0.000604 0.000499
0.001807 0.000793 0.001451 0.001694 0.001072 0.000671
0.000221 0.000150 0.000332 0.000502 0.000629 0.000423
0.001888 0.000675 0.001162 0.001103 0.000853 0.000558
0.001197 0.000502 0.000653 0.000756 0.000646 0.000417
0.003059 0.001074 0.001535 0.001378 0.000852 0.000588
0.000573 0.000220 0.000288 0.000379 0.000414 0.000262
0.001063 0.000412 0.000551 0.000522 0.000365 0.000282
0.002447 0.001079 0.002632 0.002214 0.001095 0.000657
0.003276 0.001201 0.001211 0.001160 0.000783 0.000519
0.000852 0.000390 0.000855 0.001003 0.000700 0.000468
0.002370 0.000914 0.001560 0.001675 0.001018 0.000626
0.000830 0.000399 0.000625 0.000533 0.000427 0.000382
0.001657 0.000591 0.001178 0.001407 0.000952 0.000694
0.001183 0.000520 0.000565 0.000723 0.000934 0.000736
0.001735 0.000937 0.002332 0.002419 0.001155 0.000718
0.000831 0.000383 0.000528 0.000560 0.000489 0.000529
0.014371 0.001909 0.003565 0.003913 0.003950 0.004509
0.001862 0.000680 0.000901 0.001293 0.001083 0.000690
0.001937 0.000784 0.001520 0.002583 0.001995 0.001008
0.001528 0.000561 0.001007 0.001716 0.002069 0.000926
0.002607 0.001292 0.001963 0.001570 0.001330 0.000829
0.002572 0.000880 0.001072 0.001503 0.001628 0.000800
0.003011 0.000966 0.001324 0.001370 0.001145 0.000733
0.004143 0.001269 0.001502 0.001504 0.000941 0.000715
0.002873 0.000985 0.001308 0.001441 0.001018 0.000583
0.002917 0.000919 0.001465 0.001438 0.000946 0.000692
0.002898 0.001016 0.001660 0.001708 0.001617 0.000785
0.001515 0.000571 0.001063 0.001515 0.001115 0.000741
0.003571 0.001317 0.002186 0.002613 0.002642 0.000993
0.001812 0.000750 0.001711 0.002289 0.001462 0.000847
0.001973 0.000825 0.001208 0.001689 0.001313 0.000795
0.015940 0.001541 0.001655 0.002184 0.001729 0.001563
0.001193 0.000516 0.000976 0.001519 0.001271 0.000785
0.003818 0.001299 0.002112 0.002299 0.001320 0.000782
0.007397 0.001778 0.002212 0.004345 0.003726 0.001270
0.002979 0.000956 0.002194 0.002940 0.001891 0.000973
0.008181 0.001466 0.001894 0.001951 0.001397 0.000827
0.948227 1.061150 0.343828 0.008519 0.002678 0.002049
0.004402 0.001427 0.001694 0.002013 0.001266 0.000800
0.010845 0.001444 0.002031 0.002413 0.001214 0.000785
0.000984 0.000325 0.000414 0.000510 0.000494 0.000401
0.003711 0.001156 0.002577 0.002227 0.001173 0.000778
0.002873 0.001012 0.001624 0.001887 0.001511 0.000820
0.001842 0.000677 0.000945 0.001045 0.001213 0.000865
0.002584 0.001093 0.002708 0.002906 0.001903 0.000868
0.001268 0.000530 0.000796 0.000757 0.000693 0.000500
0.003070 0.001810 0.004367 0.005660 0.002500 0.000939
0.001639 0.000650 0.001044 0.000930 0.000967 0.000712
0.000259 0.000131 0.000285 0.000451 0.000454 0.000404
0.003646 0.001227 0.002546 0.004810 0.002723 0.001180
0.001432 0.000560 0.000880 0.000892 0.000687 0.000466
0.003301 0.001612 0.004161 0.004045 0.001901 0.000728
0.001628 0.000633 0.000837 0.000624 0.000530 0.000515
0.002839 0.001356 0.003032 0.002896 0.001735 0.000827
0.001356 0.000622 0.001075 0.001210 0.001177 0.000762
0.007621 0.001143 0.001223 0.001249 0.000931 0.000590
0.002598 0.000947 0.001490 0.002030 0.001565 0.000858
0.025413 0.001835 0.001991 0.002383 0.002488 0.003667
0.006562 0.001401 0.001790 0.001604 0.000978 0.000650
0.023151 0.001791 0.002118 0.002645 0.002595 0.003848
0.025508 0.002743 0.002678 0.002475 0.001892 0.004953
0.169449 0.005142 0.002404 0.002589 0.003038 0.004817
0.002928 0.001102 0.001367 0.001781 0.001474 0.000773
0.002238 0.000850 0.002041 0.001947 0.001776 0.000946
0.009735 0.001414 0.002157 0.001567 0.001058 0.000708
0.001278 0.000468 0.000666 0.000829 0.000703 0.000529
0.030589 0.002549 0.001848 0.002438 0.002120 0.003465
0.003945 0.001314 0.001319 0.001300 0.001081 0.000699
0.001658 0.000688 0.000926 0.001111 0.001211 0.000735
0.004546 0.001240 0.002498 0.003385 0.002914 0.001047
0.000632 0.000239 0.000475 0.000744 0.000750 0.000713
0.005275 0.001746 0.005279 0.007110 0.004476 0.001456
0.024223 0.001724 0.002614 0.003137 0.002984 0.005038
0.023657 0.001600 0.002616 0.004602 0.003189 0.006280
0.003217 0.001274 0.001712 0.002419 0.001735 0.000905
0.283318 0.002846 0.003162 0.003739 0.003116 0.003600
0.012960 0.001771 0.003677 0.005210 0.002775 0.002725
0.004255 0.001536 0.001586 0.001704 0.002494 0.001099
0.479018 0.003217 0.004843 0.006383 0.004729 0.002823
0.001111 0.000506 0.000720 0.000709 0.000597 0.000469
0.009330 0.001580 0.002486 0.002649 0.001705 0.000922
0.002545 0.001045 0.001729 0.001736 0.001439 0.000817
0.001294 0.000605 0.001040 0.001748 0.002571 0.001023
0.007518 0.002327 0.003833 0.004665 0.002758 0.001038
0.002007 0.000696 0.001196 0.001314 0.000974 0.000681
0.001519 0.000570 0.001295 0.001323 0.000634 0.000592
0.001357 0.000627 0.002030 0.002846 0.001306 0.000832
0.003673 0.002056 0.003467 0.004365 0.002020 0.000872
0.012682 0.001649 0.001813 0.001965 0.001437 0.000879
0.024275 0.001857 0.001797 0.002630 0.001864 0.002982
0.025028 0.002735 0.003502 0.002532 0.001812 0.003150
0.004248 0.001403 0.001692 0.001791 0.001347 0.000773
0.003613 0.001411 0.003303 0.004005 0.002122 0.000999
0.001036 0.000518 0.000792 0.000948 0.000870 0.000682
0.026894 0.002785 0.002318 0.002886 0.002853 0.004685
0.100562 0.004597 0.003327 0.004128 0.003652 0.004159
0.031936 0.002145 0.003182 0.003784 0.002998 0.005299
0.199267 0.002848 0.002521 0.002754 0.002382 0.006777
0.002505 0.000882 0.001453 0.001635 0.001468 0.000952
0.920725 0.003594 0.003224 0.002599 0.002380 0.002873
0.008484 0.002120 0.003841 0.004851 0.003339 0.001171
2.691863 0.745126 1.215546 0.732558 0.578590 0.427267
0.003241 0.001183 0.001741 0.002623 0.002419 0.001008
0.024914 0.001645 0.002247 0.003015 0.002670 0.004467
1.922785 0.353154 0.007068 0.003261 0.002234 0.001476
0.008308 0.001481 0.001511 0.001379 0.001101 0.000641
0.001688 0.000630 0.001112 0.001274 0.000946 0.000602
0.005804 0.001354 0.003838 0.004721 0.002197 0.000832
0.001762 0.000758 0.001551 0.002245 0.001499 0.000907
0.005718 0.001574 0.003241 0.003595 0.001818 0.000896
0.002039 0.000765 0.001091 0.001429 0.001623 0.000755
0.004148 0.002008 0.003575 0.002487 0.001387 0.000844
0.004790 0.001222 0.001757 0.001912 0.001479 0.000848
0.003417 0.001575 0.004211 0.003734 0.001944 0.000932
0.400580 0.002124 0.002730 0.002597 0.002077 0.001311
0.034533 0.002207 0.002183 0.002585 0.002358 0.004373
0.025689 0.002005 0.001778 0.002070 0.002458 0.004164
0.002043 0.000909 0.002193 0.002613 0.001272 0.000848
0.001037 0.000446 0.001001 0.001686 0.001474 0.001328
0.003555 0.002767 0.008015 0.014890 0.010311 0.002141
0.653171 0.005682 0.010888 0.032845 0.005829 0.006890
0.867607 0.034520 0.012454 0.029993 0.041738 0.040336
0.019471 0.002505 0.003145 0.002933 0.004340 0.006889
0.215538 0.014009 0.005338 0.004763 0.005642 0.005683
0.018712 0.002617 0.006118 0.008218 0.004361 0.002007
0.055366 0.002882 0.003092 0.003655 0.006055 0.006940
0.023275 0.003846 0.004366 0.010741 0.004694 0.003197
0.002128 0.000854 0.001492 0.001658 0.001317 0.000790
0.475997 0.048090 0.006765 0.005408 0.003372 0.004207
0.003696 0.001716 0.002966 0.003670 0.002253 0.001028
0.002226 0.001042 0.001895 0.003737 0.004828 0.001502
0.029498 0.004016 0.006806 0.009396 0.009264 0.006117
0.003898 0.001120 0.002763 0.003628 0.001746 0.000944
0.130903 0.003346 0.002792 0.003533 0.003126 0.004127
0.002855 0.001545 0.002903 0.005738 0.003372 0.001175
0.006514 0.003077 0.006880 0.010652 0.004900 0.001115
0.013295 0.002777 0.002980 0.003160 0.002072 0.001937
0.229104 0.003493 0.003109 0.004357 0.003017 0.006470
0.345850 0.003839 0.006301 0.006663 0.005421 0.004905
0.024893 0.002585 0.004304 0.004366 0.004180 0.006100
0.025042 0.001973 0.002493 0.002819 0.002100 0.000886
0.001770 0.000823 0.001812 0.002395 0.001351 0.000832
0.171496 0.003011 0.003570 0.005058 0.004296 0.003189
0.048240 0.002871 0.004477 0.007959 0.006685 0.003948
0.122099 0.254824 0.152987 0.008349 0.005513 0.004005
0.366994 0.009500 0.004742 0.005271 0.004471 0.005821
0.004406 0.001644 0.001875 0.002115 0.002720 0.001163
0.403594 0.003601 0.004216 0.004221 0.003892 0.004250
0.344796 0.003348 0.004370 0.006020 0.004083 0.004810
1.496791 0.050925 0.004285 0.006615 0.005314 0.007298
0.028397 0.001908 0.002318 0.003602 0.005561 0.004903
0.162607 0.008392 0.005493 0.006011 0.003528 0.004826
0.803838 0.007715 0.003994 0.005814 0.004937 0.004401
0.027778 0.001954 0.001630 0.002409 0.002682 0.004046
0.002798 0.001064 0.001622 0.002295 0.001606 0.000854
0.008885 0.001539 0.007859 0.010609 0.006557 0.001247
0.003314 0.001327 0.003010 0.004346 0.003076 0.001197
0.034029 0.002185 0.002931 0.003430 0.002694 0.001581
0.007116 0.001244 0.001525 0.001522 0.001957 0.000992
0.027360 0.002870 0.003223 0.003774 0.002618 0.003848
0.006993 0.001464 0.001648 0.002795 0.002726 0.001078
0.052282 0.035744 0.009548 0.009710 0.007196 0.005634
0.057633 0.003067 0.004602 0.012339 0.004540 0.005501
0.041704 0.011695 0.005844 0.005276 0.006037 0.002705
0.271415 0.003299 0.002471 0.002723 0.002601 0.002133
0.002985 0.001536 0.004891 0.006564 0.002894 0.001118
0.001360 0.000701 0.001836 0.003119 0.002064 0.001884
0.010665 0.002935 0.010342 0.022970 0.017905 0.002371
0.042010 0.002826 0.003756 0.004204 0.004058 0.005185
0.805088 0.065916 0.048613 0.006703 0.004432 0.005309
1.315351 0.004416 0.003016 0.003272 0.002442 0.001944
0.486420 0.004082 0.003912 0.005812 0.004696 0.005294
0.024271 0.003384 0.007489 0.009469 0.005616 0.004325
0.107632 0.003500 0.003868 0.006019 0.008861 0.006790
2.115509 0.438383 0.509131 0.013431 0.009153 0.006504
0.003034 0.001206 0.002338 0.002031 0.001862 0.000889
0.031294 0.002649 0.004013 0.006197 0.005336 0.006208
0.005502 0.002000 0.004105 0.005157 0.003311 0.001191
0.002796 0.001305 0.003059 0.006837 0.009278 0.002161
0.019845 0.003357 0.016298 0.018210 0.024273 0.007622
0.318904 0.003374 0.003447 0.003998 0.003660 0.004712
0.087724 0.010789 0.005319 0.004666 0.004517 0.005425
0.010583 0.002163 0.003534 0.004776 0.002763 0.001286
0.046858 0.004570 0.006291 0.008656 0.006109 0.003424
0.218642 0.003589 0.004681 0.004833 0.003603 0.005170
0.258187 0.002594 0.002942 0.003794 0.002985 0.003514
0.058044 0.002745 0.007771 0.009376 0.004216 0.001706
0.026778 0.002510 0.003533 0.004008 0.002472 0.005398
0.031430 0.004399 0.003450 0.006696 0.004079 0.006376
0.002275 0.001458 0.003024 0.004499 0.002682 0.001071
2.268014 0.206741 0.353984 0.009623 0.032929 0.022826
0.018578 0.004188 0.007381 0.008612 0.010407 0.010740
0.080302 0.011126 0.040806 0.026377 0.007730 0.004049
0.095070 0.021123 0.006521 0.003535 0.003237 0.003667
0.179209 0.003589 0.002397 0.003033 0.004238 0.004843
0.253527 0.005494 0.003751 0.003761 0.003486 0.004356
0.697066 0.027989 0.012654 0.010622 0.012124 0.041234
0.191384 0.003591 0.003795 0.006050 0.003669 0.006854
0.032573 0.002716 0.002563 0.004293 0.007071 0.004859
0.382577 0.003826 0.003976 0.005236 0.004207 0.005267
0.541633 0.811730 1.123962 0.211190 0.009573 0.005780
0.103781 0.005203 0.002289 0.001949 0.003077 0.002857
0.002899 0.001065 0.003336 0.004541 0.002914 0.001144
0.044454 0.004664 0.007198 0.009348 0.013676 0.006292
0.030922 0.002507 0.004035 0.007261 0.006006 0.006219
0.141627 0.004432 0.003446 0.004100 0.003149 0.005514
0.599990 0.063326 0.006943 0.002378 0.001359 0.000721
0.035682 0.007030 0.003617 0.002593 0.002257 0.006229
0.035426 0.005278 0.004148 0.004680 0.003191 0.003680
0.037769 0.002397 0.007189 0.009677 0.006477 0.005429
0.081746 0.004500 0.007964 0.005520 0.004179 0.006597
0.326083 0.004312 0.004716 0.006354 0.004801 0.003986
0.059281 0.036610 0.004922 0.004363 0.003653 0.003840
0.005444 0.001627 0.005443 0.004598 0.002546 0.001109
0.002024 0.000913 0.002522 0.005298 0.002744 0.002197
0.061582 0.003557 0.012572 0.017684 0.012517 0.008274
0.103573 0.003153 0.006360 0.004646 0.004769 0.005152
0.087967 0.052878 0.005439 0.002267 0.002578 0.005850
1.379649 0.004666 0.006811 0.006814 0.003644 0.005760
0.096644 0.003843 0.003635 0.003312 0.003322 0.007558
0.086963 0.007384 0.005600 0.006049 0.005030 0.007809
0.060856 0.003836 0.003069 0.005700 0.006251 0.003274
1.411991 0.006017 0.006030 0.009433 0.006423 0.007097
0.003766 0.001448 0.003082 0.002198 0.001980 0.000898
0.036041 0.002951 0.006796 0.009272 0.007771 0.006931
0.011320 0.002218 0.006754 0.007686 0.005384 0.001254
0.004319 0.001784 0.005582 0.012592 0.014817 0.003791
0.101771 0.004453 0.007005 0.020059 0.017113 0.007612
0.025655 0.002227 0.003975 0.005809 0.003048 0.001063
1.581134 0.583032 0.009727 0.005720 0.005620 0.004978
0.314623 0.003924 0.003905 0.005045 0.004525 0.005254
0.032834 0.004584 0.006204 0.005022 0.004821 0.006338
0.069373 0.004178 0.004199 0.004467 0.002925 0.002853
0.787729 0.005056 0.005443 0.013128 0.009492 0.009001
0.393961 0.006153 0.008373 0.011184 0.007062 0.006861
0.232291 0.004159 0.003377 0.003242 0.002958 0.003061
0.025461 0.001825 0.005895 0.008284 0.004759 0.003792
0.002647 0.001853 0.003941 0.006526 0.004207 0.001270
0.943309 0.005248 0.004861 0.005197 0.005533 0.006450
0.022774 0.005122 0.008744 0.009608 0.007875 0.008421
0.041749 0.004101 0.020923 0.020318 0.011189 0.008540
0.083532 0.034420 0.009321 0.005634 0.004010 0.005629
0.351638 0.094719 0.005965 0.004108 0.005470 0.007910
0.277716 0.004319 0.004360 0.004576 0.002861 0.002478
1.568486 0.028076 0.007501 0.012343 0.009066 0.007265
0.156820 0.005529 0.003333 0.003285 0.002141 0.001919
0.231627 0.003772 0.003747 0.004944 0.006719 0.004550
0.536913 0.002070 0.002840 0.003161 0.003366 0.001734
0.179589 0.005231 0.003825 0.003931 0.002549 0.004353
0.091359 0.012906 0.006129 0.003572 0.005339 0.006172
0.002619 0.001352 0.003469 0.007614 0.007423 0.002016
0.163956 0.007579 0.009001 0.016840 0.014284 0.004588
0.020070 0.001890 0.003111 0.005970 0.002985 0.001213
0.068336 0.007270 0.004036 0.003952 0.003641 0.004807
0.104244 0.012414 0.007220 0.003163 0.003002 0.004001
0.041699 0.009423 0.005347 0.002581 0.002184 0.004448
0.015752 0.001707 0.006046 0.008129 0.006678 0.005633
0.177199 0.004103 0.004145 0.004090 0.003770 0.003888
0.119177 0.003276 0.002641 0.004788 0.003913 0.005032
0.900022 0.619780 0.384332 0.258178 0.016860 0.009596
0.083731 0.061758 0.005900 0.007153 0.004403 0.003279
0.190401 0.001998 0.002150 0.001962 0.001660 0.001044
