0.090963
0.090473
0.144945
0.082377
0.073171
0.140397
0.061594
0.096990
0.119022
0.070403
0.144172
0.137272
0.087078
0.145590
0.126856
0.076034
0.079465
0.096017
0.104018
0.049379
0.156516
0.059554
0.138187
0.091453
0.100790
0.081591
0.116445
0.089992
0.119980
0.111193
0.121743
0.048679
0.067804
0.093449
0.078946
0.110764
0.103991
0.112574
0.093269
0.080346
0.082895
0.106270
0.084037
0.084990
0.065053
0.132895
0.140881
0.045746
0.089713
0.138157
0.095368
0.147226
0.159798
0.148095
0.155220
0.083657
0.089576
0.182149
0.127059
0.132440
0.181174
0.154917
0.126564
0.127539
0.147025
0.123870
0.092741
0.173750
0.096796
0.149133
0.107030
0.238593
0.105613
0.127612
0.115941
0.193847
0.110258
0.141348
0.147046
0.143559
0.158297
0.093635
0.087912
0.153367
0.069678
0.159167
0.225030
0.060738
0.186013
0.244080
0.118021
0.117534
0.222387
0.110980
0.133984
0.046113
0.108451
0.132159
0.088343
0.124574
0.190490
0.071427
0.188365
0.134994
0.188323
0.103237
0.154813
0.133066
0.185722
0.080349
0.139063
0.168030
0.133087
0.235561
0.283977
0.229371
0.279986
0.152112
0.198819
0.061254
0.125424
0.176162
0.155369
0.154728
0.115949
0.158811
0.115318
0.201178
0.099441
0.190124
0.213474
0.239170
0.208364
0.123250
0.135272
0.140212
0.179205
0.176920
0.125771
0.273909
0.152631
0.255191
0.245023
0.321512
0.145295
0.254866
0.138156
0.193837
0.238305
0.203768
0.349760
0.333020
0.339313
0.445235
0.410687
0.110849
0.137791
0.263447
0.211030
0.165233
0.136774
0.326232
0.299155
0.287210
0.199409
0.268011
0.211335
0.353342
0.242855
0.277643
0.214919
0.152934
0.295876
0.331490
0.273197
0.152131
0.326878
0.306939
0.261084
0.082655
0.128243
0.349002
0.176580
0.272055
0.198461
0.206572
0.184552
0.326652
0.268268
0.261906
0.161158
0.227251
0.169036
0.316689
0.191293
0.220542
0.141528
0.191175
0.237916
0.338106
0.307483
0.184296
0.269044
0.205089
0.369872
0.405849
0.222805
0.388695
0.337836
0.386230
0.392057
0.256100
0.191752
0.366616
0.294255
0.491979
0.363342
0.115029
0.235357
0.440941
0.486905
0.463602
0.455073
0.427314
0.385921
0.259050
0.266147
0.306841
0.268154
0.324010
0.564501
0.281709
0.565155
0.323030
0.357649
0.116134
0.313802
0.244343
0.416325
0.173747
0.242851
0.528889
0.376577
0.277185
0.402038
0.237811
0.538639
0.292635
0.393912
0.212301
0.435193
0.240600
0.376621
0.228847
0.427991
0.256526
0.404482
0.402814
0.350658
0.567985
0.403515
0.287137
0.560797
0.368555
0.629284
0.822305
0.326439
0.458494
0.508306
0.308863
0.637574
0.836604
0.328436
0.593835
0.245230
0.746965
0.726629
0.394768
0.512757
0.285530
0.531265
0.286328
0.122092
0.504319
0.327466
0.713165
0.258619
0.494462
0.331454
0.510667
0.377716
0.662564
0.546720
0.506680
0.454808
0.464163
0.613772
0.576332
0.561740
0.234434
0.592601
0.445509
0.300395
0.524056
0.153899
0.635707
0.413942
0.748434
0.793490
1.036877
0.522460
0.519648
0.624837
0.234292
0.532469
0.414608
0.303310
0.825432
0.717682
0.268259
0.381281
0.537650
0.959678
0.478919
0.443440
0.459634
0.609227
0.263569
0.702152
0.849997
0.573730
0.585531
0.417886
0.643832
0.436959
0.773406
0.476077
0.835102
0.746751
0.561397
0.412592
0.898554
0.411548
0.578033
0.394693
0.649517
0.574434
0.656721
0.507146
0.435906
0.640731
0.471619
0.230849
0.953560
0.620912
1.122651
1.190235
1.555315
0.783689
0.779472
0.937256
0.351439
0.798704
0.621913
0.454965
1.238148
1.076523
0.402388
0.571922
0.806475
1.439516
0.718379
0.665160
0.689451
0.913840
0.395353
1.053227
1.274995
0.860595
0.878296
0.626829
0.965748
0.655439
1.160109
0.714116
1.252653
1.120127
0.842096
0.618888
1.347831
0.617322
0.867050
0.592040
0.974275
0.861652
0.985081
0.760719
0.653859
0.961097
0.707428
0.307799
1.271413
0.827883
1.496868
1.586980
2.073754
1.044919
1.039296
1.249675
0.468585
1.064939
0.829217
0.606620
1.650864
1.435365
0.536517
0.762562
1.075301
1.919355
0.957839
0.886880
0.919269
1.218454
0.527138
1.404303
1.699993
1.147459
1.171062
0.835772
1.287665
0.873918
1.546811
0.952155
1.670204
1.493503
1.122795
0.825183
1.797108
0.823096
1.156066
0.789386
1.299033
1.148869
1.313442
1.014293
0.871812
1.281463
0.943238
0.384749
1.589267
1.034854
1.871085
1.983725
2.592192
1.306149
1.299120
1.562093
0.585731
1.331174
1.036521
0.758275
2.063580
1.794206
0.670646
0.953203
1.344126
2.399194
1.197298
1.108600
1.149086
1.523067
0.658922
1.755379
2.124992
1.434324
1.463827
1.044715
1.609581
1.092398
1.933514
1.190193
2.087755
1.866878
1.403493
1.031479
2.246385
1.028871
1.445083
0.986733
1.623792
1.436086
1.641802
1.267866
1.089765
1.601829
1.179047
