0.000273 0.000108 0.000173 0.000249 0.000250 0.000595
0.000679 0.000165 0.000272 0.000324 0.000328 0.000638
0.001078 0.000242 0.000431 0.000555 0.000539 0.000788
0.000552 0.000180 0.000269 0.000393 0.000549 0.000936
0.000315 0.000107 0.000155 0.000194 0.000309 0.000682
0.000714 0.000209 0.000386 0.000474 0.000485 0.000869
0.000189 0.000085 0.000126 0.000202 0.000238 0.000612
0.000361 0.000138 0.000232 0.000308 0.000365 0.000653
0.000666 0.000174 0.000261 0.000330 0.000441 0.000745
0.000134 0.000071 0.000116 0.000150 0.000184 0.000534
0.000519 0.000141 0.000239 0.000334 0.000398 0.000694
0.000779 0.000181 0.000325 0.000427 0.000479 0.000731
0.000158 0.000072 0.000108 0.000174 0.000209 0.000553
0.000691 0.000160 0.000290 0.000372 0.000431 0.000714
0.000923 0.000256 0.000382 0.000388 0.000486 0.000839
0.000132 0.000079 0.000108 0.000187 0.000254 0.000658
0.000397 0.000118 0.000179 0.000244 0.000386 0.000706
0.000396 0.000113 0.000201 0.000296 0.000417 0.000724
0.000685 0.000189 0.000305 0.000335 0.000519 0.000835
0.000490 0.000181 0.000226 0.000336 0.000526 0.000864
0.001311 0.000273 0.000409 0.000502 0.000526 0.000843
0.000140 0.000088 0.000142 0.000221 0.000379 0.000750
0.001058 0.000310 0.000533 0.000596 0.000859 0.001032
0.000456 0.000191 0.000209 0.000400 0.000528 0.000886
0.000393 0.000148 0.000244 0.000375 0.000485 0.000854
0.000232 0.000116 0.000195 0.000228 0.000302 0.000634
0.000584 0.000163 0.000244 0.000374 0.000539 0.000888
0.000617 0.000161 0.000292 0.000362 0.000423 0.000752
0.000451 0.000131 0.000219 0.000295 0.000338 0.000640
0.000548 0.000140 0.000232 0.000290 0.000322 0.000652
0.000865 0.000313 0.000595 0.000625 0.000731 0.001039
0.000131 0.000075 0.000091 0.000143 0.000255 0.000649
0.000265 0.000097 0.000158 0.000292 0.000463 0.000729
0.000540 0.000143 0.000218 0.000291 0.000396 0.000731
0.000534 0.000174 0.000237 0.000306 0.000486 0.000791
0.000847 0.000225 0.000305 0.000374 0.000528 0.000878
0.001054 0.000306 0.000335 0.000489 0.000683 0.000905
0.000401 0.000117 0.000190 0.000279 0.000322 0.000663
0.000443 0.000136 0.000216 0.000303 0.000424 0.000784
0.000445 0.000152 0.000226 0.000401 0.000409 0.000819
0.000529 0.000149 0.000208 0.000239 0.000299 0.000664
0.000174 0.000098 0.000152 0.000216 0.000241 0.000600
0.000446 0.000127 0.000273 0.000370 0.000509 0.000909
0.000596 0.000206 0.000400 0.000504 0.000691 0.001060
0.000257 0.000118 0.000189 0.000294 0.000270 0.000649
0.000922 0.000205 0.000382 0.000492 0.000585 0.000821
0.001410 0.000345 0.000503 0.000546 0.000628 0.000902
0.000115 0.000070 0.000115 0.000201 0.000315 0.000661
0.000481 0.000146 0.000247 0.000357 0.000546 0.000859
0.000758 0.000204 0.000321 0.000469 0.000630 0.000877
0.000394 0.000188 0.000318 0.000456 0.000463 0.000873
0.001467 0.000282 0.000559 0.000661 0.000640 0.000839
0.000907 0.000223 0.000350 0.000464 0.000510 0.000768
0.001126 0.000250 0.000397 0.000446 0.000455 0.000755
0.000908 0.000270 0.000440 0.000604 0.000639 0.000823
0.000361 0.000119 0.000185 0.000280 0.000341 0.000681
0.000291 0.000091 0.000158 0.000242 0.000218 0.000566
0.001453 0.000322 0.000599 0.000681 0.000669 0.000880
0.000429 0.000154 0.000227 0.000397 0.000487 0.000768
0.000730 0.000194 0.000333 0.000480 0.000544 0.000836
0.001458 0.000297 0.000508 0.000693 0.000839 0.000950
0.000963 0.000196 0.000382 0.000448 0.000457 0.000736
0.001311 0.000307 0.000408 0.000440 0.000479 0.000795
0.001111 0.000245 0.000413 0.000463 0.000490 0.000827
0.001074 0.000216 0.000425 0.000516 0.000504 0.000741
0.000656 0.000169 0.000278 0.000343 0.000457 0.000760
0.000460 0.000132 0.000215 0.000311 0.000392 0.000697
0.001133 0.000244 0.000467 0.000555 0.000558 0.000771
0.000275 0.000088 0.000155 0.000209 0.000267 0.000604
0.001032 0.000249 0.000442 0.000525 0.000584 0.000848
0.000450 0.000141 0.000278 0.000326 0.000535 0.000843
0.002632 0.000498 0.000792 0.000770 0.000653 0.000855
0.000606 0.000161 0.000257 0.000353 0.000528 0.000836
0.000724 0.000174 0.000320 0.000421 0.000530 0.000806
0.000277 0.000100 0.000159 0.000234 0.000289 0.000614
0.001525 0.000294 0.000517 0.000665 0.000655 0.000830
0.000896 0.000227 0.000307 0.000316 0.000463 0.000762
0.000381 0.000152 0.000262 0.000327 0.000305 0.000651
0.000842 0.000191 0.000316 0.000554 0.000673 0.000917
0.000883 0.000210 0.000378 0.000399 0.000413 0.000729
0.001255 0.000292 0.000418 0.000530 0.000644 0.000862
0.000257 0.000106 0.000178 0.000224 0.000248 0.000570
0.000579 0.000149 0.000234 0.000289 0.000387 0.000705
0.001095 0.000272 0.000483 0.000686 0.000713 0.000860
0.000206 0.000084 0.000117 0.000192 0.000250 0.000605
0.001307 0.000278 0.000455 0.000528 0.000466 0.000740
0.002220 0.000397 0.000744 0.000767 0.000679 0.000870
0.000122 0.000060 0.000098 0.000135 0.000154 0.000506
0.002260 0.000424 0.000677 0.000800 0.000881 0.000951
0.002771 0.000486 0.000894 0.000923 0.000803 0.000927
0.000388 0.000115 0.000190 0.000278 0.000304 0.000619
0.000581 0.000154 0.000258 0.000390 0.000468 0.000731
0.002184 0.000374 0.000640 0.000726 0.000692 0.000840
0.000691 0.000157 0.000286 0.000360 0.000400 0.000677
0.001801 0.000440 0.000511 0.000741 0.001019 0.001139
0.000139 0.000069 0.000102 0.000168 0.000226 0.000615
0.000444 0.000125 0.000209 0.000332 0.000468 0.000734
0.000824 0.000257 0.000398 0.000532 0.000842 0.001048
0.000218 0.000121 0.000162 0.000297 0.000353 0.000656
0.000686 0.000205 0.000365 0.000465 0.000540 0.000829
0.002077 0.000452 0.000779 0.000920 0.000882 0.000917
0.000268 0.000096 0.000153 0.000223 0.000313 0.000633
0.002100 0.000398 0.000686 0.000681 0.000584 0.000775
0.000876 0.000215 0.000383 0.000445 0.000590 0.000878
0.003899 0.000828 0.000754 0.000849 0.001213 0.001410
0.000745 0.000223 0.000356 0.000529 0.000596 0.000851
0.002032 0.000387 0.000709 0.000749 0.000680 0.000864
0.000923 0.000200 0.000369 0.000419 0.000477 0.000749
0.001470 0.000340 0.000632 0.000793 0.000841 0.000948
0.000318 0.000121 0.000187 0.000288 0.000339 0.000645
0.000861 0.000210 0.000361 0.000465 0.000641 0.000908
0.001438 0.000271 0.000542 0.000665 0.000681 0.000881
0.000648 0.000186 0.000360 0.000566 0.000641 0.000909
0.003937 0.000673 0.001187 0.001179 0.001146 0.001128
0.002823 0.000533 0.000887 0.001407 0.002117 0.002225
0.003282 0.000742 0.000877 0.001189 0.001549 0.001759
0.003093 0.000575 0.001040 0.001199 0.001237 0.001050
0.001178 0.000356 0.000484 0.000564 0.000694 0.000999
0.001804 0.000381 0.000624 0.000870 0.000940 0.000983
0.000308 0.000127 0.000215 0.000293 0.000451 0.000844
0.001043 0.000228 0.000419 0.000493 0.000597 0.000866
0.001744 0.000355 0.000576 0.000619 0.000617 0.000817
0.000754 0.000176 0.000327 0.000409 0.000431 0.000700
0.001284 0.000272 0.000434 0.000518 0.000567 0.000824
0.000882 0.000260 0.000327 0.000484 0.000576 0.000872
0.001104 0.000337 0.000562 0.000732 0.000716 0.000863
0.001104 0.000263 0.000352 0.000428 0.000552 0.000822
0.001796 0.000402 0.000745 0.001045 0.001078 0.000998
0.000410 0.000122 0.000203 0.000235 0.000298 0.000625
0.002198 0.000427 0.000808 0.000853 0.000758 0.000902
0.001153 0.000239 0.000424 0.000555 0.000601 0.000831
0.002354 0.000408 0.000874 0.001085 0.000937 0.001094
0.002197 0.000454 0.000657 0.000834 0.000917 0.000956
0.000510 0.000164 0.000297 0.000330 0.000371 0.000680
0.001679 0.000347 0.000506 0.000550 0.000548 0.000816
0.000996 0.000254 0.000472 0.000533 0.000567 0.000859
0.001621 0.000288 0.000578 0.000713 0.000689 0.000851
0.001323 0.000284 0.000542 0.000646 0.000618 0.000829
0.000274 0.000105 0.000164 0.000241 0.000280 0.000640
0.004419 0.000746 0.001266 0.001100 0.000924 0.000945
0.000766 0.000166 0.000311 0.000370 0.000404 0.000696
0.003144 0.000516 0.000923 0.000981 0.000865 0.000951
0.004054 0.000786 0.001232 0.001457 0.001354 0.001097
0.005880 0.001130 0.001932 0.001677 0.001315 0.001054
0.001125 0.000237 0.000477 0.000510 0.000502 0.000755
0.002868 0.000529 0.000883 0.000812 0.000806 0.000941
0.001537 0.000392 0.000513 0.000778 0.001139 0.001120
0.003226 0.000720 0.000833 0.000831 0.001130 0.001304
0.004141 0.000770 0.001266 0.001491 0.001230 0.001040
0.002190 0.000416 0.000698 0.000762 0.000771 0.000916
0.004040 0.000821 0.001203 0.001599 0.001370 0.001088
0.004160 0.000644 0.001058 0.001266 0.001249 0.001149
0.009741 0.001415 0.002776 0.002049 0.001699 0.001145
0.008715 0.001566 0.002625 0.002449 0.001856 0.001239
0.004745 0.000922 0.001462 0.001598 0.001405 0.001124
0.000419 0.000122 0.000184 0.000251 0.000292 0.000618
0.000860 0.000218 0.000358 0.000343 0.000441 0.000717
0.004149 0.000927 0.001464 0.001505 0.001250 0.001115
0.001912 0.000488 0.000821 0.001175 0.001540 0.001966
0.001316 0.000367 0.000542 0.000758 0.001038 0.001069
0.001385 0.000264 0.000497 0.000676 0.000693 0.000949
0.008011 0.001433 0.001687 0.001297 0.001793 0.001940
0.008279 0.002087 0.001725 0.002756 0.003246 0.004181
0.003500 0.000696 0.001078 0.001553 0.001495 0.001141
0.002770 0.000683 0.000901 0.000978 0.001222 0.001706
0.004405 0.001048 0.001151 0.001312 0.001543 0.002163
0.002111 0.000366 0.000682 0.000740 0.000661 0.000819
0.004890 0.000853 0.001422 0.001513 0.001530 0.001158
0.002367 0.000424 0.000803 0.000898 0.000881 0.000949
0.005410 0.001123 0.001712 0.001928 0.001438 0.001067
0.004335 0.000689 0.001175 0.001173 0.001104 0.001019
0.001357 0.000326 0.000426 0.000651 0.000967 0.001007
0.003299 0.000537 0.000952 0.001077 0.001016 0.000998
0.004166 0.000938 0.001403 0.001946 0.001658 0.001423
0.003255 0.000857 0.001288 0.001378 0.001230 0.001088
0.001059 0.000230 0.000413 0.000441 0.000449 0.000745
0.006919 0.001204 0.002048 0.001826 0.001650 0.001515
0.002927 0.000502 0.000878 0.001075 0.001082 0.001019
0.003052 0.000638 0.001290 0.001762 0.002194 0.002108
0.000875 0.000269 0.000304 0.000465 0.000637 0.001004
0.000645 0.000187 0.000290 0.000424 0.000573 0.000858
0.005113 0.001126 0.001701 0.001794 0.001608 0.001147
0.001363 0.000270 0.000494 0.000585 0.000763 0.000953
0.003884 0.000772 0.001093 0.001230 0.001132 0.001081
0.002142 0.000433 0.000655 0.000705 0.000855 0.001001
0.001804 0.000457 0.000784 0.001226 0.001544 0.001293
0.001503 0.000351 0.000741 0.001020 0.001165 0.001140
0.010217 0.001808 0.003938 0.002233 0.001813 0.001506
0.002461 0.000537 0.000877 0.001507 0.001831 0.001541
0.002345 0.000552 0.000968 0.001389 0.001266 0.001221
0.000826 0.000320 0.000478 0.000707 0.000739 0.000871
0.002694 0.000528 0.000866 0.001106 0.001158 0.001120
0.001426 0.000307 0.000628 0.000743 0.000893 0.000982
0.004459 0.000805 0.001392 0.001348 0.001216 0.001036
0.001524 0.000343 0.000663 0.000818 0.000726 0.000827
0.003205 0.000586 0.000951 0.000908 0.001099 0.001063
0.001682 0.000418 0.000827 0.000909 0.000927 0.001151
0.002887 0.000837 0.001178 0.001523 0.001782 0.002252
0.003774 0.000763 0.001313 0.001259 0.001492 0.001878
0.008156 0.001453 0.003157 0.002428 0.002727 0.003336
0.004642 0.001331 0.002188 0.001388 0.001355 0.001590
0.003455 0.000823 0.000723 0.001200 0.001612 0.002156
0.003000 0.000592 0.000957 0.001099 0.001020 0.000988
0.001922 0.000388 0.000824 0.000819 0.000933 0.001064
0.008011 0.001476 0.002125 0.002194 0.001574 0.001269
0.007011 0.001228 0.002123 0.002284 0.002248 0.002079
0.002775 0.000537 0.001078 0.001086 0.000956 0.001084
0.007455 0.001254 0.001872 0.002226 0.002614 0.002564
0.003166 0.000917 0.001496 0.001563 0.001066 0.001107
0.005078 0.001257 0.001872 0.002282 0.001943 0.001585
0.005816 0.001428 0.002504 0.002145 0.001507 0.001221
0.002758 0.000611 0.000723 0.000832 0.001257 0.001540
0.001905 0.000389 0.000665 0.000773 0.000708 0.000917
0.006716 0.001876 0.003112 0.002793 0.002102 0.001920
0.003107 0.000496 0.000919 0.000995 0.000842 0.000941
0.005196 0.001258 0.002007 0.002071 0.002510 0.002221
0.006057 0.001014 0.001851 0.003863 0.004167 0.003780
0.001708 0.000473 0.000598 0.000969 0.001208 0.001505
0.004433 0.000864 0.001453 0.001467 0.001447 0.001320
0.007602 0.001484 0.002949 0.002010 0.001680 0.001259
0.005672 0.001079 0.001875 0.001944 0.001634 0.001730
0.006377 0.001374 0.002431 0.002033 0.001784 0.001859
0.006499 0.001186 0.002071 0.001726 0.002094 0.001973
0.004280 0.001027 0.001607 0.001527 0.001602 0.001205
0.004855 0.001866 0.003117 0.003145 0.002018 0.001484
0.004924 0.000921 0.001536 0.001549 0.001429 0.001412
0.003205 0.000837 0.001297 0.001483 0.001143 0.000974
0.006220 0.001092 0.001905 0.001403 0.001377 0.001139
0.003032 0.000656 0.001153 0.001112 0.001321 0.001704
0.005153 0.000861 0.001373 0.001880 0.001746 0.001284
0.008484 0.001551 0.002958 0.002331 0.001646 0.001692
0.006231 0.000958 0.001626 0.001532 0.001157 0.000968
0.025842 0.003009 0.003411 0.003249 0.004501 0.008847
0.006387 0.001011 0.001746 0.001423 0.001144 0.001075
0.004591 0.001731 0.002759 0.002043 0.002128 0.001715
0.000945 0.000353 0.000527 0.000778 0.001054 0.001038
0.004436 0.000952 0.001544 0.001796 0.001711 0.001271
0.003373 0.000597 0.000987 0.001109 0.001109 0.001096
0.007026 0.001493 0.002670 0.001957 0.001677 0.001172
0.001800 0.000414 0.000531 0.000714 0.000888 0.001010
0.002582 0.000494 0.000872 0.001018 0.000914 0.000933
0.005612 0.002382 0.003686 0.004292 0.002451 0.001574
0.008578 0.001555 0.002577 0.001704 0.001370 0.001209
0.002327 0.000691 0.000963 0.001460 0.001544 0.001153
0.006149 0.001284 0.002232 0.002240 0.001937 0.001444
0.002473 0.000463 0.000990 0.001016 0.000953 0.000997
0.003861 0.001011 0.001574 0.001892 0.001853 0.001266
0.003428 0.000889 0.001087 0.001123 0.001362 0.001507
0.004130 0.001842 0.003221 0.003868 0.002964 0.001887
0.002361 0.000425 0.000748 0.000988 0.000891 0.001248
0.022802 0.002266 0.003993 0.005496 0.006257 0.014502
0.004940 0.000915 0.001463 0.001605 0.001770 0.002140
0.004736 0.000990 0.001791 0.003464 0.003796 0.002704
0.004335 0.000862 0.001310 0.002152 0.002936 0.003546
0.006616 0.002637 0.004707 0.002539 0.002386 0.002107
0.006793 0.001263 0.001364 0.001952 0.002708 0.003223
0.007333 0.001252 0.002191 0.002060 0.002095 0.001774
0.011412 0.001530 0.003141 0.002036 0.001750 0.001377
0.008189 0.001307 0.002644 0.002157 0.001844 0.001324
0.008380 0.001566 0.002206 0.002292 0.001722 0.001148
0.007809 0.001366 0.002314 0.002597 0.002365 0.002571
0.003997 0.001044 0.001652 0.001893 0.001851 0.001505
0.008553 0.002193 0.004272 0.002765 0.003971 0.004231
0.005056 0.001204 0.002304 0.002971 0.002825 0.002501
0.005109 0.001189 0.001918 0.001923 0.002302 0.002779
0.029156 0.001816 0.003019 0.002698 0.002436 0.006668
0.003403 0.000725 0.001174 0.001750 0.002318 0.002257
0.010416 0.002004 0.003635 0.003085 0.002897 0.002647
0.013627 0.002596 0.003587 0.005882 0.006200 0.005716
0.008128 0.001456 0.002654 0.004074 0.004658 0.004003
0.018736 0.001956 0.003250 0.003515 0.002464 0.002147
1.761588 2.706778 0.557823 0.312169 0.099829 0.011586
0.012690 0.001722 0.002724 0.002217 0.002541 0.002667
0.018412 0.001932 0.004323 0.002787 0.003125 0.002354
0.002825 0.000522 0.000687 0.000836 0.001050 0.001067
0.010287 0.002615 0.004942 0.004592 0.002734 0.001769
0.007411 0.001239 0.002119 0.002180 0.002449 0.002289
0.005539 0.001281 0.001516 0.001515 0.001797 0.001814
0.006471 0.001967 0.003980 0.004720 0.002911 0.001937
0.003452 0.000751 0.001223 0.001291 0.001306 0.001102
0.007995 0.003056 0.006489 0.007228 0.004952 0.002756
0.004871 0.000807 0.001426 0.001457 0.001411 0.001925
0.000912 0.000229 0.000587 0.000866 0.000790 0.001038
0.010132 0.002027 0.004628 0.007274 0.006880 0.006858
0.003972 0.000861 0.001372 0.001452 0.001235 0.001043
0.008327 0.003471 0.005872 0.007142 0.003068 0.002088
0.004342 0.000742 0.001386 0.001101 0.001106 0.001073
0.008380 0.002934 0.005058 0.004481 0.003390 0.003413
0.003889 0.000748 0.001246 0.001657 0.001951 0.001916
0.020474 0.002406 0.003555 0.001713 0.001695 0.001246
0.007644 0.001327 0.002229 0.002558 0.002998 0.002665
0.062011 0.020831 0.003291 0.026640 0.021600 0.396832
0.016583 0.001818 0.003748 0.002569 0.001920 0.001300
0.063434 0.020444 0.003084 0.026889 0.021289 0.359793
0.043842 0.011524 0.004295 0.014842 0.021907 0.026076
0.240428 0.213510 0.007947 0.009301 0.013095 0.017018
0.008147 0.001838 0.003697 0.002760 0.002507 0.002042
0.005812 0.001515 0.002387 0.003148 0.002516 0.002256
0.022341 0.002247 0.005317 0.004166 0.002103 0.001391
0.003548 0.000707 0.000958 0.001195 0.001302 0.001152
0.064119 0.023330 0.003985 0.024022 0.018901 0.011741
0.009809 0.001652 0.002438 0.001749 0.001697 0.001698
0.004669 0.001053 0.001816 0.001501 0.001675 0.001938
0.012475 0.001751 0.003064 0.003991 0.004089 0.004048
0.002068 0.000441 0.000890 0.001251 0.001127 0.001326
0.010987 0.002408 0.006144 0.012065 0.010377 0.008893
0.068311 0.020346 0.003843 0.026772 0.021388 0.393180
0.065602 0.021180 0.005448 0.023931 0.020988 0.361813
0.008818 0.001598 0.002607 0.002945 0.002539 0.002978
0.607641 0.317628 0.007158 0.030040 0.014659 0.010208
0.027636 0.002266 0.004953 0.006188 0.004960 0.007801
0.011514 0.002465 0.003045 0.002526 0.002795 0.004752
0.521366 0.093065 0.008976 0.008981 0.005060 0.007327
0.002826 0.000598 0.001020 0.001157 0.001014 0.001046
0.017644 0.001990 0.003350 0.004172 0.003349 0.002475
0.006655 0.001295 0.001862 0.002361 0.002269 0.002365
0.003902 0.000885 0.001339 0.002279 0.003370 0.004160
0.022181 0.002953 0.005063 0.005507 0.006261 0.006321
0.005084 0.001140 0.001715 0.002055 0.002063 0.001827
0.004087 0.001032 0.001584 0.002008 0.001959 0.001403
0.003333 0.001343 0.002657 0.003150 0.003410 0.002436
0.008646 0.002519 0.004899 0.006199 0.004381 0.002909
0.023135 0.002135 0.003650 0.002928 0.001891 0.003495
0.053119 0.010163 0.003629 0.015930 0.022131 0.025921
0.033744 0.007989 0.004838 0.004210 0.003451 0.009092
0.011743 0.002168 0.005411 0.002614 0.002144 0.002274
0.009993 0.002124 0.004318 0.004613 0.004008 0.002601
0.003134 0.000577 0.000891 0.001296 0.001583 0.001316
0.035651 0.019426 0.004726 0.015131 0.023037 0.024253
0.166269 0.105671 0.005730 0.005918 0.008511 0.010435
0.053558 0.007357 0.005219 0.012094 0.022327 0.023166
0.366294 0.124923 0.006651 0.004591 0.010684 0.043813
0.005921 0.001245 0.002336 0.002026 0.001920 0.002373
0.957204 0.392978 0.004913 0.016565 0.022029 0.023137
0.019185 0.003924 0.008456 0.005911 0.005224 0.004463
3.877255 4.437578 3.741082 3.091843 2.590447 1.470191
0.009796 0.001668 0.002469 0.003252 0.003850 0.003945
0.062732 0.018446 0.004082 0.026713 0.022570 0.364102
2.090153 0.867136 0.022113 0.005701 0.003413 0.004686
0.016813 0.002060 0.003989 0.001727 0.001857 0.001729
0.004665 0.001123 0.001800 0.001889 0.001719 0.001221
0.019758 0.002800 0.007703 0.008823 0.003987 0.003170
0.004192 0.000898 0.002030 0.003024 0.003455 0.002825
0.013528 0.003326 0.005659 0.004956 0.004477 0.003687
0.005496 0.000918 0.001410 0.001785 0.002371 0.003466
0.010398 0.004182 0.006509 0.005655 0.003242 0.002633
0.013650 0.001880 0.003879 0.002699 0.002480 0.002130
0.008508 0.003904 0.006944 0.006535 0.005006 0.003471
0.408915 0.011339 0.005746 0.004104 0.002944 0.003470
0.072786 0.023295 0.005189 0.004086 0.031298 0.009133
0.070392 0.015745 0.003766 0.024006 0.022842 0.356756
0.005583 0.001604 0.002793 0.003069 0.002941 0.002073
0.003188 0.000675 0.001582 0.002326 0.001768 0.002911
0.008275 0.005242 0.009976 0.029015 0.023097 0.014555
0.838250 0.235650 0.173984 0.128867 0.079826 0.185180
1.206672 0.548008 0.064460 0.090115 0.354806 0.511096
0.033139 0.010140 0.007187 0.005573 0.032771 0.021082
0.277607 0.962851 0.138192 0.273885 0.012609 0.199223
0.030582 0.003380 0.007588 0.009307 0.008186 0.006705
0.093861 0.044794 0.004954 0.006082 0.030763 0.017901
0.049382 0.008365 0.012395 0.012830 0.008610 0.009989
0.005084 0.001223 0.001880 0.001995 0.001795 0.002095
0.794371 0.390716 0.021286 0.016677 0.022477 0.021045
0.011247 0.001841 0.003851 0.004481 0.003942 0.004052
0.005701 0.001216 0.003520 0.004766 0.006873 0.008106
0.050343 0.024517 0.007974 0.012752 0.025281 0.221223
0.012090 0.001711 0.003604 0.004532 0.004279 0.003009
0.322128 0.250725 0.003808 0.020562 0.021662 0.010176
0.008573 0.001645 0.006471 0.008154 0.007745 0.005474
0.017540 0.004380 0.010554 0.012524 0.008603 0.004333
0.031608 0.003218 0.007358 0.004471 0.003094 0.005793
0.493761 0.262173 0.009274 0.006710 0.031513 0.012924
0.400291 0.312019 0.010284 0.009643 1.962291 0.011762
0.063167 0.013036 0.007907 0.018841 0.023838 0.336898
0.039526 0.002833 0.005960 0.005005 0.003352 0.003643
0.004350 0.001329 0.002105 0.002670 0.003231 0.002489
0.384638 0.201881 0.005655 0.005820 0.020344 0.009979
0.079314 0.031528 0.006381 0.009256 0.007957 0.007391
0.560069 1.160136 0.550100 0.243873 0.016440 0.023514
0.487741 0.356848 0.034691 0.040284 0.007857 0.020234
0.012443 0.002312 0.003262 0.002511 0.003168 0.004731
0.478107 0.421301 0.008830 0.019561 0.007259 0.015815
0.390313 0.336506 0.006225 0.007755 0.012895 0.010656
1.695204 0.379493 0.078192 0.015490 0.016270 0.024933
0.065502 0.019522 0.003836 0.030465 0.023514 0.368490
0.367328 0.314657 0.020308 0.021906 0.011806 0.011052
0.866925 0.182953 0.013754 0.011475 0.012541 0.010734
0.070077 0.012735 0.004525 0.022057 0.021114 0.355361
0.007744 0.001228 0.002170 0.002445 0.003272 0.002980
0.027376 0.003216 0.011647 0.019563 0.012307 0.008323
0.010527 0.002100 0.004251 0.005557 0.005534 0.004410
0.044621 0.009435 0.006387 0.005852 0.004061 0.005988
0.019397 0.001974 0.004289 0.002304 0.002236 0.003983
0.064621 0.019925 0.006585 0.024804 0.021776 0.026941
0.020501 0.001901 0.005299 0.003689 0.003651 0.003802
0.111199 0.282311 0.177442 0.011806 0.022062 0.252684
0.076313 0.068316 0.042085 0.026059 0.012357 0.010728
0.085424 0.043785 0.014513 0.021572 0.726540 0.010818
0.283708 0.226744 0.006007 0.003561 0.003086 0.006849
0.007136 0.002898 0.008114 0.008367 0.005911 0.004047
0.003380 0.000939 0.002850 0.003798 0.002609 0.004270
0.019621 0.005436 0.012184 0.036572 0.028663 0.015972
0.086227 0.009804 0.008242 0.032735 0.010414 0.023190
0.819621 0.341517 0.153079 0.029904 0.020570 0.325376
1.326059 0.034351 0.004153 0.005058 0.003940 0.007504
0.793113 0.283174 0.006511 0.017186 0.023629 0.021018
0.034584 0.004212 0.010264 0.012025 0.008095 0.012336
0.148380 0.267578 0.007712 0.022356 0.020388 0.021288
2.251653 2.631050 1.171386 0.591471 0.017561 0.022567
0.007749 0.002397 0.004692 0.003429 0.002359 0.002765
0.069702 0.008001 0.007072 0.008034 0.048813 0.023775
0.014095 0.002995 0.005274 0.006467 0.005257 0.005735
0.006715 0.001778 0.006431 0.009034 0.011017 0.015420
0.054047 0.028221 0.340874 0.354800 0.104947 0.107110
0.393472 0.355874 0.008713 0.022408 0.020131 0.285589
0.156478 0.192377 0.164099 0.007592 0.019891 0.026500
0.025292 0.003342 0.006141 0.005709 0.005730 0.004102
0.081631 0.040581 0.008451 0.010845 0.008757 0.013659
0.297612 0.271726 0.007940 0.022649 0.019120 0.022785
0.280243 0.226134 0.006144 0.004624 0.004141 0.012507
0.065811 0.012685 0.012689 0.013244 0.007624 0.005640
0.063069 0.052378 0.008837 0.007618 0.006263 0.015443
0.077587 0.010427 0.008148 0.015329 0.018826 0.026270
0.005986 0.002256 0.004390 0.005319 0.005410 0.003086
2.973410 0.860893 0.892282 0.738095 0.694117 0.597928
0.053594 0.034263 0.013190 0.062161 0.017612 0.024161
0.110563 0.057663 0.063142 0.053612 0.011230 0.009102
0.169290 0.198034 0.145179 0.005854 0.017324 0.023901
0.258654 0.237810 0.005899 0.024115 0.019223 0.026266
0.321875 0.284474 0.007993 0.030332 0.011326 0.019466
0.777488 0.136785 0.048203 0.042326 0.119509 0.553253
0.272317 0.306127 0.007724 0.024508 0.021902 0.350835
0.068372 0.011547 0.005526 0.008219 0.046307 0.011567
0.533587 0.397583 0.008634 0.022082 0.015196 0.010210
2.182386 1.133387 1.698603 1.595013 1.248720 1.640728
0.122701 0.089244 0.005291 0.003792 0.003733 0.007652
0.007133 0.002247 0.004484 0.006281 0.005558 0.005439
0.096447 0.011779 0.038442 0.028911 0.019335 0.025044
0.063664 0.032239 0.008934 0.027520 0.019182 0.396286
0.367288 0.207514 0.005797 0.011330 0.021430 0.022565
0.611532 0.404537 0.039903 0.003347 0.002417 0.003387
0.080566 0.009814 0.006558 0.023942 0.022524 0.027134
0.048157 0.029431 0.010036 0.005690 0.003909 0.008507
0.097781 0.075733 0.012190 0.012555 0.010428 0.015816
0.148849 0.194755 0.141971 0.021219 0.009454 0.021728
0.462929 1.169002 0.282478 0.368559 0.322628 0.156985
0.117816 0.133373 0.037546 0.006981 0.004674 0.008930
0.016030 0.002394 0.005984 0.005873 0.004751 0.004773
0.005643 0.001501 0.004867 0.006401 0.004637 0.005163
0.267413 0.231279 0.017473 0.025571 0.044402 0.027234
1.294556 0.006219 0.552077 0.009920 0.009851 0.019647
0.171387 0.197483 0.082339 0.005383 0.007598 0.024129
1.539003 0.334302 0.114680 0.046724 0.015385 0.329334
0.150108 0.042471 0.007030 0.005124 0.009199 0.017933
0.236071 0.283269 0.010776 0.020461 0.015219 0.122309
0.067751 0.044248 0.007996 0.008471 0.010114 0.009409
1.746938 0.265022 0.017271 0.012546 0.026445 0.026615
0.012036 0.002563 0.006900 0.004684 0.002821 0.002902
0.064166 0.006772 0.009365 0.011410 0.044666 0.024687
0.021266 0.003929 0.008954 0.009312 0.007859 0.008447
0.013757 0.002752 0.008910 0.016144 0.017707 0.021003
0.154955 0.127360 0.078095 0.056785 0.041183 0.019733
0.041422 0.003168 0.007595 0.008213 0.006015 0.004340
1.673745 2.068569 0.432728 0.017135 0.020221 0.025474
0.386811 0.350024 0.006775 0.023683 0.017970 0.021945
0.075490 0.018836 0.009032 0.009517 0.022185 0.019499
0.095352 0.077089 0.008531 0.006428 0.004257 0.009755
0.964479 0.256177 0.153014 0.138849 0.070532 0.024141
0.522529 1.009143 0.061946 0.350766 0.014325 0.048200
0.524428 0.307731 0.005708 0.027484 0.013094 0.008752
0.045627 0.008855 0.016504 0.012010 0.006229 0.016768
0.007530 0.002888 0.006927 0.007829 0.007271 0.004715
1.035633 0.986385 0.019610 0.020576 0.017941 0.020077
0.039932 0.008629 0.014745 0.011128 0.024269 0.024209
0.077878 0.116954 0.109080 0.041279 0.043263 0.023524
0.164462 0.197237 0.128320 0.009345 0.014433 0.135918
0.826176 0.559793 0.008969 0.160631 0.015524 0.063657
0.291919 0.048877 0.008736 0.005849 0.005238 0.005243
1.805171 0.345703 0.122329 0.088499 0.038229 0.021927
0.170734 0.018712 0.005067 0.006607 0.004628 0.005733
0.311787 0.284092 0.005936 0.032406 0.012373 0.016372
0.544225 0.015982 0.005659 0.004971 0.005103 0.005038
0.270930 0.253067 0.261463 0.238695 0.098219 0.012275
0.161854 0.200833 0.145876 0.004969 0.019565 0.024943
0.006920 0.001740 0.003737 0.011354 0.010096 0.010046
0.246721 0.079323 0.015186 0.049701 0.068638 0.015445
0.035560 0.004510 0.007445 0.007368 0.007062 0.004081
0.074570 0.079266 0.007014 0.006915 0.008892 0.022918
0.185554 0.211928 0.179161 0.004938 0.020000 0.024375
0.080112 0.149309 0.077777 0.004029 0.003330 0.009151
0.035513 0.006303 0.016880 0.009686 0.009578 0.015314
0.187235 0.005965 0.010472 0.011063 0.006226 0.009616
0.202814 0.187970 0.007241 0.027411 0.010561 0.017191
1.959017 1.039924 0.608954 0.484055 0.196805 0.443854
0.168270 0.174234 0.037679 0.010794 0.005576 0.009179
0.193175 0.144343 0.006711 0.004926 0.002243 0.002903
