0.000741 0.000863 0.000755 0.000639 0.000479 0.000365
0.001302 0.001345 0.001075 0.000828 0.000542 0.000405
0.001757 0.001860 0.001671 0.001260 0.000926 0.000496
0.000988 0.000928 0.000980 0.001313 0.001322 0.000616
0.000778 0.000656 0.000544 0.000637 0.000588 0.000453
0.001274 0.001547 0.001343 0.001087 0.001053 0.000550
0.000582 0.000642 0.000644 0.000568 0.000454 0.000392
0.000901 0.001059 0.000980 0.000823 0.000593 0.000432
0.001260 0.001280 0.001146 0.001064 0.000865 0.000489
0.000535 0.000559 0.000495 0.000484 0.000416 0.000313
0.001172 0.001313 0.001187 0.001001 0.000657 0.000448
0.001485 0.001673 0.001461 0.001175 0.000817 0.000474
0.000581 0.000627 0.000589 0.000541 0.000402 0.000321
0.001346 0.001470 0.001325 0.001131 0.000765 0.000454
0.001581 0.001606 0.001231 0.001171 0.001100 0.000549
0.000514 0.000521 0.000522 0.000572 0.000562 0.000447
0.000941 0.000923 0.000893 0.000919 0.000716 0.000453
0.001004 0.001067 0.001019 0.000950 0.000763 0.000424
0.001260 0.001242 0.001124 0.001125 0.001037 0.000464
0.000825 0.000683 0.000534 0.000816 0.001084 0.000600
0.001848 0.001793 0.001483 0.001297 0.001082 0.000569
0.000499 0.000549 0.000475 0.000553 0.000740 0.000500
0.001647 0.001554 0.001530 0.001875 0.001793 0.000699
0.000800 0.000854 0.000924 0.000999 0.001153 0.000583
0.001014 0.001203 0.001080 0.000939 0.001011 0.000546
0.000726 0.000834 0.000677 0.000700 0.000539 0.000413
0.001131 0.001135 0.001093 0.001213 0.001177 0.000552
0.001285 0.001464 0.001246 0.001043 0.000829 0.000479
0.001044 0.001185 0.001036 0.000886 0.000554 0.000408
0.001118 0.001162 0.000939 0.000779 0.000566 0.000420
0.001551 0.001782 0.001450 0.001536 0.001601 0.000687
0.000456 0.000400 0.000316 0.000424 0.000498 0.000409
0.000726 0.000718 0.000760 0.000946 0.000757 0.000474
0.001118 0.001074 0.000954 0.000889 0.000746 0.000493
0.001021 0.000887 0.000952 0.001033 0.000990 0.000527
0.001393 0.001159 0.001037 0.001322 0.001244 0.000569
0.001502 0.001234 0.001131 0.001336 0.001205 0.000599
0.000974 0.001049 0.000931 0.000823 0.000582 0.000455
0.001023 0.001054 0.000996 0.000977 0.000929 0.000507
0.000970 0.000911 0.000829 0.000781 0.000950 0.000546
0.001104 0.001004 0.000764 0.000730 0.000569 0.000418
0.000653 0.000723 0.000641 0.000590 0.000461 0.000366
0.000916 0.000835 0.000987 0.001075 0.001134 0.000578
0.001007 0.000812 0.001255 0.001644 0.001732 0.000685
0.000736 0.000872 0.000740 0.000647 0.000564 0.000418
0.001635 0.001723 0.001441 0.001269 0.000971 0.000545
0.002099 0.002173 0.001776 0.001558 0.001327 0.000586
0.000491 0.000511 0.000574 0.000721 0.000585 0.000418
0.001041 0.001096 0.001035 0.001174 0.001134 0.000579
0.001373 0.001594 0.001494 0.001378 0.001137 0.000582
0.001059 0.001286 0.001247 0.001097 0.001185 0.000602
0.002201 0.002469 0.002065 0.001596 0.001131 0.000554
0.001599 0.001775 0.001569 0.001333 0.000942 0.000487
0.001758 0.001798 0.001427 0.001180 0.000858 0.000498
0.001723 0.002107 0.001877 0.001551 0.001134 0.000534
0.000911 0.001062 0.000966 0.000808 0.000618 0.000440
0.000732 0.000768 0.000662 0.000517 0.000452 0.000360
0.002109 0.002380 0.002080 0.001661 0.001221 0.000585
0.001056 0.001299 0.001323 0.001138 0.000878 0.000505
0.001470 0.001629 0.001552 0.001350 0.001086 0.000539
0.002153 0.002158 0.002134 0.001957 0.001482 0.000613
0.001711 0.001806 0.001486 0.001191 0.000837 0.000480
0.001882 0.001771 0.001416 0.001208 0.000935 0.000514
0.001732 0.001731 0.001390 0.001207 0.001039 0.000542
0.001798 0.002001 0.001660 0.001305 0.000836 0.000465
0.001272 0.001368 0.001205 0.001076 0.000884 0.000505
0.001056 0.001155 0.001047 0.000948 0.000681 0.000440
0.001922 0.002110 0.001801 0.001442 0.000971 0.000488
0.000770 0.000815 0.000742 0.000672 0.000487 0.000406
0.001784 0.001954 0.001663 0.001381 0.001159 0.000569
0.001038 0.001070 0.001053 0.001170 0.001090 0.000517
0.003169 0.003126 0.002355 0.001650 0.001202 0.000540
0.001198 0.001292 0.001236 0.001296 0.001129 0.000541
0.001446 0.001603 0.001437 0.001248 0.000964 0.000497
0.000810 0.000891 0.000825 0.000747 0.000527 0.000382
0.002265 0.002422 0.002080 0.001640 0.001136 0.000536
0.001507 0.001341 0.001000 0.000971 0.000844 0.000488
0.000974 0.001073 0.000892 0.000759 0.000550 0.000428
0.001484 0.001565 0.001616 0.001413 0.001237 0.000548
0.001595 0.001647 0.001231 0.001068 0.000781 0.000467
0.001814 0.001924 0.001718 0.001523 0.001177 0.000551
0.000747 0.000849 0.000702 0.000602 0.000438 0.000370
0.001129 0.001089 0.000977 0.000892 0.000690 0.000435
0.001944 0.002286 0.002107 0.001759 0.001253 0.000557
0.000626 0.000633 0.000623 0.000612 0.000512 0.000377
0.001813 0.001918 0.001484 0.001071 0.000774 0.000478
0.002808 0.003097 0.002391 0.001722 0.001263 0.000565
0.000514 0.000524 0.000470 0.000416 0.000359 0.000264
0.002747 0.002853 0.002526 0.002106 0.001540 0.000593
0.003064 0.003507 0.002729 0.002030 0.001443 0.000586
0.000946 0.001056 0.000924 0.000786 0.000508 0.000392
0.001211 0.001364 0.001207 0.001054 0.000784 0.000458
0.002762 0.002817 0.002287 0.001761 0.001234 0.000530
0.001352 0.001469 0.001247 0.001020 0.000657 0.000422
0.002198 0.001801 0.001906 0.002073 0.001939 0.000710
0.000490 0.000454 0.000500 0.000518 0.000456 0.000372
0.001018 0.001110 0.001115 0.001013 0.000769 0.000476
0.001423 0.001491 0.001619 0.001851 0.001806 0.000728
0.000728 0.000849 0.000844 0.000817 0.000602 0.000412
0.001411 0.001673 0.001460 0.001369 0.001111 0.000540
0.002849 0.003272 0.002652 0.001867 0.001300 0.000556
0.000805 0.000860 0.000783 0.000734 0.000544 0.000410
0.002375 0.002586 0.002035 0.001462 0.000971 0.000498
0.001564 0.001709 0.001439 0.001498 0.001267 0.000583
0.003252 0.002705 0.002305 0.002576 0.002279 0.000774
0.001468 0.001755 0.001616 0.001427 0.001130 0.000541
0.002402 0.002629 0.002093 0.001599 0.001170 0.000545
0.001575 0.001734 0.001381 0.001112 0.000810 0.000470
0.002202 0.002606 0.002422 0.001992 0.001450 0.000606
0.000885 0.001018 0.000976 0.000838 0.000585 0.000421
0.001599 0.001645 0.001588 0.001632 0.001389 0.000594
0.002181 0.002438 0.002052 0.001727 0.001234 0.000555
0.001132 0.001368 0.001453 0.001382 0.001252 0.000615
0.003906 0.004086 0.003050 0.002303 0.001841 0.000694
0.003193 0.003451 0.003669 0.003852 0.002992 0.000889
0.003530 0.003142 0.002412 0.002878 0.002697 0.000866
0.003649 0.003896 0.003437 0.002693 0.001690 0.000639
0.001937 0.002037 0.001662 0.001602 0.001565 0.000658
0.002470 0.002834 0.002643 0.002214 0.001674 0.000635
0.000740 0.000746 0.000845 0.000957 0.000988 0.000568
0.001714 0.001907 0.001663 0.001463 0.001224 0.000593
0.002422 0.002464 0.001901 0.001523 0.001109 0.000532
0.001426 0.001599 0.001354 0.001060 0.000707 0.000450
0.001841 0.001900 0.001680 0.001327 0.001009 0.000529
0.001473 0.001362 0.001210 0.001251 0.001166 0.000588
0.002008 0.002486 0.002223 0.001661 0.001231 0.000558
0.001673 0.001582 0.001422 0.001246 0.000988 0.000517
0.002655 0.003163 0.002975 0.002500 0.001703 0.000661
0.000972 0.000950 0.000727 0.000705 0.000514 0.000402
0.002624 0.002827 0.002273 0.001720 0.001330 0.000598
0.001912 0.002067 0.001822 0.001549 0.001153 0.000542
0.002972 0.003279 0.002896 0.002132 0.001873 0.000695
0.002621 0.002815 0.002499 0.002088 0.001410 0.000592
0.001124 0.001315 0.001052 0.000896 0.000622 0.000437
0.002195 0.002019 0.001691 0.001379 0.000995 0.000509
0.001744 0.001962 0.001621 0.001438 0.001143 0.000542
0.002335 0.002639 0.002241 0.001726 0.001221 0.000533
0.002111 0.002395 0.002009 0.001576 0.001102 0.000522
0.000794 0.000926 0.000814 0.000699 0.000531 0.000415
0.004132 0.004492 0.003175 0.002263 0.001561 0.000608
0.001470 0.001569 0.001295 0.001049 0.000703 0.000443
0.003611 0.003638 0.002838 0.002146 0.001516 0.000607
0.003955 0.004638 0.003964 0.003035 0.002029 0.000678
0.005085 0.005667 0.004361 0.002966 0.001830 0.000672
0.001912 0.002073 0.001638 0.001290 0.000886 0.000475
0.003205 0.003290 0.002485 0.001950 0.001488 0.000611
0.002091 0.001913 0.001701 0.002032 0.001940 0.000703
0.003263 0.002575 0.002221 0.002420 0.002274 0.000780
0.004452 0.004615 0.003845 0.002835 0.001849 0.000665
0.002811 0.002975 0.002405 0.001932 0.001409 0.000595
0.004285 0.004613 0.003988 0.003016 0.002001 0.000711
0.003814 0.004295 0.003422 0.002781 0.002143 0.000727
0.007056 0.006959 0.004921 0.003633 0.002306 0.000741
0.006733 0.006833 0.005421 0.003963 0.002468 0.000733
0.004745 0.004849 0.004036 0.003144 0.002181 0.000730
0.000972 0.000950 0.000847 0.000739 0.000508 0.000394
0.001539 0.001517 0.001117 0.000969 0.000745 0.000462
0.003812 0.003977 0.003424 0.002701 0.001994 0.000715
0.002290 0.002471 0.002709 0.002650 0.002722 0.000899
0.002067 0.002315 0.002332 0.002310 0.001866 0.000724
0.002118 0.002352 0.002072 0.001693 0.001370 0.000627
0.005996 0.004718 0.003246 0.003455 0.002910 0.000836
0.005784 0.003819 0.003664 0.004744 0.004315 0.001048
0.003990 0.004207 0.003980 0.003222 0.002183 0.000725
0.002952 0.002609 0.002235 0.002558 0.002629 0.000823
0.004023 0.003307 0.002427 0.002674 0.002820 0.000902
0.002793 0.002942 0.002279 0.001677 0.001112 0.000522
0.004660 0.004926 0.003868 0.003246 0.002094 0.000710
0.003025 0.003101 0.002636 0.002121 0.001535 0.000624
0.005024 0.005418 0.004634 0.003132 0.002034 0.000701
0.004192 0.004384 0.003344 0.002583 0.001801 0.000658
0.001966 0.002043 0.002089 0.002167 0.001717 0.000650
0.003692 0.003742 0.003041 0.002387 0.001706 0.000645
0.004327 0.004831 0.004492 0.003320 0.002146 0.000743
0.003806 0.004603 0.003714 0.002744 0.001954 0.000692
0.001762 0.001892 0.001470 0.001162 0.000799 0.000473
0.005856 0.005855 0.004514 0.003352 0.002514 0.000749
0.003247 0.003672 0.003125 0.002497 0.001743 0.000668
0.003545 0.003362 0.003539 0.003880 0.003054 0.000896
0.001329 0.001182 0.001195 0.001342 0.001435 0.000658
0.001301 0.001428 0.001364 0.001310 0.001059 0.000551
0.004914 0.005366 0.004467 0.003489 0.002231 0.000732
0.002124 0.002156 0.001873 0.001550 0.001289 0.000619
0.003789 0.003964 0.003271 0.002656 0.001959 0.000689
0.002761 0.002564 0.002176 0.001927 0.001505 0.000618
0.002532 0.002853 0.002997 0.002751 0.001935 0.000713
0.001922 0.002138 0.002399 0.002420 0.002083 0.000759
0.007790 0.007464 0.005111 0.003652 0.002436 0.000748
0.002931 0.003548 0.003364 0.003112 0.002317 0.000754
0.003046 0.003545 0.003487 0.002838 0.002058 0.000748
0.001618 0.001850 0.001693 0.001526 0.001163 0.000567
0.003210 0.003422 0.003032 0.002695 0.002018 0.000713
0.002178 0.002365 0.002327 0.002077 0.001611 0.000656
0.004436 0.004682 0.003817 0.002746 0.001738 0.000635
0.002194 0.002584 0.002281 0.001747 0.001133 0.000533
0.003377 0.003591 0.002706 0.002418 0.001713 0.000639
0.002398 0.002530 0.002270 0.001938 0.001831 0.000734
0.002943 0.003221 0.003140 0.003271 0.002859 0.000887
0.003525 0.004029 0.003110 0.003002 0.002615 0.000850
0.006834 0.006248 0.004910 0.004291 0.003405 0.000898
0.004647 0.005429 0.003663 0.002965 0.002563 0.000824
0.003219 0.002541 0.002103 0.002758 0.002735 0.000836
0.003257 0.003655 0.003009 0.002303 0.001737 0.000647
0.002573 0.002735 0.002341 0.002148 0.001775 0.000686
0.006405 0.006158 0.004476 0.003411 0.002296 0.000801
0.005462 0.005301 0.004905 0.003710 0.002835 0.000848
0.003147 0.003300 0.002874 0.002242 0.001895 0.000717
0.005938 0.005558 0.005150 0.004585 0.003518 0.000885
0.003857 0.004413 0.003776 0.002522 0.002022 0.000723
0.004892 0.005551 0.004944 0.003958 0.002783 0.000838
0.005302 0.006133 0.004909 0.003217 0.002144 0.000723
0.003001 0.002698 0.002456 0.002642 0.002564 0.000817
0.002585 0.002698 0.002246 0.001788 0.001393 0.000570
0.005686 0.006552 0.005342 0.004257 0.002779 0.000818
0.003414 0.003690 0.002857 0.002026 0.001452 0.000614
0.005264 0.005692 0.005154 0.004633 0.003002 0.000836
0.004592 0.005007 0.004631 0.006248 0.003833 0.001026
0.002148 0.001792 0.001834 0.002161 0.002312 0.000807
0.004353 0.004500 0.003656 0.002871 0.002341 0.000801
0.006519 0.006800 0.004868 0.003598 0.002412 0.000764
0.005142 0.005608 0.004687 0.003430 0.002454 0.000833
0.005319 0.005776 0.004797 0.003696 0.002441 0.000796
0.005732 0.005864 0.004484 0.003658 0.002729 0.000807
0.004465 0.005090 0.003913 0.003308 0.002356 0.000802
0.004943 0.006749 0.005590 0.004096 0.002573 0.000803
0.004693 0.005011 0.003756 0.002941 0.002402 0.000798
0.003373 0.003941 0.003431 0.002504 0.001566 0.000623
0.005244 0.004738 0.003778 0.002962 0.002020 0.000690
0.003203 0.003597 0.003112 0.002803 0.002571 0.000802
0.004836 0.004803 0.004421 0.003569 0.002374 0.000774
0.006858 0.006939 0.005201 0.003558 0.002750 0.000799
0.005310 0.005401 0.004011 0.002658 0.001629 0.000628
0.013949 0.009953 0.007638 0.006432 0.008291 0.004210
0.005182 0.005494 0.003855 0.002660 0.001927 0.000700
0.004668 0.005853 0.004713 0.004103 0.002582 0.000803
0.001484 0.001603 0.001913 0.002143 0.001746 0.000692
0.004613 0.005049 0.004385 0.003454 0.002291 0.000746
0.003680 0.003860 0.003155 0.002559 0.001989 0.000712
0.006232 0.006593 0.004838 0.003334 0.002320 0.000738
0.002172 0.002257 0.002095 0.001900 0.001548 0.000637
0.003358 0.003598 0.002992 0.002229 0.001483 0.000592
0.005380 0.007699 0.007022 0.004595 0.002563 0.000758
0.006866 0.006518 0.004270 0.002943 0.002216 0.000722
0.003040 0.003736 0.003650 0.002969 0.002033 0.000715
0.005376 0.005941 0.004981 0.004037 0.002387 0.000780
0.002967 0.003375 0.002796 0.002214 0.001660 0.000674
0.004016 0.004952 0.004455 0.003770 0.002458 0.000770
0.003535 0.003275 0.002682 0.002415 0.002455 0.000833
0.004340 0.006351 0.006921 0.005217 0.002646 0.000781
0.002831 0.003244 0.002806 0.002105 0.002011 0.000728
0.017871 0.013243 0.010336 0.009739 0.012614 0.007408
0.004483 0.004921 0.004031 0.003352 0.002716 0.000841
0.004524 0.004953 0.005170 0.005529 0.003840 0.000941
0.003825 0.003360 0.003726 0.004857 0.004175 0.000993
0.006457 0.007874 0.005334 0.004073 0.002908 0.000885
0.005323 0.004354 0.003848 0.004075 0.003607 0.000925
0.006054 0.006142 0.004648 0.003745 0.002513 0.000814
0.007386 0.007069 0.004740 0.003529 0.002511 0.000792
0.006463 0.006733 0.004870 0.003819 0.002361 0.000734
0.006342 0.006987 0.005542 0.003571 0.002293 0.000730
0.005867 0.006275 0.005539 0.004444 0.003376 0.000922
0.004028 0.004881 0.004564 0.003833 0.002586 0.000804
0.006998 0.007499 0.005556 0.005513 0.004544 0.000986
0.004508 0.005351 0.005917 0.005255 0.003213 0.000876
0.004659 0.005258 0.004453 0.003961 0.003010 0.000916
0.011348 0.008440 0.006177 0.004526 0.004113 0.002409
0.003445 0.003903 0.003727 0.003622 0.003007 0.000894
0.007691 0.007519 0.005971 0.004941 0.003336 0.000869
0.007817 0.007534 0.006155 0.007372 0.005808 0.001082
0.005579 0.005208 0.005427 0.006868 0.004427 0.000990
0.008591 0.008360 0.006616 0.004359 0.002963 0.000848
0.303036 0.042636 0.016670 0.010203 0.008255 0.006490
0.007448 0.006393 0.004609 0.004453 0.003033 0.000914
0.009552 0.008933 0.005915 0.004951 0.002850 0.000829
0.003059 0.002900 0.002566 0.002329 0.001929 0.000685
0.008458 0.010174 0.007610 0.005341 0.002890 0.000816
0.005808 0.006182 0.005085 0.004407 0.003322 0.000862
0.004306 0.004055 0.002795 0.003001 0.002624 0.000873
0.005451 0.006390 0.007097 0.005322 0.003219 0.000877
0.003728 0.004323 0.003554 0.002860 0.002027 0.000717
0.005844 0.008112 0.009539 0.007786 0.003820 0.000928
0.004643 0.004872 0.003739 0.002874 0.002630 0.000816
0.001536 0.001512 0.001756 0.001779 0.001685 0.000682
0.007286 0.005833 0.007192 0.009441 0.006119 0.001215
0.004036 0.004741 0.003798 0.002810 0.001928 0.000687
0.007718 0.010390 0.009297 0.005631 0.002851 0.000795
0.004187 0.004153 0.003125 0.002470 0.001949 0.000707
0.006990 0.008815 0.007286 0.005948 0.003630 0.000965
0.003935 0.004329 0.004223 0.003416 0.002609 0.000869
0.010782 0.007260 0.004826 0.003697 0.002500 0.000739
0.005687 0.006156 0.005378 0.004726 0.003216 0.000863
0.013278 0.009882 0.008560 0.008874 0.009870 0.005578
0.008350 0.007950 0.005643 0.003934 0.002422 0.000749
0.014814 0.011663 0.009136 0.008133 0.006771 0.004169
0.020411 0.019220 0.014578 0.015384 0.016324 0.010129
0.030950 0.013931 0.016187 0.020771 0.019350 0.012735
0.006996 0.007254 0.005250 0.004666 0.003174 0.000854
0.005314 0.005963 0.006039 0.004597 0.002851 0.000944
0.010428 0.010088 0.006510 0.004399 0.002677 0.000795
0.003339 0.003520 0.003212 0.002801 0.002213 0.000731
0.015979 0.012112 0.010773 0.011080 0.011682 0.007262
0.006793 0.006075 0.004411 0.003415 0.002665 0.000807
0.004221 0.004787 0.003776 0.003336 0.002756 0.000850
0.007350 0.006243 0.006473 0.006015 0.004671 0.001012
0.002307 0.002059 0.002058 0.002409 0.002111 0.000771
0.008857 0.008533 0.008241 0.012201 0.007597 0.001238
0.012821 0.011372 0.010351 0.011364 0.014535 0.008543
0.018542 0.015774 0.015294 0.020119 0.020267 0.012225
0.006489 0.006659 0.005989 0.004884 0.003432 0.000951
0.017382 0.014114 0.011930 0.014280 0.016287 0.008449
0.017614 0.014627 0.014527 0.014397 0.014277 0.008954
0.007191 0.005992 0.003562 0.004173 0.004392 0.001032
0.019467 0.014105 0.015186 0.016339 0.018662 0.011476
0.003491 0.003826 0.003217 0.002342 0.001813 0.000695
0.008171 0.007903 0.007058 0.005414 0.003572 0.000911
0.005355 0.005520 0.005361 0.004396 0.003076 0.000891
0.003617 0.003491 0.003950 0.004214 0.004145 0.000987
0.011976 0.008583 0.008081 0.008621 0.006071 0.001036
0.004675 0.005362 0.004745 0.003837 0.002513 0.000794
0.003891 0.004621 0.004233 0.003495 0.002120 0.000716
0.003775 0.005172 0.005925 0.005513 0.003195 0.000861
0.006596 0.008443 0.008996 0.007103 0.003541 0.000912
0.009783 0.008910 0.006490 0.004446 0.003189 0.002422
0.013156 0.010435 0.008651 0.007685 0.009622 0.005463
0.017154 0.021484 0.017396 0.016742 0.017572 0.010772
0.008914 0.009063 0.005203 0.003889 0.003128 0.000854
0.007513 0.008302 0.007224 0.006184 0.003539 0.000907
0.003196 0.003778 0.003698 0.003381 0.002540 0.000791
0.020631 0.022349 0.016005 0.015002 0.014361 0.008599
0.026239 0.038244 0.037830 0.042262 0.052262 0.048165
0.018503 0.019935 0.015066 0.016049 0.016218 0.010155
0.033660 0.059106 0.055436 0.057090 0.060882 0.028905
0.005132 0.005563 0.004502 0.003324 0.003129 0.000955
0.014640 0.008463 0.006776 0.006161 0.005900 0.003069
0.009424 0.011734 0.007500 0.006785 0.005140 0.001034
0.567645 0.321220 0.625898 0.580429 0.478861 0.197505
0.006823 0.007380 0.006738 0.005829 0.004121 0.000952
0.018776 0.015505 0.013528 0.014450 0.015025 0.009756
0.094447 0.013911 0.008587 0.006522 0.005295 0.003137
0.008535 0.007276 0.004266 0.003618 0.002443 0.000795
0.004390 0.005323 0.004660 0.003509 0.002305 0.000740
0.012334 0.013945 0.010997 0.006843 0.003457 0.000860
0.004320 0.004758 0.004957 0.005093 0.003426 0.000959
0.008905 0.010370 0.008329 0.006956 0.004115 0.000931
0.004519 0.004790 0.003782 0.004013 0.003403 0.001004
0.007558 0.011236 0.008453 0.005488 0.003362 0.000900
0.008615 0.008060 0.005624 0.004346 0.003131 0.000863
0.008005 0.011474 0.009833 0.007489 0.003872 0.000968
0.014289 0.009296 0.007454 0.006764 0.007249 0.003446
0.016518 0.015426 0.016276 0.020171 0.020394 0.012858
0.014813 0.012762 0.010821 0.010851 0.009212 0.005005
0.004681 0.006292 0.006121 0.005568 0.003208 0.000857
0.003084 0.002803 0.003228 0.003237 0.002941 0.000928
0.007195 0.012361 0.011363 0.027238 0.010757 0.001397
0.031028 0.103092 0.048195 0.060767 0.095721 0.074022
0.130918 0.147802 0.159286 0.189709 0.113186 0.175067
0.041720 0.043214 0.041026 0.042574 0.043817 0.022201
0.038267 0.014195 0.009676 0.013548 0.012025 0.008365
0.011729 0.009701 0.010386 0.010189 0.005808 0.001574
0.019403 0.031348 0.030325 0.032686 0.027390 0.013159
0.033795 0.021418 0.013446 0.012003 0.007733 0.004232
0.004832 0.005381 0.004652 0.003486 0.002887 0.000890
0.115070 0.016960 0.011524 0.010560 0.014425 0.007398
0.007632 0.006616 0.007243 0.006304 0.004102 0.000999
0.004557 0.005013 0.006889 0.007227 0.006441 0.001200
0.023793 0.023857 0.015986 0.016557 0.015350 0.010212
0.007504 0.007892 0.007339 0.006430 0.003703 0.000915
0.055661 0.113937 0.115901 0.120350 0.135476 0.130750
0.006347 0.006324 0.008664 0.010463 0.005739 0.001075
0.008243 0.010670 0.012549 0.011587 0.004890 0.001001
0.015908 0.012405 0.009007 0.007513 0.010008 0.006029
0.073101 0.135463 0.132866 0.140643 0.140549 0.130606
0.018804 0.014990 0.012674 0.009874 0.010049 0.005695
0.036627 0.038295 0.037076 0.039520 0.041825 0.021616
0.015796 0.011983 0.007819 0.005206 0.003563 0.000974
0.004211 0.005235 0.005599 0.005535 0.003638 0.000891
0.019338 0.009631 0.009093 0.007579 0.008036 0.005139
0.015219 0.013551 0.011909 0.013826 0.014210 0.007366
0.184697 0.100747 0.026957 0.011532 0.010066 0.009174
0.050507 0.041061 0.046383 0.048088 0.048510 0.048617
0.007985 0.006790 0.004911 0.004251 0.004177 0.001037
0.015932 0.014153 0.010910 0.011706 0.013380 0.011748
0.019260 0.014497 0.014217 0.014482 0.013630 0.007789
0.061631 0.037235 0.033581 0.037759 0.039464 0.031491
0.019187 0.016408 0.012082 0.012127 0.011736 0.006339
0.066935 0.130825 0.132895 0.143119 0.146874 0.141076
0.026571 0.018362 0.016281 0.021749 0.020668 0.012934
0.014468 0.011198 0.009328 0.010441 0.010733 0.006428
0.006059 0.005881 0.005476 0.005162 0.003337 0.000914
0.016990 0.020517 0.025338 0.016945 0.009132 0.005455
0.007160 0.006782 0.007624 0.007407 0.004695 0.001029
0.014751 0.011578 0.008861 0.007757 0.009273 0.005270
0.010249 0.007509 0.003825 0.003174 0.003637 0.001117
0.016473 0.012703 0.010840 0.011814 0.011646 0.007046
0.010589 0.009441 0.006347 0.005314 0.004554 0.001039
0.072780 0.021309 0.017930 0.015711 0.014879 0.009807
0.015250 0.041524 0.021282 0.023444 0.019510 0.010584
0.037880 0.013705 0.010053 0.009808 0.006234 0.003423
0.018448 0.010964 0.007083 0.007153 0.008604 0.004018
0.005970 0.008175 0.010415 0.008635 0.004468 0.000993
0.003475 0.004156 0.004315 0.004524 0.003049 0.001034
0.010018 0.012862 0.013441 0.026306 0.011827 0.001500
0.022873 0.015816 0.013117 0.012439 0.012569 0.007736
0.033811 0.081570 0.009981 0.008233 0.008572 0.006240
0.013514 0.010532 0.008124 0.007196 0.008121 0.004063
0.019721 0.015380 0.011236 0.012028 0.014334 0.008671
0.013533 0.016505 0.016930 0.015725 0.017623 0.009141
0.015797 0.013152 0.010355 0.013587 0.010481 0.009788
0.129419 0.708589 0.030262 0.019596 0.012593 0.007382
0.006909 0.008241 0.005924 0.003991 0.003198 0.000929
0.022034 0.022884 0.021780 0.017732 0.014812 0.010110
0.009085 0.009119 0.008874 0.007471 0.005333 0.001120
0.005319 0.006505 0.010603 0.007994 0.010692 0.001569
0.055811 0.059138 0.028037 0.082015 0.036335 0.037206
0.031326 0.013490 0.012428 0.012289 0.014187 0.009842
0.186630 0.015507 0.012753 0.012840 0.014265 0.008443
0.012535 0.008074 0.008191 0.008017 0.004872 0.001075
0.013117 0.015017 0.014638 0.014141 0.011876 0.007214
0.038574 0.012373 0.011141 0.011456 0.011161 0.008482
0.017430 0.012528 0.010681 0.009154 0.009445 0.007854
0.013527 0.014164 0.014504 0.011123 0.006415 0.002687
0.016166 0.015458 0.014464 0.019739 0.020043 0.011832
0.027053 0.018280 0.012702 0.014011 0.017507 0.010415
0.005163 0.007327 0.008483 0.007912 0.004360 0.000982
0.132570 0.126793 0.159961 0.198964 0.539307 0.170319
0.086645 0.092651 0.088486 0.084932 0.086472 0.075934
0.020423 0.012300 0.026013 0.019203 0.010535 0.006760
0.192243 0.011793 0.009986 0.007239 0.006738 0.004719
0.030932 0.011690 0.011181 0.012484 0.014359 0.008158
0.025844 0.024253 0.021565 0.022198 0.020115 0.013871
0.020502 0.075406 0.073786 0.082542 0.014422 0.039189
0.015374 0.015631 0.014617 0.020361 0.022813 0.015925
0.019024 0.020678 0.015611 0.016982 0.012591 0.007341
0.047464 0.067613 0.065172 0.070680 0.083444 0.080528
0.102957 0.368898 0.268822 0.016275 0.016764 0.012855
0.019790 0.019531 0.019302 0.021700 0.023085 0.013521
0.006115 0.007327 0.008365 0.007479 0.005221 0.001016
0.043500 0.036672 0.021737 0.028811 0.017330 0.011742
0.017977 0.015845 0.014581 0.024421 0.021871 0.011513
0.018643 0.013177 0.009685 0.011356 0.013522 0.007041
0.017194 0.012598 0.006218 0.003663 0.002475 0.001259
0.027152 0.020990 0.022653 0.023807 0.021064 0.013930
0.014885 0.020288 0.016981 0.019705 0.020267 0.012286
0.023067 0.016511 0.018265 0.025016 0.020388 0.012822
0.176573 0.022338 0.033510 0.029075 0.020760 0.010993
0.018490 0.014476 0.013724 0.018608 0.017046 0.012492
0.115648 0.013798 0.016709 0.017245 0.017703 0.011144
0.009248 0.010016 0.007750 0.007093 0.004509 0.001017
0.004367 0.004324 0.005035 0.005975 0.004469 0.001056
0.022127 0.024440 0.026323 0.021747 0.016001 0.012054
0.028956 0.017008 0.013508 0.015679 0.016732 0.009605
0.184462 0.012922 0.012744 0.013791 0.015504 0.009134
0.047068 0.045803 0.021891 0.016656 0.021262 0.014616
0.025191 0.038890 0.037520 0.039828 0.040377 0.022294
0.057833 0.069267 0.073095 0.080410 0.089570 0.052666
0.019289 0.010038 0.008652 0.011519 0.012276 0.006031
0.067743 0.076658 0.080163 0.087926 0.090279 0.088116
0.009446 0.011021 0.006843 0.004265 0.003353 0.000956
0.024518 0.024713 0.028223 0.026429 0.018951 0.012516
0.010798 0.011089 0.011378 0.009326 0.007606 0.001219
0.008477 0.008012 0.008034 0.011889 0.015067 0.002091
0.018299 0.047945 0.012434 0.043398 0.020961 0.015900
0.015600 0.012499 0.010459 0.008818 0.004752 0.001005
0.103699 0.052258 0.013217 0.013523 0.014577 0.009067
0.030098 0.009816 0.009674 0.009452 0.011850 0.008070
0.031544 0.015369 0.012206 0.016713 0.018432 0.011242
0.016707 0.015471 0.011516 0.007018 0.007802 0.006079
0.038023 0.078818 0.056767 0.028962 0.064598 0.052738
0.068350 0.044245 0.023901 0.027745 0.019907 0.018395
0.017661 0.010654 0.008137 0.010036 0.012930 0.007198
0.031397 0.022439 0.012098 0.009300 0.012870 0.007635
0.006015 0.007625 0.009967 0.009995 0.005197 0.001088
0.016562 0.013263 0.013814 0.012694 0.016583 0.010017
0.082246 0.078444 0.070626 0.069152 0.068642 0.063873
0.058677 0.048590 0.023961 0.020877 0.019406 0.014078
0.179577 0.013990 0.014487 0.011227 0.008195 0.006196
0.099107 0.021639 0.019942 0.024515 0.023910 0.023738
0.016415 0.012293 0.008447 0.007096 0.009407 0.005132
0.063597 0.067689 0.047698 0.061650 0.086677 0.081364
0.014313 0.008635 0.006552 0.006473 0.007382 0.003241
0.044734 0.011686 0.011239 0.012482 0.012715 0.010024
0.014941 0.011085 0.007922 0.006526 0.006234 0.003660
0.014548 0.008283 0.008211 0.009448 0.010731 0.006841
0.180435 0.018949 0.024325 0.022284 0.018533 0.011073
0.005357 0.006805 0.007230 0.008967 0.008062 0.001201
0.018362 0.012242 0.015870 0.048067 0.013840 0.006306
0.016647 0.012754 0.009401 0.009147 0.004698 0.001117
0.028644 0.025186 0.024093 0.027876 0.032671 0.021520
0.211174 0.013656 0.007552 0.007655 0.008228 0.004945
0.060391 0.013818 0.016628 0.020140 0.021196 0.013657
0.020899 0.016902 0.023553 0.026923 0.023157 0.014236
0.016350 0.010813 0.009773 0.011078 0.012172 0.006195
0.042964 0.013508 0.011609 0.013440 0.015298 0.010531
0.433072 0.122372 0.043274 0.102851 0.071006 0.075288
0.167272 0.016316 0.014931 0.012371 0.013332 0.008013
0.015730 0.011775 0.006392 0.004238 0.003815 0.001324
