0.001317 0.002340 0.002343 0.001938 0.001412 0.001162
0.002304 0.003177 0.002935 0.002352 0.001757 0.001256
0.003208 0.003994 0.003868 0.003437 0.002479 0.001909
0.002161 0.002422 0.002462 0.002762 0.002753 0.002618
0.001776 0.002056 0.001600 0.001691 0.001626 0.001455
0.002529 0.003201 0.003400 0.002969 0.002578 0.002229
0.001415 0.001729 0.001861 0.001676 0.001431 0.001071
0.001933 0.002611 0.002737 0.002355 0.001857 0.001383
0.002517 0.003042 0.002872 0.002680 0.002322 0.001695
0.001176 0.001645 0.001592 0.001343 0.001059 0.000924
0.002261 0.002958 0.003007 0.002650 0.002011 0.001511
0.002648 0.003541 0.003600 0.003120 0.002316 0.001660
0.001265 0.001790 0.001783 0.001567 0.001212 0.001017
0.002522 0.003232 0.003294 0.002836 0.002207 0.001568
0.002872 0.003614 0.003109 0.002827 0.002525 0.002088
0.001229 0.001533 0.001509 0.001568 0.001500 0.001312
0.001991 0.002447 0.002332 0.002310 0.002053 0.001561
0.002045 0.002637 0.002506 0.002543 0.002149 0.001696
0.002556 0.003168 0.002838 0.002903 0.002759 0.001538
0.001554 0.002288 0.001722 0.001804 0.002487 0.002034
0.002979 0.003948 0.003656 0.003165 0.002557 0.001984
0.001199 0.001546 0.001601 0.001332 0.001829 0.001259
0.002818 0.003707 0.003078 0.003733 0.003781 0.002912
0.001681 0.002123 0.002333 0.002347 0.002503 0.002297
0.002069 0.002837 0.002904 0.002649 0.002528 0.001716
0.001652 0.002302 0.002117 0.001966 0.001619 0.001273
0.001962 0.002822 0.002893 0.003090 0.003011 0.001805
0.002494 0.003258 0.003128 0.002720 0.002260 0.001608
0.002097 0.002767 0.002795 0.002396 0.001777 0.001333
0.002305 0.002836 0.002599 0.002161 0.001694 0.001364
0.002672 0.003830 0.003655 0.003582 0.003647 0.002582
0.001163 0.001188 0.001102 0.001065 0.001382 0.001022
0.001681 0.002037 0.002027 0.002368 0.002167 0.001670
0.002275 0.002734 0.002514 0.002389 0.002171 0.001429
0.002218 0.002544 0.002295 0.002565 0.002405 0.001929
0.002729 0.003074 0.002430 0.002834 0.002726 0.002278
0.002548 0.003241 0.002770 0.003255 0.003063 0.002382
0.001973 0.002573 0.002527 0.002210 0.001769 0.001320
0.002125 0.002729 0.002566 0.002503 0.002386 0.001749
0.002051 0.002421 0.002423 0.002060 0.002088 0.002089
0.002241 0.002684 0.002337 0.001955 0.001709 0.001253
0.001260 0.002015 0.002077 0.001740 0.001358 0.001170
0.002055 0.002346 0.002270 0.002707 0.002640 0.002414
0.002108 0.002387 0.002819 0.003513 0.003333 0.003169
0.001614 0.002262 0.002339 0.001910 0.001528 0.001365
0.002993 0.003729 0.003564 0.003207 0.002577 0.001830
0.003645 0.004396 0.004259 0.003646 0.002974 0.002360
0.001192 0.001514 0.001590 0.001888 0.001783 0.001212
0.002130 0.002696 0.002629 0.002936 0.002726 0.002170
0.002662 0.003416 0.003658 0.003541 0.003078 0.001887
0.001903 0.002936 0.003196 0.002709 0.002642 0.002229
0.003835 0.004816 0.004603 0.003839 0.002895 0.002094
0.002909 0.003695 0.003766 0.003299 0.002491 0.001835
0.003272 0.003909 0.003530 0.002935 0.002315 0.001661
0.002900 0.004067 0.004342 0.003898 0.002997 0.002157
0.001610 0.002582 0.002624 0.002332 0.001792 0.001510
0.001333 0.002208 0.002153 0.001737 0.001178 0.001028
0.003783 0.004620 0.004597 0.003857 0.003102 0.002011
0.002144 0.002894 0.003134 0.003003 0.002452 0.001691
0.002620 0.003459 0.003579 0.003299 0.002712 0.001908
0.003662 0.004458 0.004456 0.004385 0.003658 0.002322
0.003066 0.003879 0.003672 0.003059 0.002223 0.001686
0.003503 0.003943 0.003641 0.002986 0.002434 0.001742
0.003027 0.003766 0.003519 0.002983 0.002463 0.002045
0.003033 0.004049 0.004043 0.003365 0.002390 0.001617
0.002422 0.003117 0.003045 0.002737 0.002359 0.001792
0.002126 0.002717 0.002754 0.002516 0.001989 0.001460
0.003203 0.004202 0.004174 0.003504 0.002599 0.001833
0.001614 0.002231 0.002146 0.001883 0.001436 0.001162
0.003177 0.004052 0.003878 0.003414 0.002832 0.002118
0.002115 0.002637 0.002754 0.002946 0.002759 0.002240
0.005262 0.005984 0.005583 0.004375 0.002991 0.002215
0.002410 0.003005 0.002953 0.002972 0.002639 0.002129
0.002690 0.003489 0.003375 0.003174 0.002645 0.002017
0.001711 0.002299 0.002293 0.002015 0.001572 0.001253
0.003848 0.004640 0.004727 0.004095 0.002996 0.002029
0.002825 0.003299 0.002829 0.002545 0.002162 0.001665
0.001737 0.002751 0.002805 0.002227 0.001662 0.001360
0.002845 0.003507 0.003620 0.003723 0.003223 0.002539
0.002879 0.003620 0.003269 0.002639 0.002139 0.001598
0.003468 0.004077 0.003879 0.003600 0.003037 0.002006
0.001528 0.002220 0.002191 0.001746 0.001384 0.001064
0.002160 0.002821 0.002575 0.002461 0.002097 0.001291
0.003347 0.004446 0.004554 0.004190 0.003193 0.002186
0.001465 0.001795 0.001848 0.001720 0.001429 0.001232
0.003572 0.004266 0.003898 0.003117 0.002276 0.001522
0.004789 0.005808 0.005289 0.004163 0.003082 0.002209
0.001154 0.001593 0.001524 0.001258 0.000982 0.000740
0.004369 0.005516 0.005486 0.004867 0.003786 0.002647
0.005458 0.006429 0.005831 0.004651 0.003542 0.002314
0.002021 0.002610 0.002515 0.002149 0.001632 0.001199
0.002400 0.003116 0.003143 0.002927 0.002343 0.001515
0.004461 0.005410 0.005339 0.004334 0.003165 0.002151
0.002605 0.003319 0.003156 0.002679 0.002039 0.001419
0.003793 0.004355 0.003864 0.004352 0.004283 0.003545
0.001234 0.001451 0.001458 0.001480 0.001389 0.000977
0.002016 0.002687 0.002718 0.002739 0.002316 0.001471
0.002737 0.003367 0.003362 0.003852 0.003761 0.003046
0.001519 0.002251 0.002497 0.002350 0.001786 0.001429
0.002627 0.003566 0.003511 0.003112 0.002703 0.002048
0.004350 0.005798 0.006019 0.005175 0.003817 0.002563
0.001732 0.002251 0.002206 0.002059 0.001638 0.001298
0.004679 0.005515 0.004915 0.003802 0.002742 0.001692
0.002916 0.003699 0.003434 0.003261 0.002931 0.002282
0.004728 0.006097 0.004900 0.004788 0.004846 0.003995
0.002735 0.003698 0.003881 0.003549 0.002897 0.001933
0.003387 0.005458 0.005362 0.004345 0.003169 0.002230
0.003007 0.003784 0.003515 0.003027 0.002417 0.001484
0.003926 0.005169 0.005189 0.004590 0.003675 0.002314
0.001821 0.002456 0.002540 0.002285 0.001801 0.001317
0.002872 0.003576 0.003527 0.003510 0.003106 0.002445
0.003792 0.004770 0.004575 0.004035 0.003198 0.002318
0.002432 0.002915 0.003499 0.003533 0.003050 0.002133
0.005808 0.007218 0.007007 0.005776 0.004637 0.003502
0.005045 0.006071 0.006676 0.007307 0.006604 0.004621
0.005725 0.006174 0.005376 0.005135 0.005487 0.004448
0.005663 0.006756 0.006789 0.006048 0.004627 0.002345
0.003366 0.004138 0.004061 0.003484 0.003504 0.002580
0.004189 0.004983 0.005491 0.005156 0.004056 0.002829
0.001683 0.002105 0.002162 0.002412 0.002499 0.001850
0.002752 0.003972 0.003897 0.003521 0.002916 0.002200
0.004163 0.004915 0.004407 0.003532 0.002794 0.002032
0.002351 0.003491 0.003482 0.002933 0.002082 0.001471
0.003472 0.004094 0.003880 0.003456 0.002759 0.001749
0.002790 0.003262 0.003301 0.003328 0.002910 0.002390
0.003323 0.004486 0.004911 0.004384 0.003253 0.002229
0.002722 0.003742 0.003258 0.003246 0.002761 0.001755
0.004371 0.005701 0.005866 0.005594 0.004321 0.002813
0.002004 0.002513 0.002301 0.001929 0.001644 0.001171
0.003819 0.005702 0.005683 0.004619 0.003270 0.002396
0.003353 0.004213 0.004113 0.003642 0.002850 0.002092
0.004592 0.005762 0.006113 0.005281 0.004157 0.003342
0.004722 0.005362 0.005191 0.004708 0.003752 0.002099
0.002057 0.002947 0.002956 0.002374 0.001853 0.001369
0.004001 0.004390 0.003920 0.003319 0.002615 0.002013
0.002980 0.003996 0.003884 0.003253 0.002774 0.002191
0.003739 0.004926 0.005048 0.004308 0.003142 0.002177
0.003549 0.004569 0.004700 0.003917 0.002908 0.001899
0.001621 0.002350 0.002366 0.002024 0.001560 0.001243
0.007237 0.007973 0.006855 0.005513 0.003901 0.002629
0.002743 0.003474 0.003256 0.002721 0.002026 0.001568
0.005782 0.006535 0.006473 0.005156 0.003744 0.002366
0.006397 0.007708 0.008175 0.007022 0.005162 0.003395
0.008755 0.009667 0.008676 0.006703 0.004633 0.002764
0.003296 0.004172 0.004148 0.003321 0.002463 0.001693
0.005496 0.006287 0.005589 0.004644 0.003520 0.002462
0.003791 0.004262 0.003727 0.004399 0.004492 0.003482
0.005286 0.005731 0.004555 0.004658 0.004521 0.003847
0.006915 0.007935 0.007532 0.006251 0.004509 0.002774
0.004604 0.005467 0.005426 0.004556 0.003436 0.002395
0.006696 0.008039 0.007721 0.006496 0.004796 0.003026
0.006002 0.007391 0.007592 0.006191 0.004928 0.003608
0.011815 0.011681 0.010235 0.008356 0.005742 0.003514
0.011509 0.011753 0.011302 0.009642 0.006629 0.003902
0.007597 0.008526 0.008231 0.007169 0.005273 0.003508
0.002020 0.002474 0.002414 0.002092 0.001608 0.001186
0.002840 0.003441 0.003173 0.002652 0.002198 0.001524
0.005309 0.007905 0.008055 0.006658 0.004771 0.003421
0.003345 0.004990 0.005787 0.006367 0.005597 0.004614
0.003603 0.004617 0.004695 0.004746 0.004232 0.003024
0.003440 0.004543 0.004621 0.003973 0.003075 0.002593
0.008938 0.009613 0.007375 0.006369 0.006171 0.004819
0.010473 0.008331 0.006534 0.008650 0.008864 0.005921
0.006171 0.007259 0.007639 0.007119 0.005444 0.003534
0.004473 0.005556 0.004760 0.004932 0.004844 0.004382
0.006817 0.006805 0.005591 0.005089 0.005335 0.004642
0.004659 0.005594 0.005240 0.004267 0.002974 0.001997
0.007689 0.008552 0.007780 0.006801 0.005302 0.002936
0.004881 0.005727 0.005582 0.004784 0.003667 0.002529
0.007937 0.009146 0.008861 0.007392 0.005201 0.003186
0.006140 0.007709 0.007368 0.006020 0.004384 0.002806
0.003551 0.004112 0.004316 0.004500 0.003975 0.002675
0.005654 0.006736 0.006304 0.005522 0.004165 0.002840
0.006953 0.007670 0.008571 0.007943 0.005816 0.003993
0.005613 0.007454 0.007841 0.006486 0.004675 0.002752
0.002948 0.003976 0.003815 0.003033 0.002291 0.001548
0.009446 0.009929 0.009946 0.007862 0.005898 0.004274
0.005113 0.006444 0.006630 0.005755 0.004380 0.002940
0.005629 0.006347 0.006889 0.008285 0.006694 0.004608
0.002681 0.003031 0.002699 0.003025 0.003366 0.002285
0.002505 0.003135 0.003194 0.003154 0.002877 0.001824
0.007834 0.008496 0.009202 0.007832 0.005710 0.003606
0.003620 0.004425 0.004208 0.003937 0.003522 0.001992
0.005361 0.006879 0.006702 0.005715 0.004664 0.003282
0.004632 0.005184 0.004783 0.004351 0.003802 0.002896
0.004238 0.005127 0.006188 0.006578 0.005381 0.002822
0.003660 0.004106 0.005103 0.005326 0.004465 0.003507
0.008294 0.012562 0.012349 0.008822 0.006358 0.004271
0.004687 0.005862 0.006902 0.007260 0.006389 0.004346
0.005007 0.006214 0.006648 0.006343 0.005032 0.003807
0.002641 0.004035 0.004588 0.004294 0.003290 0.002252
0.005255 0.006148 0.006090 0.005738 0.004752 0.003490
0.003648 0.004508 0.004802 0.004629 0.003807 0.002715
0.007301 0.008151 0.007945 0.006712 0.004797 0.003049
0.004003 0.005244 0.005218 0.004394 0.003159 0.001885
0.005971 0.006781 0.005877 0.005202 0.004465 0.003200
0.004060 0.005040 0.005160 0.004760 0.004256 0.002791
0.005148 0.006096 0.007110 0.006133 0.006336 0.004248
0.005294 0.007001 0.007028 0.005957 0.005485 0.004017
0.010890 0.011097 0.010197 0.007972 0.007939 0.006232
0.007627 0.009229 0.008114 0.006043 0.004996 0.004255
0.004665 0.005798 0.004494 0.004978 0.005800 0.005011
0.004965 0.006521 0.006637 0.005668 0.004166 0.002897
0.004189 0.005271 0.005111 0.004569 0.004197 0.002553
0.010746 0.010652 0.009301 0.007377 0.005271 0.003811
0.009537 0.009226 0.008816 0.008324 0.006349 0.003997
0.005279 0.006144 0.005821 0.005125 0.003729 0.003216
0.009616 0.009312 0.009552 0.009053 0.008135 0.005493
0.005926 0.007703 0.007816 0.005904 0.004199 0.003402
0.007326 0.009012 0.009878 0.009081 0.006917 0.004356
0.008464 0.010160 0.009838 0.007432 0.005168 0.003061
0.004853 0.005588 0.005100 0.005031 0.004968 0.004205
0.004265 0.005172 0.004941 0.004000 0.003281 0.002461
0.006728 0.010539 0.011500 0.009759 0.007056 0.004799
0.005758 0.006716 0.006112 0.004956 0.003605 0.002448
0.007891 0.009429 0.009589 0.009280 0.007331 0.003852
0.006310 0.008741 0.008162 0.011312 0.009627 0.004751
0.003878 0.004164 0.003773 0.004450 0.004938 0.003602
0.006434 0.008044 0.008113 0.006673 0.005335 0.003876
0.010560 0.011349 0.009792 0.008441 0.006052 0.003882
0.007100 0.009049 0.009489 0.008097 0.005629 0.003564
0.008594 0.010180 0.009464 0.007714 0.005948 0.003356
0.008838 0.009775 0.009783 0.008017 0.006804 0.004856
0.006533 0.008272 0.008539 0.007217 0.005736 0.003811
0.006861 0.010044 0.011976 0.010384 0.006909 0.004277
0.007459 0.008520 0.007716 0.005937 0.005227 0.004014
0.006138 0.007763 0.007701 0.006236 0.004232 0.002339
0.009095 0.009604 0.008055 0.006133 0.005133 0.003581
0.005835 0.007097 0.006552 0.005717 0.004874 0.004320
0.007782 0.008134 0.008446 0.007757 0.005917 0.003703
0.011249 0.011401 0.010562 0.008116 0.006149 0.004499
0.008999 0.009364 0.008718 0.006521 0.004196 0.002598
0.023795 0.016857 0.016266 0.016660 0.021995 0.021698
0.007422 0.009417 0.008854 0.006602 0.004354 0.003204
0.006124 0.009587 0.010483 0.008223 0.006474 0.003460
0.002925 0.003372 0.003938 0.004275 0.003977 0.002832
0.007204 0.007902 0.008758 0.008010 0.006107 0.003944
0.005406 0.006876 0.006693 0.005718 0.004411 0.002929
0.009971 0.010707 0.010514 0.008255 0.005847 0.003764
0.003221 0.004718 0.004628 0.004458 0.003853 0.002922
0.005280 0.006474 0.006142 0.005081 0.003690 0.002430
0.008460 0.010632 0.013445 0.012469 0.008074 0.004352
0.011311 0.011002 0.009345 0.006812 0.005175 0.003827
0.004442 0.006487 0.007459 0.007162 0.005650 0.003660
0.006960 0.009876 0.010015 0.008403 0.005893 0.003400
0.004459 0.005980 0.006157 0.005002 0.003854 0.002861
0.006390 0.007703 0.008513 0.008219 0.006381 0.003910
0.005963 0.005961 0.005737 0.005259 0.005167 0.004049
0.006641 0.009059 0.012184 0.012289 0.008980 0.004839
0.004692 0.005874 0.005775 0.004845 0.004106 0.003783
0.021856 0.014367 0.014391 0.014130 0.011026 0.010388
0.006951 0.008303 0.008321 0.007066 0.006236 0.003646
0.007184 0.007950 0.009588 0.010702 0.008521 0.005455
0.006257 0.006810 0.006254 0.008346 0.008572 0.006303
0.009849 0.012654 0.011610 0.009005 0.006703 0.004600
0.008420 0.008649 0.007236 0.007647 0.008037 0.006283
0.010134 0.010550 0.009671 0.008088 0.006372 0.004037
0.013008 0.011856 0.010866 0.008004 0.005844 0.003797
0.009129 0.010897 0.011202 0.008705 0.005679 0.003338
0.009607 0.010812 0.011658 0.009578 0.006403 0.003700
0.009074 0.010301 0.010703 0.009855 0.007469 0.004301
0.006939 0.008658 0.008752 0.007844 0.006343 0.003837
0.011323 0.012179 0.011455 0.010763 0.010539 0.007361
0.007661 0.008492 0.010485 0.010591 0.007407 0.004260
0.007123 0.008960 0.009408 0.007714 0.006726 0.004116
0.026863 0.013040 0.010978 0.008945 0.007419 0.007180
0.004959 0.006748 0.007080 0.007764 0.007000 0.004178
0.009288 0.012397 0.012638 0.011045 0.008820 0.005702
0.014309 0.011742 0.011611 0.015096 0.011609 0.007466
0.007894 0.009210 0.008620 0.011787 0.011166 0.007103
0.013456 0.013103 0.012158 0.010593 0.007327 0.004184
0.519984 1.133967 0.641264 0.292737 0.233019 0.229947
0.011358 0.011956 0.010350 0.009202 0.007365 0.003988
0.018192 0.014212 0.013427 0.010390 0.007819 0.003788
0.004813 0.005578 0.005371 0.005038 0.004289 0.003183
0.012708 0.014782 0.015035 0.011846 0.007298 0.003890
0.008933 0.010138 0.010021 0.009064 0.007872 0.005260
0.008160 0.007902 0.005750 0.006201 0.006027 0.004265
0.009203 0.009903 0.012652 0.012945 0.009152 0.004885
0.006293 0.007549 0.006966 0.006445 0.004953 0.003313
0.010515 0.010465 0.015804 0.017194 0.012327 0.005931
0.007697 0.008522 0.007619 0.006580 0.005367 0.004590
0.002844 0.003441 0.003440 0.003889 0.003610 0.003011
0.009755 0.011684 0.011260 0.016919 0.013507 0.006641
0.006131 0.007827 0.008112 0.006736 0.004716 0.003070
0.009332 0.013532 0.017283 0.016066 0.009452 0.004963
0.006992 0.007528 0.006982 0.005341 0.004284 0.003246
0.007687 0.012013 0.014765 0.013286 0.009880 0.006499
0.006375 0.007165 0.007885 0.007411 0.006173 0.004029
0.014362 0.015058 0.011971 0.008315 0.005995 0.003945
0.010299 0.010523 0.010242 0.009698 0.007616 0.005076
0.036530 0.056311 0.061148 0.086978 0.090370 0.042478
0.012619 0.012613 0.012492 0.009347 0.006001 0.003584
0.063771 0.062449 0.062093 0.063079 0.064299 0.065940
0.029860 0.042135 0.048662 0.065151 0.076169 0.067562
0.153929 0.056385 0.051943 0.047107 0.045702 0.050249
0.010965 0.011986 0.010918 0.008757 0.007811 0.005017
0.008718 0.009782 0.011155 0.010783 0.007636 0.004182
0.014655 0.015189 0.015629 0.011934 0.007146 0.004165
0.004627 0.006549 0.006643 0.006145 0.005076 0.003596
0.064842 0.064787 0.063414 0.063051 0.063130 0.064549
0.011238 0.010786 0.009478 0.007920 0.005892 0.003737
0.007334 0.008218 0.007499 0.006869 0.005722 0.004031
0.011162 0.011642 0.011229 0.012717 0.010378 0.007158
0.003522 0.004714 0.004016 0.004529 0.004637 0.003836
0.011918 0.014000 0.013696 0.021688 0.017327 0.007407
0.040823 0.059164 0.063556 0.089443 0.091213 0.042358
0.065738 0.063095 0.062489 0.061009 0.059667 0.062028
0.011154 0.010187 0.011135 0.010541 0.007941 0.004688
0.252520 0.019272 0.014329 0.011409 0.008476 0.008367
0.017455 0.015742 0.015310 0.015707 0.012260 0.007174
0.012970 0.009834 0.009629 0.007490 0.007848 0.007507
0.415847 0.027579 0.033137 0.025675 0.025331 0.022585
0.005257 0.006672 0.006598 0.005381 0.004077 0.003053
0.016403 0.012506 0.012796 0.011794 0.008468 0.005136
0.009402 0.009665 0.009787 0.009613 0.007436 0.004652
0.006369 0.006430 0.007550 0.008871 0.007632 0.007063
0.021698 0.015274 0.015239 0.015640 0.014196 0.009416
0.007925 0.009288 0.009189 0.008106 0.006348 0.003250
0.005021 0.008130 0.009190 0.008782 0.006723 0.004148
0.005920 0.007797 0.010741 0.011415 0.009555 0.005500
0.010963 0.011750 0.015035 0.015854 0.011414 0.005816
0.021169 0.012701 0.011973 0.009537 0.006585 0.004975
0.036683 0.048007 0.052487 0.069092 0.079339 0.070093
0.031169 0.014613 0.014209 0.011838 0.007893 0.008136
0.009587 0.013865 0.013926 0.008822 0.007049 0.005143
0.009483 0.012505 0.014091 0.012885 0.008987 0.004818
0.004850 0.006128 0.006985 0.006840 0.005800 0.004016
0.023338 0.036727 0.043485 0.060630 0.073713 0.066028
0.096180 0.018559 0.014821 0.014303 0.011081 0.006629
0.038044 0.046581 0.050110 0.063016 0.074649 0.066547
0.165393 0.052775 0.041791 0.038822 0.029200 0.027632
0.008407 0.009131 0.009875 0.007537 0.006313 0.005124
0.822618 0.018365 0.040548 0.056062 0.065527 0.055704
0.014406 0.015454 0.018253 0.012978 0.010642 0.005958
2.219905 0.796246 1.467497 1.403942 1.107736 0.926190
0.010552 0.011105 0.011357 0.011788 0.009701 0.006466
0.062500 0.061258 0.060517 0.060507 0.061156 0.063029
1.690506 0.261183 0.018829 0.014686 0.012210 0.010886
0.016992 0.012395 0.010268 0.007391 0.006036 0.003451
0.006529 0.008682 0.009463 0.008215 0.005860 0.003744
0.013511 0.018377 0.020990 0.018712 0.011109 0.006115
0.006777 0.007639 0.008866 0.010165 0.008456 0.004603
0.012152 0.014690 0.016543 0.014604 0.011376 0.006877
0.008291 0.008512 0.007506 0.007384 0.007877 0.004596
0.012224 0.016031 0.016602 0.012839 0.008116 0.004261
0.010259 0.013270 0.012764 0.009620 0.006924 0.004676
0.011793 0.016037 0.018505 0.015478 0.010320 0.004543
0.355864 0.021078 0.015576 0.015593 0.015856 0.014426
0.048043 0.056459 0.060106 0.060718 0.090644 0.091734
0.069985 0.065796 0.063598 0.062840 0.063183 0.065559
0.006345 0.009311 0.010826 0.010930 0.007635 0.004347
0.005492 0.005678 0.005892 0.006333 0.006043 0.005286
0.010832 0.014315 0.021525 0.031052 0.030633 0.009714
0.570803 0.164533 0.179717 0.148052 0.115355 0.075600
0.722253 0.196025 0.161391 0.169156 0.101065 0.096850
0.021355 0.030341 0.034080 0.036057 0.066875 0.063320
0.181681 0.064931 0.073762 0.071880 0.070628 0.075420
0.021097 0.016467 0.017945 0.020143 0.016737 0.008748
0.050941 0.013071 0.010379 0.011131 0.024948 0.011533
0.039782 0.029509 0.025701 0.025479 0.018317 0.009055
0.007786 0.009051 0.009283 0.008160 0.005946 0.004759
0.369959 0.132361 0.096669 0.074819 0.056808 0.059705
0.012973 0.011957 0.012275 0.013587 0.010711 0.005982
0.008121 0.008438 0.011782 0.014073 0.011401 0.010276
0.037521 0.027732 0.029088 0.034506 0.036814 0.043501
0.011613 0.012061 0.012658 0.013262 0.009030 0.004904
0.107343 0.042381 0.026438 0.021741 0.009570 0.005219
0.011075 0.010986 0.012763 0.017992 0.016187 0.008808
0.017628 0.013903 0.020973 0.024254 0.017494 0.007708
0.028950 0.017256 0.014603 0.010161 0.006578 0.004457
0.200002 0.013045 0.018682 0.020273 0.044928 0.047917
0.307043 0.027241 0.056308 0.060293 0.918073 0.739973
0.062748 0.055541 0.051971 0.049486 0.043802 0.055525
0.027212 0.020314 0.017691 0.013066 0.008531 0.004425
0.006838 0.008377 0.010436 0.011059 0.009433 0.005638
0.154740 0.014920 0.015438 0.015546 0.027186 0.026977
0.049121 0.019647 0.017307 0.017156 0.016001 0.017139
0.089290 0.404206 0.055133 0.055770 0.051751 0.051120
0.315646 0.026144 0.047176 0.082196 0.070011 0.057451
0.013927 0.011253 0.011630 0.009280 0.007920 0.007453
0.351238 0.038641 0.073019 0.088695 0.084950 0.077446
0.294405 0.021144 0.043723 0.051788 0.059257 0.055790
1.327863 0.118390 0.146358 0.148410 0.144405 0.131325
0.065606 0.062881 0.062477 0.062560 0.063820 0.067956
0.126799 0.048185 0.030837 0.013867 0.009604 0.010118
0.700438 0.039767 0.052445 0.043551 0.034553 0.029515
0.069173 0.064370 0.061846 0.059567 0.059457 0.061879
0.009366 0.010156 0.009942 0.010410 0.008250 0.004375
0.017843 0.022656 0.031200 0.032006 0.023111 0.011732
0.012297 0.011371 0.013480 0.014818 0.010328 0.007431
0.029647 0.019450 0.018634 0.015352 0.010699 0.005604
0.019196 0.013346 0.010332 0.007118 0.007752 0.004990
0.064217 0.060984 0.060176 0.059223 0.060498 0.063160
0.012963 0.015293 0.014802 0.011926 0.009638 0.006938
0.098542 0.118824 0.030459 0.054045 0.065447 0.031596
0.058045 0.038546 0.032162 0.017972 0.011959 0.012743
0.047646 0.035177 0.054999 0.080021 0.376447 0.239138
0.221926 0.021852 0.015842 0.011537 0.008955 0.006067
0.009801 0.012358 0.018094 0.018119 0.011006 0.006164
0.005918 0.007638 0.008727 0.008769 0.007014 0.006371
0.019616 0.016563 0.022385 0.035734 0.033160 0.011955
0.083889 0.071166 0.065617 0.059701 0.058936 0.060911
0.733211 0.304266 0.296953 0.224774 0.222483 0.223963
1.196640 0.141083 0.140337 0.138694 0.138323 0.134961
0.427544 0.033695 0.015949 0.018786 0.023080 0.014282
0.023094 0.014200 0.019631 0.022646 0.017601 0.011276
0.067652 0.061205 0.061614 0.059372 0.059699 0.067800
1.762270 0.543405 0.958383 0.058579 0.062058 0.062671
0.007913 0.012149 0.013667 0.010442 0.006691 0.005436
0.049031 0.054614 0.056853 0.057759 0.098173 0.087286
0.015309 0.014251 0.016274 0.014814 0.012924 0.007114
0.008966 0.010055 0.016398 0.019404 0.016650 0.016825
0.054538 0.047099 0.045445 0.120270 0.114728 0.103833
0.284622 0.068488 0.067238 0.063524 0.062005 0.063022
0.143469 0.129098 0.041952 0.040490 0.040387 0.042787
0.023672 0.014803 0.012675 0.015478 0.012940 0.007097
0.047724 0.016352 0.019646 0.022225 0.017219 0.007486
0.196097 0.068262 0.066670 0.062217 0.060527 0.063624
0.232238 0.018010 0.018057 0.018511 0.019408 0.021824
0.059104 0.018121 0.024702 0.025395 0.016705 0.008972
0.023457 0.020460 0.019097 0.012551 0.006814 0.007127
0.076699 0.069609 0.063335 0.056781 0.054098 0.056517
0.008282 0.009930 0.013898 0.015516 0.012693 0.006419
2.538585 0.726950 0.556733 0.395485 0.446555 0.460043
0.053085 0.041426 0.037239 0.038518 0.034468 0.049987
0.064600 0.026069 0.046515 0.033921 0.023480 0.021395
0.165622 0.135831 0.019749 0.034049 0.051016 0.043025
0.168301 0.045829 0.065241 0.086497 0.088624 0.074147
0.219608 0.056455 0.056630 0.059414 0.061752 0.065534
0.632390 0.073298 0.075653 0.077201 0.067639 0.256951
0.144597 0.138469 0.137757 0.134583 0.131506 0.132839
0.067688 0.062402 0.059240 0.057596 0.059280 0.065998
0.331370 0.057769 0.051633 0.049744 0.033436 0.031231
0.470534 0.883792 1.139530 0.257741 0.358763 0.182705
0.085285 0.023569 0.013988 0.007966 0.009370 0.006112
0.009827 0.011726 0.014677 0.015651 0.010819 0.006995
0.094731 0.086869 0.078317 0.061279 0.058290 0.057295
0.045100 0.054465 0.059695 0.084052 0.088821 0.038699
0.117810 0.017941 0.012053 0.012119 0.013149 0.010098
0.543882 0.055975 0.016931 0.009339 0.005877 0.003877
0.079996 0.070175 0.061668 0.057925 0.057586 0.061664
0.028147 0.016238 0.015092 0.011436 0.009719 0.007900
0.046803 0.021428 0.022612 0.021911 0.014698 0.009002
0.145404 0.114156 0.019149 0.054335 0.053262 0.044089
0.246798 0.183100 0.185396 0.187422 0.186734 0.185115
0.111814 0.101226 0.019767 0.016109 0.010753 0.006069
0.011854 0.014255 0.015875 0.013693 0.009877 0.006918
0.006311 0.007718 0.009783 0.011963 0.009537 0.007131
0.066108 0.032177 0.047427 0.053231 0.089995 0.075779
0.100197 0.060841 0.057008 0.054913 0.050822 0.053452
0.167346 0.150495 0.015883 0.017064 0.024283 0.016320
1.211151 0.154932 0.154471 0.136200 0.129663 0.131012
0.090264 0.016299 0.012123 0.008397 0.009894 0.006619
0.065432 0.059383 0.048228 0.041092 0.024001 0.042714
0.060812 0.017944 0.012971 0.016473 0.015905 0.010766
1.240328 0.066603 0.084970 0.078479 0.086539 0.071271
0.009439 0.015268 0.017192 0.012317 0.007811 0.005229
0.050934 0.046737 0.043997 0.045785 0.081577 0.071211
0.020951 0.015803 0.021216 0.019175 0.014367 0.008159
0.009688 0.013034 0.013921 0.024133 0.024775 0.022379
0.083263 0.032181 0.042256 0.039446 0.039947 0.022410
0.028696 0.020275 0.020059 0.018967 0.013689 0.007655
1.470940 0.418399 0.065112 0.048624 0.050424 0.054359
0.278988 0.067451 0.067068 0.064569 0.062709 0.063583
0.059566 0.063021 0.057201 0.066040 0.075339 0.064934
0.061441 0.024111 0.026468 0.027226 0.026800 0.027611
0.705921 0.144297 0.164235 0.158904 0.138334 0.112566
0.349617 0.113584 0.112814 0.102575 0.097218 0.098448
0.205819 0.018164 0.017893 0.018250 0.018190 0.019494
0.034714 0.031611 0.026123 0.018327 0.013914 0.008575
0.009772 0.011471 0.016017 0.018886 0.015408 0.007385
0.832530 0.097240 0.097813 0.092528 0.087337 0.088786
0.034009 0.024462 0.023234 0.025759 0.039175 0.029458
0.075366 0.069545 0.065974 0.056316 0.052805 0.057737
0.159314 0.141946 0.019903 0.033506 0.046564 0.021497
0.452464 0.223068 0.077983 0.075111 0.076552 0.084301
0.252251 0.068774 0.068627 0.069526 0.069119 0.070196
1.399685 0.119165 0.138813 0.132472 0.115699 0.095056
0.142958 0.048824 0.049939 0.047980 0.046136 0.047426
0.214441 0.043153 0.066715 0.094770 0.091719 0.079134
0.478877 0.020894 0.017349 0.015681 0.017221 0.014776
0.162658 0.141983 0.141943 0.140015 0.137218 0.136530
0.158066 0.128953 0.019104 0.025223 0.044609 0.037137
0.008153 0.009790 0.012722 0.019002 0.015696 0.012869
0.145278 0.026582 0.023008 0.047283 0.046720 0.019837
0.033010 0.019486 0.017936 0.018084 0.012574 0.006089
0.064834 0.020428 0.013189 0.011687 0.009462 0.007224
0.182483 0.144434 0.038350 0.037409 0.035468 0.037769
0.073586 0.065356 0.019486 0.016420 0.014431 0.017649
0.024327 0.022350 0.020266 0.019025 0.017261 0.010036
0.167091 0.045405 0.048595 0.049829 0.049752 0.046431
0.103004 0.070553 0.066627 0.062016 0.061265 0.064546
0.954763 0.934274 0.686222 0.633993 0.461479 0.439810
0.160756 0.143339 0.023188 0.019130 0.012144 0.006302
0.156446 0.019968 0.017297 0.011908 0.007277 0.005832
