0.354864
0.407058
0.458550
0.453571
0.393999
0.425748
0.366706
0.377681
0.406422
0.345675
0.386503
0.416968
0.349454
0.413123
0.443442
0.384203
0.379586
0.381867
0.406022
0.435355
0.495742
0.411941
0.457998
0.429913
0.420728
0.372994
0.423498
0.401879
0.374667
0.387924
0.461802
0.391849
0.387663
0.388208
0.407194
0.437813
0.471630
0.387263
0.396455
0.421314
0.386883
0.358951
0.434470
0.465073
0.374515
0.438914
0.496228
0.370659
0.425044
0.420941
0.429210
0.491810
0.443332
0.468566
0.450491
0.383425
0.352929
0.502811
0.406157
0.415300
0.495126
0.438467
0.489386
0.471083
0.453117
0.408326
0.377178
0.458458
0.367519
0.448871
0.406696
0.572576
0.407650
0.412790
0.363660
0.497481
0.440994
0.379463
0.427893
0.436865
0.481133
0.359629
0.395837
0.457561
0.363358
0.486035
0.533019
0.337421
0.541548
0.572534
0.363484
0.393892
0.526350
0.405191
0.533209
0.370009
0.385510
0.456470
0.372093
0.423171
0.537666
0.361246
0.551910
0.435228
0.648185
0.420777
0.538917
0.439470
0.488411
0.372153
0.429491
0.486067
0.435382
0.625619
0.580713
0.606529
0.567177
0.463295
0.532815
0.423544
0.450310
0.521731
0.415286
0.481924
0.440704
0.473770
0.467091
0.522396
0.364762
0.552661
0.464997
0.565751
0.558524
0.392194
0.529038
0.448144
0.495042
0.483312
0.371288
0.629694
0.417712
0.577052
0.589046
0.643851
0.460114
0.573181
0.510410
0.597568
0.628678
0.536704
0.589492
0.604877
0.710554
0.665889
0.628560
0.364999
0.434290
0.625827
0.537498
0.480071
0.480759
0.727026
0.719803
0.600635
0.597344
0.659996
0.535092
0.619153
0.549030
0.637683
0.627712
0.494806
0.589000
0.637676
0.580011
0.453157
0.658163
0.565212
0.605320
0.453076
0.425161
0.660847
0.482286
0.635994
0.555394
0.524304
0.513129
0.679883
0.556519
0.556106
0.453239
0.567192
0.488442
0.631662
0.495064
0.602174
0.510771
0.604821
0.636519
0.702483
0.635979
0.629660
0.576736
0.543662
0.690510
0.676931
0.572611
0.713107
0.581991
0.629965
0.649542
0.598600
0.522781
0.667359
0.566232
0.632785
0.690358
0.522418
0.619127
0.658741
0.656274
0.681254
0.657368
0.611887
0.623278
0.623401
0.589747
0.658427
0.574583
0.651264
0.673378
0.650040
0.795624
0.669091
0.645791
0.462268
0.633083
0.599446
0.655011
0.534893
0.556268
0.642072
0.691682
0.544216
0.643983
0.548111
0.606605
0.614197
0.644466
0.561162
0.828989
0.635975
0.660454
0.614605
0.691891
0.707447
0.661520
0.727312
0.657550
0.663809
0.699280
0.588531
0.683243
0.649472
0.649653
0.797377
0.602983
0.733830
0.746448
0.726266
0.666285
2.178754
0.715978
0.728644
0.600628
0.652015
0.691075
0.660940
0.691207
0.592493
0.723065
0.648613
0.498264
0.756580
0.600711
0.683528
0.607713
0.677664
0.627662
0.686902
0.663525
0.828693
0.697091
0.805753
0.853835
0.849058
0.665394
0.659841
0.755830
0.626987
0.873587
0.729060
0.612231
0.749510
0.541420
0.773819
0.842307
0.841061
0.714614
0.860626
0.841291
0.739997
1.542431
0.560275
0.763853
0.677076
0.623404
0.732355
0.631539
0.600090
0.632565
0.739734
0.752091
0.811204
0.822571
0.733941
0.728193
0.588800
0.832654
0.887344
0.910048
0.860291
0.693188
1.781701
0.732193
2.934358
0.678861
0.821804
2.729002
0.752976
0.603373
0.722099
0.660304
0.759762
0.668425
0.703706
0.734369
0.672186
0.741157
0.859856
0.799506
0.641167
0.656585
0.684633
0.930476
1.421617
0.822088
0.873407
0.713203
0.838499
0.861134
0.635413
1.137921
0.699940
0.677323
0.872703
0.701774
0.859309
0.733950
0.745845
0.821164
0.879661
1.751697
0.862936
0.812820
0.640536
0.849594
0.867546
0.834055
0.848996
0.745054
0.868169
0.881705
2.147968
0.815951
0.867081
1.939446
0.804226
0.667708
0.816652
0.743194
0.835561
0.719606
0.808354
0.783887
0.878607
0.893053
0.886871
0.811745
0.679907
0.746253
0.784941
0.875895
1.338134
1.763982
1.196326
0.894766
0.909213
2.204512
0.693960
0.825707
0.767785
0.689830
1.041747
0.848751
0.920614
0.772284
0.912328
0.814147
0.895265
0.790858
0.865246
0.851016
0.675218
2.062434
0.917912
0.999757
0.839696
0.864386
0.861352
1.249061
0.871323
0.836005
0.891129
1.874487
0.850625
0.661695
0.947802
0.873894
0.843956
1.344871
0.838999
0.846352
0.873702
0.863123
0.793612
0.862614
0.723336
0.776958
0.834677
0.892034
0.855474
2.068689
0.864711
0.884610
0.922223
2.699733
0.711928
0.864247
0.783455
0.702064
1.018507
0.696142
2.220556
0.859387
0.882113
0.836330
1.222845
0.973667
0.855345
0.835476
0.673946
1.828409
0.869053
0.904614
0.783288
0.835034
0.816979
2.231051
0.801266
0.834707
0.850618
0.797294
0.857905
0.690062
0.919062
0.763761
0.852826
0.826304
0.861142
0.839933
0.844695
0.857607
1.588082
0.878133
0.744021
