0.000179 0.000107 0.000107 7.1e-05 7.1e-05 0.00025
0.00025 3.6e-05 3.6e-05 3.6e-05 3.6e-05 0.00025
0.000357 0.000429 0.000429 0.000357 0.00025 0.000321
0.00025 0.00025 0.00025 0.000214 0.000179 0.000357
0.000214 3.6e-05 3.6e-05 3.6e-05 7.1e-05 0.00025
0.000286 7.1e-05 7.1e-05 7.1e-05 3.6e-05 0.000357
0.000214 0.000286 0.00025 0.000214 0.000179 0.00025
0.000286 0.000286 0.000286 0.00025 0.000179 0.00025
0.000393 0.0005 0.0005 0.000429 0.000321 0.000286
0.000179 0.000179 0.000143 0.000143 0.000107 0.00025
0.00025 0.000143 0.000143 0.000107 7.1e-05 0.000286
0.000286 0.000143 0.000143 0.000143 0.000107 0.000286
0.000179 7.1e-05 7.1e-05 7.1e-05 7.1e-05 0.00025
0.000286 3.6e-05 7.1e-05 3.6e-05 3.6e-05 0.000286
0.000286 3.6e-05 3.6e-05 3.6e-05 7.1e-05 0.000321
0.000179 7.1e-05 7.1e-05 7.1e-05 7.1e-05 0.00025
0.00025 0.000214 0.000214 0.000179 0.000143 0.000286
0.000321 0.000429 0.000429 0.000357 0.000286 0.000321
0.000286 7.1e-05 3.6e-05 7.1e-05 0.000143 0.000179
0.000143 0.000107 3.6e-05 7.1e-05 0.000179 0.00025
0.00025 0.000107 0.000107 7.1e-05 7.1e-05 0.000286
0.000179 7.1e-05 3.6e-05 3.6e-05 0.000143 0.000179
0.00025 0.000107 0.000107 0.000107 0.000107 0.000357
0.000214 0.000107 0.000107 0.000107 0.000107 0.000321
0.00025 0.000107 0.000107 0.000107 0.000143 0.00025
0.00025 7.1e-05 7.1e-05 7.1e-05 7.1e-05 0.00025
0.000214 0.000107 0.000107 0.000107 0.000179 0.000214
0.000286 0.000321 0.000321 0.000286 0.000214 0.000286
0.00025 3.6e-05 3.6e-05 3.6e-05 3.6e-05 0.000286
0.000286 3.6e-05 3.6e-05 3.6e-05 3.6e-05 0.000286
0.000286 0.000214 0.000214 0.000179 0.000179 0.000286
0.000214 0.000214 0.000214 0.000179 0.000143 0.000214
0.00025 0.000179 0.000179 0.000143 0.000107 0.000321
0.00025 0.000214 0.000214 0.000179 0.000143 0.000214
0.00025 0.00025 0.00025 0.000214 0.000179 0.000286
0.000286 0.00025 0.00025 0.000214 0.000179 0.000321
0.000286 0.000357 0.000357 0.000321 0.00025 0.000357
0.000286 0.000393 0.000357 0.000321 0.00025 0.00025
0.00025 7.1e-05 7.1e-05 7.1e-05 0.000107 0.000286
0.00025 0.000179 0.000179 0.000143 0.000107 0.000321
0.00025 0.000286 0.000286 0.000214 0.000179 0.00025
0.000179 7.1e-05 0.000107 7.1e-05 7.1e-05 0.00025
0.00025 7.1e-05 7.1e-05 7.1e-05 3.6e-05 0.000357
0.000214 3.6e-05 3.6e-05 0.000107 7.1e-05 0.000393
0.000357 0.000536 0.000536 0.000429 0.000321 0.000286
0.000286 0.000107 0.000107 0.000107 0.000107 0.00025
0.000321 0.000214 0.000214 0.000179 0.000143 0.000321
0.000214 7.1e-05 7.1e-05 7.1e-05 0.000107 0.000214
0.00025 0.00025 0.00025 0.000214 0.000179 0.000321
0.000429 0.000607 0.000607 0.0005 0.000393 0.000286
0.000357 0.000536 0.000536 0.000464 0.000357 0.000286
0.000429 0.000571 0.000571 0.000464 0.000357 0.000321
0.000286 3.6e-05 3.6e-05 3.6e-05 3.6e-05 0.000321
0.000321 3.6e-05 3.6e-05 3.6e-05 3.6e-05 0.000286
0.000321 0.000393 0.000393 0.000321 0.00025 0.000357
0.000214 0.000214 0.000214 0.000179 0.000143 0.000286
0.000179 0.000179 0.000179 0.000143 0.000107 0.00025
0.000357 0.000143 0.000143 0.000143 0.000107 0.000286
0.00025 0.000179 0.000179 0.000143 0.000107 0.00025
0.000429 0.000643 0.000643 0.000536 0.000429 0.000321
0.000357 0.000179 0.000143 0.000143 0.000143 0.000286
0.000357 0.000429 0.000429 0.000357 0.00025 0.000286
0.000321 7.1e-05 7.1e-05 7.1e-05 7.1e-05 0.000286
0.000286 0.000143 0.000143 0.000107 0.000107 0.000321
0.000286 0.000286 0.000286 0.00025 0.000179 0.000286
0.00025 3.6e-05 3.6e-05 3.6e-05 7.1e-05 0.000286
0.00025 3.6e-05 3.6e-05 3.6e-05 3.6e-05 0.000286
0.000286 0.000143 0.000143 0.000107 7.1e-05 0.000321
0.000214 0.000143 0.000143 0.000107 0.000107 0.00025
0.000321 0.000107 0.000107 7.1e-05 7.1e-05 0.000286
0.00025 0.000286 0.000286 0.00025 0.000179 0.000357
0.0005 0.000143 0.000179 0.000143 0.000107 0.000321
0.000286 0.000286 0.000286 0.00025 0.000179 0.000321
0.000464 0.000643 0.000643 0.000571 0.000429 0.000357
0.000214 0.000143 0.000143 0.000107 0.000107 0.000286
0.000357 7.1e-05 0.000107 7.1e-05 3.6e-05 0.000321
0.00025 0.000214 0.000214 0.000179 0.000143 0.000286
0.000214 0.000214 0.000214 0.000179 0.000143 0.00025
0.000321 0.000357 0.000357 0.000321 0.00025 0.000393
0.000286 7.1e-05 7.1e-05 7.1e-05 7.1e-05 0.000286
0.000393 0.000393 0.000393 0.000357 0.00025 0.000286
0.000214 0.00025 0.00025 0.000214 0.000143 0.00025
0.00025 0.000179 0.000179 0.000143 0.000143 0.00025
0.000393 0.000536 0.000536 0.000464 0.000357 0.000357
0.000214 0.000107 0.000107 0.000107 7.1e-05 0.00025
0.000357 0.000143 0.000107 0.000107 0.000107 0.00025
0.000464 0.000107 0.000107 0.000107 7.1e-05 0.000321
0.000357 0.0005 0.000464 0.000393 0.000286 0.000214
0.000429 0.000107 0.000143 0.000107 7.1e-05 0.000393
0.000536 0.000214 0.000214 0.000179 0.000143 0.000321
0.00025 0.000214 0.000214 0.000179 0.000143 0.00025
0.000286 0.000179 0.000179 0.000143 0.000107 0.000286
0.000464 0.000357 0.000393 0.000321 0.000214 0.000357
0.000286 3.6e-05 3.6e-05 3.6e-05 3.6e-05 0.000286
0.000286 7.1e-05 7.1e-05 3.6e-05 3.6e-05 0.000429
0.000179 0.000143 0.000143 0.000107 0.000107 0.000214
0.000214 0.000143 0.000143 0.000107 0.000107 0.00025
0.000286 0.00025 0.00025 0.00025 0.000179 0.000357
0.000179 0.000214 0.000214 0.000179 0.000143 0.000286
0.000286 7.1e-05 7.1e-05 7.1e-05 7.1e-05 0.000321
0.0005 0.000643 0.000643 0.000571 0.000393 0.000393
0.000643 0.000929 0.000929 0.000786 0.000571 0.000357
0.000429 0.000393 0.000393 0.000321 0.00025 0.000286
0.000393 0.000571 0.000571 0.000464 0.000357 0.000321
0.000214 0.000286 0.00025 0.000214 0.000179 0.000464
0.000286 0.000107 0.000107 0.000107 0.000107 0.000286
0.000214 0.000214 0.000214 0.000179 0.000107 0.000357
0.000286 0.000214 0.000214 0.000179 0.000143 0.00025
0.000357 0.000107 7.1e-05 0.000107 0.000107 0.000286
0.000214 3.6e-05 3.6e-05 3.6e-05 3.6e-05 0.00025
0.000286 0.000286 0.000286 0.00025 0.000179 0.000321
0.000571 0.000786 0.000786 0.000679 0.0005 0.000393
0.000286 0.000143 0.000143 0.000143 0.000143 0.00025
0.000393 0.000143 0.000214 0.000143 0.000107 0.000464
0.000571 0.000643 0.000643 0.000643 0.000464 0.000571
0.000607 0.000714 0.000679 0.000607 0.000464 0.000536
0.0005 3.6e-05 7.1e-05 7.1e-05 0.000143 0.000286
0.000321 3.6e-05 7.1e-05 3.6e-05 0.000107 0.000321
0.000357 0.00025 0.00025 0.000214 0.000179 0.000393
0.000214 0.000214 0.000214 0.000179 0.000143 0.00025
0.00025 0.00025 0.00025 0.000214 0.000179 0.000321
0.000357 0.00025 0.00025 0.000214 0.000143 0.000321
0.00025 0.000286 0.000286 0.00025 0.000179 0.000286
0.000357 7.1e-05 3.6e-05 7.1e-05 0.000107 0.00025
0.00025 0.000107 0.000107 0.000107 7.1e-05 0.000357
0.000321 0.000143 0.000143 0.000143 7.1e-05 0.000321
0.000321 0.000429 0.000429 0.000357 0.000286 0.00025
0.000571 0.000821 0.000821 0.000714 0.000536 0.000429
0.000321 0.000429 0.000429 0.000357 0.000286 0.00025
0.000286 0.000286 0.000321 0.00025 0.000179 0.000357
0.000321 0.00025 0.00025 0.000214 0.000179 0.000321
0.000321 0.000107 0.000143 0.000107 7.1e-05 0.000393
0.000429 0.000286 0.000286 0.00025 0.000214 0.000286
0.000321 0.000464 0.000464 0.000393 0.000286 0.00025
0.000393 0.000321 0.000321 0.000286 0.000214 0.000321
0.000286 0.000286 0.000286 0.00025 0.000179 0.000321
0.000357 0.000107 0.000107 0.000107 7.1e-05 0.000357
0.000357 0.000143 0.000143 0.000107 0.000107 0.000286
0.000214 0.000107 0.000107 7.1e-05 7.1e-05 0.00025
0.000857 0.00025 0.000107 0.000107 7.1e-05 0.000357
0.000286 0.000143 0.000143 0.000107 7.1e-05 0.000286
0.000571 0.000179 0.000214 0.000143 0.000107 0.000321
0.000679 0.000679 0.00075 0.000643 0.000464 0.0005
0.001286 0.000464 0.000286 0.00025 0.000179 0.000357
0.000357 0.000393 0.000393 0.000321 0.00025 0.000286
0.000607 0.00025 0.000214 0.000179 0.000143 0.000321
0.000321 0.00025 0.00025 0.000214 0.000143 0.000429
0.000393 0.000107 0.000107 0.000107 0.000107 0.000429
0.000893 0.0005 0.000429 0.000393 0.000286 0.000357
0.000464 0.000143 0.000214 0.000143 0.000107 0.000321
0.000643 0.000464 0.000464 0.000393 0.000286 0.000357
0.000607 0.00025 0.0005 0.000357 0.000214 0.000536
0.002143 0.00075 0.000536 0.000429 0.000286 0.000429
0.002179 0.000571 0.000536 0.000464 0.000357 0.000571
0.000893 0.000536 0.000571 0.000464 0.000321 0.000464
0.000571 0.000857 0.000857 0.000714 0.000536 0.000357
0.000286 0.000179 0.000179 0.000143 0.000107 0.00025
0.000214 0.000393 0.0005 0.00025 0.000107 0.000429
0.000286 0.000286 0.000286 0.000286 0.000214 0.000536
0.000357 0.000286 0.000286 0.00025 0.000214 0.000321
0.000464 0.000643 0.000643 0.000536 0.000393 0.000357
0.000821 0.0005 0.000464 0.000393 0.000286 0.000607
0.00125 0.000571 0.000536 0.000643 0.000607 0.000643
0.000679 0.000821 0.000857 0.00075 0.000536 0.0005
0.000286 0.000179 0.000179 0.000179 0.000143 0.000464
0.000607 0.000179 0.000214 0.000143 0.000143 0.0005
0.000464 0.000429 0.000429 0.000357 0.00025 0.000321
0.000821 0.000107 0.000143 7.1e-05 0.000107 0.000321
0.000464 0.000357 0.000357 0.000286 0.000214 0.000357
0.000893 0.000464 0.000464 0.000393 0.000286 0.000464
0.001036 0.001357 0.001321 0.001107 0.000821 0.000536
0.000357 0.000393 0.000393 0.000357 0.000286 0.000321
0.000536 0.000357 0.000357 0.000321 0.000214 0.000357
0.000607 0.000179 0.000357 0.000429 0.000286 0.000536
0.000429 0.00025 0.000286 0.000214 0.000179 0.000321
0.000321 0.000357 0.000357 0.000321 0.000214 0.000286
0.001393 0.000429 0.000607 0.000464 0.000357 0.000643
0.0005 0.000179 0.00025 0.000179 0.000143 0.000393
0.000536 0.00025 0.000286 0.000536 0.000286 0.000429
0.000286 0.000143 0.000143 0.000143 0.000143 0.00025
0.000286 7.1e-05 7.1e-05 7.1e-05 0.000107 0.00025
0.000679 0.00025 0.000643 0.0005 0.00025 0.0005
0.000357 0.000179 0.000179 0.000179 0.000179 0.00025
0.000393 0.000357 0.000357 0.000321 0.000214 0.000429
0.000393 0.000179 0.000179 0.000143 0.000107 0.000393
0.000357 0.00025 0.00025 0.000286 0.00025 0.00025
0.000357 0.000143 0.000143 0.000179 0.000143 0.000357
0.00025 0.001464 0.001821 0.000857 0.000393 0.000607
0.000607 0.000821 0.000857 0.00075 0.000571 0.000607
0.0005 0.000286 0.000286 0.00025 0.000214 0.000464
0.00025 0.000179 0.000214 0.000179 0.000107 0.000357
0.000536 0.000286 0.000286 0.00025 0.000179 0.000429
0.000321 0.000214 0.000214 0.000179 0.000143 0.000321
0.000714 0.000214 0.00025 0.00025 0.000179 0.000429
0.000357 0.000107 7.1e-05 7.1e-05 7.1e-05 0.000286
0.000536 0.000179 0.000143 0.000143 0.000107 0.000429
0.000393 0.000286 0.000321 0.000286 0.00025 0.00025
0.000464 0.00025 0.000286 0.000286 0.000357 0.000429
0.000321 0.000429 0.000393 0.000321 0.00025 0.000393
0.002214 0.001 0.000286 0.000214 0.000429 0.001036
0.000964 0.000571 0.0005 0.000429 0.000321 0.000464
0.000357 0.000464 0.000464 0.000393 0.000321 0.000607
0.000429 0.000214 0.000321 0.000214 0.000143 0.000429
0.000321 0.000286 0.000286 0.00025 0.000214 0.000286
0.001679 0.000536 0.000357 0.000286 0.000214 0.000429
0.001393 0.000321 0.0005 0.000357 0.000357 0.000393
0.0005 0.000393 0.000393 0.000357 0.00025 0.000393
0.001286 0.000393 0.000321 0.000321 0.000286 0.000821
0.000786 0.001036 0.001036 0.000893 0.000643 0.0005
0.001 0.000964 0.000964 0.000821 0.000607 0.000571
0.001429 0.000571 0.000429 0.000393 0.00025 0.000393
0.000429 0.000321 0.000321 0.000286 0.000214 0.0005
0.000393 0.000429 0.000429 0.000393 0.000286 0.000357
0.000214 0.000893 0.001214 0.000786 0.000464 0.000679
0.000643 0.000393 0.000393 0.000321 0.00025 0.000357
0.001143 0.000393 0.000357 0.000286 0.000214 0.000429
0.000179 0.000321 0.000143 0.001536 0.001071 0.00025
0.000321 0.000107 0.000107 0.000179 0.000214 0.000393
0.0005 0.00025 0.000464 0.000286 0.000143 0.0005
0.0015 0.000571 0.000393 0.000393 0.00025 0.0005
0.000786 0.000393 0.000679 0.000464 0.00025 0.000429
0.000964 0.000571 0.000571 0.000464 0.000321 0.000393
0.001321 0.000571 0.000857 0.000607 0.0005 0.000786
0.000643 0.000143 0.000393 0.000321 0.000214 0.0005
0.000571 0.000464 0.001143 0.000964 0.000464 0.000536
0.000786 0.000143 0.000107 0.000143 7.1e-05 0.000464
0.000571 0.000321 0.000286 0.00025 0.000179 0.000286
0.00125 0.000607 0.000286 0.000214 0.000179 0.000464
0.000821 0.000893 0.000893 0.000786 0.000607 0.000571
0.000786 0.000357 0.000393 0.000286 0.000214 0.0005
0.002107 0.001071 0.001071 0.000821 0.000607 0.000714
0.001143 0.00075 0.000786 0.000607 0.000429 0.000357
     
0.001179 0.001393 0.001321 0.001071 0.000786 0.000536
0.000393 0.000429 0.000643 0.000143 0.000214 0.000321
0.000321 0.000143 0.000143 0.000143 0.000107 0.000321
0.000643 0.0 0.000286 0.000214 0.000143 0.0005
0.000464 0.0 7.1e-05 3.6e-05 7.1e-05 0.000357
0.001286 0.0005 0.00075 0.000464 0.000286 0.0005
0.000393 0.000571 0.000571 0.0005 0.000357 0.000429
0.000464 0.00025 0.00025 0.000214 0.000143 0.000321
0.000821 0.000321 0.001393 0.001571 0.000929 0.000714
0.001821 0.0005 0.000321 0.000214 0.000179 0.000536
0.000321 0.000107 0.000214 0.000214 0.000179 0.000464
0.000571 0.000857 0.000893 0.000679 0.000464 0.000393
0.000714 0.001 0.001036 0.000857 0.000643 0.000429
0.000714 0.000107 0.000357 0.000286 0.00025 0.000536
0.000679 0.000143 0.000107 0.000179 0.000179 0.000429
0.000643 0.000821 0.001536 0.001786 0.00125 0.000821
0.0005 0.0005 0.000464 0.000429 0.000321 0.000464
     
0.000643 0.000393 0.000464 0.000357 0.000286 0.000393
0.000893 0.001 0.001071 0.001286 0.000714 0.000821
0.000607 0.000393 0.000429 0.000321 0.000286 0.000893
0.001464 0.000821 0.000393 0.0005 0.00025 0.000464
0.0005 0.0005 0.000464 0.000357 0.000429 0.001036
0.001357 0.00025 0.000429 0.000357 0.000321 0.000607
0.002036 0.000429 0.001286 0.000464 0.00025 0.000536
0.001571 0.002036 0.002036 0.001571 0.001071 0.000679
0.001714 0.000786 0.001 0.000857 0.000536 0.000643
0.001571 0.001821 0.001786 0.0015 0.001071 0.000679
0.001036 0.001107 0.001071 0.000893 0.000643 0.0005
0.001571 0.000429 0.00025 3.6e-05 0.000357 0.00125
0.000964 0.0005 0.000857 0.001 0.000357 0.000429
0.000893 0.000679 0.000857 0.000571 0.000464 0.000393
     
0.000393 0.000321 0.000321 0.000464 0.000429 0.000357
0.000357 0.001179 0.001571 0.001107 0.000929 0.000929
0.001464 0.000429 0.000607 0.002607 0.000786 0.001214
0.001 0.001071 0.001143 0.001143 0.00125 0.001464
0.001321 0.00075 0.000714 0.000571 0.000429 0.000607
     
0.000607 0.001036 0.00075 0.000393 0.000429 0.000357
0.00225 0.001393 0.001214 0.000214 0.000429 0.000321
0.000464 0.000464 0.000464 0.000393 0.000286 0.000429
0.002393 0.001393 0.000929 0.000679 0.000393 0.000464
0.000857 0.000286 0.0005 0.000179 0.000393 0.000786
0.001071 0.000321 0.000179 0.000214 0.000214 0.000429
0.001321 0.000536 0.000536 0.00075 0.000786 0.000714
0.000643 0.000571 0.000571 0.000464 0.000357 0.000429
0.001143 0.000821 0.0025 0.003107 0.002321 0.001286
0.001393 0.000607 0.000429 0.000357 0.000286 0.000679
0.000321 0.000429 0.000429 0.000393 0.000286 0.000393
0.000286 0.001179 0.000536 0.002714 0.001536 0.000464
0.000571 0.000286 0.000286 0.00025 0.000179 0.000393
0.000536 0.001214 0.002679 0.002714 0.0015 0.000893
0.000679 0.000536 0.000571 0.000464 0.000321 0.000393
0.000321 0.001107 0.001643 0.0015 0.001321 0.001214
0.000786 0.000464 0.000429 0.000464 0.000357 0.000393
0.003 0.003393 0.002 0.000679 0.000321 0.000536
0.001571 0.000893 0.000857 0.000714 0.000536 0.001036
     
0.000571 0.000786 0.001071 0.000393 0.000107 0.000429
     
     
     
0.002214 0.001107 0.000643 0.000464 0.0005 0.000857
0.001607 0.000571 0.000393 0.000679 0.000429 0.000536
0.002821 0.003821 0.003143 0.001893 0.00075 0.000643
0.000429 0.000607 0.000607 0.000536 0.000393 0.000464
     
0.001643 0.000179 0.000571 0.000286 7.1e-05 0.000429
0.001071 0.001 0.000964 0.000821 0.000643 0.0005
0.001 0.001107 0.000964 0.001036 0.000714 0.001286
0.000286 0.000357 0.000357 0.000286 0.00025 0.0005
0.000536 0.001536 0.000214 0.004607 0.003107 0.000179
     
     
0.002357 0.000929 0.000607 0.000536 0.000357 0.000464
     
     
0.002321 0.000536 0.000714 0.000429 0.000357 0.001393
     
0.000893 0.001179 0.001179 0.001 0.00075 0.0005
0.002214 0.000464 0.000393 3.6e-05 0.000357 0.000714
0.001143 0.000107 0.000536 0.0005 0.000357 0.000643
0.000821 0.000857 0.000893 0.001 0.000714 0.001179
0.007571 0.002643 0.0005 0.001643 0.002357 0.0025
0.001321 0.000607 0.000357 0.000429 0.00025 0.000321
0.000214 0.000464 0.000821 0.000714 0.000536 0.000643
0.0005 0.000571 0.001 0.00125 0.001321 0.001036
0.000857 0.001429 0.003 0.003107 0.002286 0.001286
     
     
     
0.000464 0.001964 0.002679 0.000964 0.000393 0.000786
0.000357 0.000964 0.00075 0.000393 0.000393 0.000607
0.000429 0.0005 0.0005 0.000464 0.000357 0.0005
     
     
     
     
0.001 0.000643 0.000786 0.000536 0.000429 0.000536
     
0.000393 0.002536 0.002714 0.000536 0.000571 0.000929
     
0.002036 0.001357 0.001321 0.001214 0.00075 0.001214
     
     
0.004357 0.000536 0.000464 0.000143 0.000107 0.000393
0.000679 0.000143 0.000214 0.000179 0.000214 0.000536
0.002964 0.00475 0.005143 0.004286 0.002357 0.001357
0.000464 0.000321 0.000357 0.001 0.000679 0.000357
0.000893 0.001929 0.002786 0.002393 0.002036 0.001607
0.000964 0.000143 0.000357 0.00025 0.000429 0.000321
0.002464 0.001929 0.001607 0.001464 0.000571 0.000286
0.000607 0.001536 0.001821 0.000679 0.000429 0.000643
0.002321 0.002071 0.002 0.002 0.001214 0.000321
0.030071 0.008536 0.012143 0.013107 0.013393 0.011964
     
     
0.0005 0.000214 0.000214 0.000143 0.0 0.0005
0.000714 0.000429 0.000429 0.000393 0.000286 0.000786
0.001393 0.000393 0.000571 0.010143 0.010321 0.000857
     
     
     
     
     
     
     
0.001643 0.002179 0.002143 0.001786 0.001321 0.000893
     
0.002571 0.001036 0.000429 0.001036 0.001 0.001143
0.001286 0.000857 0.001536 0.002321 0.001179 0.002214
     
0.001464 0.000857 0.000929 0.000679 0.000536 0.00075
     
0.002036 0.001036 0.000821 0.001821 0.002643 0.00225
0.004321 0.00025 0.003429 0.0045 0.003679 0.002036
     
     
     
     
     
0.000679 0.00025 0.000821 0.000929 0.001107 0.001
     
0.006929 0.016857 0.014536 0.011643 0.0105 0.014429
     
     
0.004 0.001607 0.00175 0.001357 0.001107 0.001643
     
     
     
     
     
     
     
0.001214 0.000464 0.000464 0.000429 0.000286 0.000643
0.008214 0.010679 0.011964 0.011036 0.007429 0.00425
0.002464 0.001429 0.001679 0.002143 0.000964 0.001214
     
0.006036 0.002536 0.001143 0.000714 0.000786 0.000179
     
0.002357 0.003536 0.002536 0.001286 0.000964 0.001357
     
     
     
     
0.001679 0.001821 0.002893 0.002893 0.001143 0.000571
0.00075 0.000786 0.000857 0.000857 0.000571 0.000786
0.003357 0.000679 0.000964 0.007393 0.007286 0.000821
     
0.032607 0.21175 0.206607 0.192393 0.189357 0.191214
0.052179 0.119 0.118429 0.117143 0.117071 0.114036
     
     
     
     
0.001571 0.002429 0.002643 0.001964 0.001321 0.000964
     
0.004071 0.001929 0.001071 0.00025 0.000679 0.001143
0.001286 0.001036 0.002893 0.0035 0.000357 0.004893
     
     
     
0.01025 0.003429 0.000536 0.001143 0.001179 0.001321
     
     
     
     
     
     
0.001107 0.000464 0.001714 0.002 0.001679 0.001286
     
     
     
     
     
     
     
     
     
     
     
     
0.0015 0.000964 0.001321 0.002 0.000429 0.001071
     
     
     
     
     
     
     
     
     
     
0.001929 0.003143 0.001821 0.000607 0.000321 0.001143
0.000571 0.00075 0.000893 0.00175 0.000679 0.000679
     
     
     
     
     
     
     
     
0.001607 0.003 0.003464 0.002036 0.001107 0.000893
     
0.007107 0.002357 0.002464 0.002143 0.00025 0.001214
0.000929 0.001857 0.001357 0.003 0.001 0.007107
     
     
     
     
     
     
     
     
     
     
0.001821 0.000571 0.001679 0.002036 0.002036 0.001714
     
     
     
     
     
0.030286 0.057964 0.057893 0.059 0.05875 0.059929
     
0.022107 0.041464 0.042607 0.040714 0.038929 0.040286
     
0.028679 0.00875 0.011571 0.013321 0.014893 0.012464
0.023393 0.091143 0.09075 0.08925 0.087214 0.087893
     
0.001071 0.0005 0.000679 0.002536 0.0005 0.0035
     
     
     
     
     
     
0.012536 0.037464 0.040679 0.042 0.041964 0.03875
     
     
     
     
