0.001063 0.001138 0.000967 0.000682 0.000507 0.000439
0.001638 0.001655 0.001309 0.000904 0.000553 0.000473
0.002115 0.002280 0.002022 0.001530 0.001031 0.000781
0.001321 0.001129 0.001119 0.001362 0.001458 0.001256
0.001044 0.000851 0.000605 0.000657 0.000652 0.000630
0.001567 0.001849 0.001642 0.001320 0.001240 0.000982
0.000789 0.000789 0.000741 0.000624 0.000510 0.000448
0.001188 0.001357 0.001254 0.000961 0.000608 0.000563
0.001602 0.001569 0.001363 0.001193 0.000933 0.000685
0.000699 0.000700 0.000529 0.000545 0.000436 0.000351
0.001438 0.001580 0.001397 0.001100 0.000752 0.000578
0.001795 0.002020 0.001772 0.001347 0.000870 0.000644
0.000773 0.000783 0.000677 0.000612 0.000483 0.000379
0.001624 0.001774 0.001559 0.001210 0.000802 0.000593
0.001898 0.001979 0.001462 0.001265 0.001137 0.000889
0.000660 0.000632 0.000565 0.000620 0.000577 0.000554
0.001204 0.001156 0.001018 0.000983 0.000765 0.000638
0.001261 0.001318 0.001197 0.001142 0.000872 0.000673
0.001651 0.001644 0.001349 0.001403 0.001270 0.000864
0.001235 0.000936 0.000596 0.000931 0.001232 0.001024
0.002277 0.002198 0.001775 0.001402 0.001094 0.000958
0.000621 0.000692 0.000538 0.000611 0.000834 0.000780
0.002039 0.001987 0.001690 0.002082 0.002073 0.001378
0.001116 0.001037 0.001050 0.001095 0.001252 0.001064
0.001300 0.001499 0.001380 0.001134 0.001219 0.000947
0.001012 0.001109 0.000870 0.000754 0.000555 0.000519
0.001467 0.001351 0.001441 0.001541 0.001477 0.001036
0.001604 0.001768 0.001489 0.001168 0.000928 0.000685
0.001310 0.001439 0.001243 0.000931 0.000616 0.000504
0.001445 0.001433 0.001119 0.000849 0.000632 0.000528
0.001831 0.002239 0.001761 0.001910 0.001960 0.001431
0.000575 0.000414 0.000377 0.000517 0.000561 0.000533
0.000993 0.000891 0.000974 0.001122 0.000870 0.000677
0.001413 0.001347 0.001151 0.001036 0.000849 0.000645
0.001371 0.001142 0.001091 0.001258 0.001045 0.000802
0.001718 0.001474 0.001170 0.001372 0.001306 0.000993
0.001919 0.001547 0.001522 0.001754 0.001456 0.001028
0.001226 0.001283 0.001113 0.000859 0.000597 0.000561
0.001330 0.001375 0.001185 0.001091 0.001027 0.000764
0.001242 0.001106 0.001090 0.000876 0.001116 0.000960
0.001385 0.001272 0.000911 0.000756 0.000599 0.000536
0.000860 0.000952 0.000828 0.000646 0.000502 0.000453
0.001238 0.001067 0.001208 0.001343 0.001348 0.001118
0.001349 0.001034 0.001561 0.001840 0.001961 0.001586
0.000970 0.001117 0.000991 0.000660 0.000620 0.000550
0.001958 0.002093 0.001731 0.001525 0.001094 0.000852
0.002421 0.002655 0.002182 0.001765 0.001388 0.001005
0.000652 0.000624 0.000690 0.000782 0.000612 0.000505
0.001301 0.001356 0.001369 0.001488 0.001257 0.000924
0.001706 0.001953 0.001946 0.001792 0.001439 0.000910
0.001336 0.001668 0.001544 0.001261 0.001246 0.001014
0.002593 0.002975 0.002574 0.001877 0.001239 0.000992
0.001881 0.002136 0.001908 0.001471 0.000988 0.000724
0.002151 0.002201 0.001742 0.001259 0.000918 0.000676
0.002060 0.002516 0.002347 0.001881 0.001278 0.000853
0.001213 0.001307 0.001160 0.000932 0.000703 0.000628
0.001046 0.001023 0.000858 0.000588 0.000504 0.000394
0.002522 0.002856 0.002592 0.001901 0.001425 0.000980
0.001352 0.001555 0.001582 0.001375 0.000985 0.000736
0.001755 0.001955 0.001868 0.001510 0.001233 0.000866
0.002505 0.002660 0.002585 0.002382 0.001809 0.001104
0.001982 0.002200 0.001819 0.001282 0.000881 0.000656
0.002303 0.002184 0.001714 0.001279 0.001034 0.000788
0.002083 0.002111 0.001685 0.001296 0.001103 0.000893
0.002159 0.002413 0.002037 0.001436 0.000904 0.000614
0.001559 0.001662 0.001431 0.001226 0.000936 0.000758
0.001310 0.001405 0.001261 0.001048 0.000709 0.000570
0.002251 0.002544 0.002215 0.001640 0.001023 0.000702
0.001033 0.001023 0.000861 0.000689 0.000528 0.000475
0.002117 0.002371 0.002027 0.001646 0.001259 0.000888
0.001309 0.001311 0.001405 0.001480 0.001297 0.000943
0.003613 0.003876 0.003035 0.001962 0.001315 0.000903
0.001522 0.001575 0.001460 0.001398 0.001177 0.000913
0.001744 0.001937 0.001679 0.001514 0.001128 0.000812
0.001053 0.001101 0.000946 0.000757 0.000568 0.000471
0.002565 0.002923 0.002577 0.001950 0.001225 0.000793
0.001820 0.001675 0.001171 0.001181 0.000884 0.000725
0.001272 0.001463 0.001221 0.000784 0.000598 0.000571
0.001836 0.001905 0.002015 0.001932 0.001545 0.001100
0.001892 0.002009 0.001524 0.001101 0.000810 0.000631
0.002294 0.002346 0.002074 0.001809 0.001405 0.000887
0.001008 0.001057 0.000846 0.000665 0.000505 0.000419
0.001463 0.001368 0.001181 0.001049 0.000772 0.000574
0.002251 0.002708 0.002577 0.002095 0.001352 0.000881
0.000844 0.000793 0.000749 0.000662 0.000556 0.000486
0.002378 0.002494 0.002020 0.001324 0.000858 0.000629
0.003270 0.003764 0.003074 0.002046 0.001405 0.000889
0.000672 0.000656 0.000506 0.000484 0.000380 0.000325
0.003208 0.003520 0.003177 0.002534 0.001742 0.001084
0.003752 0.004268 0.003518 0.002437 0.001687 0.000984
0.001245 0.001300 0.001097 0.000810 0.000520 0.000447
0.001529 0.001671 0.001556 0.001315 0.000903 0.000601
0.003042 0.003468 0.002889 0.002092 0.001319 0.000828
0.001649 0.001781 0.001509 0.001114 0.000685 0.000533
0.002688 0.002326 0.002169 0.002653 0.002422 0.001705
0.000651 0.000592 0.000546 0.000584 0.000511 0.000467
0.001312 0.001354 0.001298 0.001239 0.000897 0.000625
0.001781 0.001822 0.001943 0.002205 0.001997 0.001419
0.000962 0.001149 0.001142 0.000954 0.000670 0.000559
0.001728 0.002023 0.001764 0.001463 0.001181 0.000847
0.003284 0.003953 0.003536 0.002656 0.001698 0.001013
0.001035 0.001057 0.000937 0.000817 0.000587 0.000492
0.003191 0.003476 0.002721 0.001792 0.001130 0.000691
0.001921 0.002074 0.001692 0.001629 0.001357 0.000975
0.004271 0.003538 0.002763 0.002990 0.002822 0.001939
0.001796 0.002135 0.002089 0.001733 0.001336 0.000868
0.003162 0.003572 0.002930 0.002073 0.001349 0.000876
0.001978 0.002129 0.001737 0.001362 0.000949 0.000643
0.002693 0.003299 0.003082 0.002479 0.001796 0.001054
0.001118 0.001222 0.001130 0.000910 0.000603 0.000519
0.001882 0.002004 0.001870 0.001767 0.001472 0.001041
0.002549 0.002937 0.002557 0.002018 0.001422 0.000939
0.001513 0.001633 0.001905 0.001776 0.001480 0.001061
0.004607 0.005014 0.004187 0.003180 0.002455 0.001613
0.003667 0.004153 0.004477 0.004782 0.004030 0.002382
0.003940 0.004034 0.002989 0.003460 0.003320 0.002216
0.004015 0.004724 0.004350 0.003629 0.002426 0.001305
0.002230 0.002482 0.002033 0.001683 0.001856 0.001283
0.002821 0.003348 0.003368 0.002814 0.001905 0.001180
0.000997 0.000942 0.000986 0.001122 0.001148 0.000922
0.002120 0.002316 0.002000 0.001718 0.001289 0.000941
0.002821 0.003015 0.002385 0.001712 0.001177 0.000831
0.001783 0.001967 0.001670 0.001209 0.000733 0.000575
0.002292 0.002338 0.002069 0.001645 0.001208 0.000803
0.001791 0.001605 0.001767 0.001653 0.001398 0.001033
0.002297 0.002943 0.002808 0.002175 0.001375 0.000879
0.002098 0.001990 0.001680 0.001562 0.001200 0.000781
0.003023 0.003750 0.003726 0.003134 0.001983 0.001214
0.001231 0.001199 0.000865 0.000752 0.000559 0.000468
0.003314 0.003799 0.003210 0.002247 0.001432 0.001014
0.002219 0.002481 0.002227 0.001762 0.001231 0.000838
0.003416 0.003942 0.003733 0.002716 0.002221 0.001563
0.003214 0.003417 0.003113 0.002598 0.001857 0.001075
0.001434 0.001591 0.001295 0.000920 0.000652 0.000559
0.002650 0.002518 0.002072 0.001521 0.001107 0.000848
0.002042 0.002361 0.002018 0.001551 0.001245 0.000920
0.002702 0.003170 0.002803 0.002058 0.001317 0.000854
0.002413 0.002893 0.002518 0.001786 0.001281 0.000785
0.001065 0.001142 0.000986 0.000734 0.000541 0.000507
0.005040 0.005586 0.004277 0.002821 0.001736 0.001080
0.001768 0.001905 0.001565 0.001118 0.000792 0.000607
0.003932 0.004463 0.003721 0.002571 0.001845 0.001070
0.004518 0.005623 0.005249 0.003938 0.002488 0.001459
0.005890 0.007042 0.006049 0.003971 0.002366 0.001275
0.002204 0.002509 0.002054 0.001437 0.000962 0.000648
0.003689 0.004052 0.003164 0.002284 0.001729 0.001042
0.002534 0.002425 0.002191 0.002748 0.002489 0.001600
0.003771 0.003321 0.002549 0.002773 0.002601 0.001917
0.004693 0.005700 0.005121 0.003671 0.002312 0.001269
0.003141 0.003595 0.003019 0.002263 0.001562 0.001023
0.004472 0.005628 0.005272 0.003948 0.002522 0.001538
0.004286 0.005273 0.004595 0.003471 0.002595 0.001627
0.007677 0.008736 0.007247 0.004929 0.002961 0.001501
0.007608 0.008710 0.007850 0.005622 0.003074 0.001696
0.005247 0.006016 0.005343 0.004156 0.002575 0.001552
0.001232 0.001174 0.001013 0.000781 0.000515 0.000443
0.001842 0.001873 0.001339 0.001175 0.000828 0.000621
0.004902 0.005778 0.005086 0.003676 0.002378 0.001563
0.002973 0.003201 0.003962 0.004096 0.003306 0.002438
0.002441 0.002816 0.002802 0.002722 0.002262 0.001410
0.002474 0.002829 0.002536 0.002005 0.001451 0.001263
0.006749 0.006381 0.004179 0.004349 0.003689 0.002474
0.007178 0.005648 0.004489 0.005745 0.006084 0.003702
0.004248 0.005093 0.005097 0.004251 0.002661 0.001544
0.003542 0.003386 0.002694 0.002956 0.003101 0.002290
0.004569 0.004379 0.002861 0.003215 0.003313 0.002473
0.003154 0.003566 0.002906 0.001948 0.001177 0.000764
0.004996 0.006141 0.005293 0.004287 0.002923 0.001538
0.003332 0.003775 0.003269 0.002613 0.001784 0.001064
0.005458 0.006656 0.006374 0.004372 0.002462 0.001304
0.004920 0.005425 0.004352 0.003266 0.002115 0.001251
0.002344 0.002466 0.002483 0.002524 0.002060 0.001189
0.003939 0.004530 0.003964 0.002956 0.001939 0.001173
0.004825 0.005774 0.005882 0.004743 0.002943 0.001897
0.004397 0.005523 0.004933 0.003490 0.002572 0.001481
0.002135 0.002308 0.001812 0.001249 0.000885 0.000665
0.006078 0.007360 0.006271 0.004286 0.003341 0.001973
0.003664 0.004451 0.003975 0.003134 0.002059 0.001220
0.003907 0.004226 0.004862 0.005646 0.004044 0.002367
0.001666 0.001489 0.001392 0.001462 0.001812 0.001372
0.001594 0.001720 0.001565 0.001551 0.001322 0.000884
0.005219 0.006498 0.006078 0.004639 0.002730 0.001555
0.002415 0.002632 0.002283 0.002091 0.001755 0.001090
0.004518 0.004789 0.004305 0.003263 0.002347 0.001417
0.003136 0.003172 0.002653 0.002383 0.001902 0.001263
0.002852 0.003253 0.004116 0.004187 0.003037 0.001662
0.002390 0.002544 0.003208 0.003169 0.002455 0.001676
0.008518 0.009949 0.007610 0.005014 0.003336 0.001965
0.003340 0.004255 0.004723 0.004781 0.003484 0.002007
0.003442 0.004184 0.004447 0.003607 0.002733 0.001785
0.001982 0.002595 0.002634 0.002179 0.001411 0.000959
0.003577 0.004108 0.003784 0.003306 0.002450 0.001587
0.002492 0.002772 0.002836 0.002507 0.001808 0.001247
0.005120 0.005780 0.005036 0.003678 0.002188 0.001240
0.002742 0.003332 0.003047 0.002251 0.001393 0.000790
0.004151 0.004549 0.003521 0.003048 0.002254 0.001399
0.002802 0.003156 0.003145 0.002596 0.002407 0.001670
0.003411 0.004558 0.004599 0.003988 0.004062 0.002439
0.004345 0.004966 0.004180 0.003644 0.003311 0.002195
0.007416 0.008582 0.007149 0.005311 0.005303 0.003305
0.005447 0.006789 0.005199 0.003673 0.002999 0.002127
0.003979 0.003228 0.002476 0.003489 0.003785 0.002672
0.003907 0.004494 0.004021 0.002962 0.001970 0.001214
0.002907 0.003337 0.002919 0.002472 0.002305 0.001490
0.007403 0.007846 0.006212 0.004498 0.002896 0.001862
0.006053 0.006768 0.006586 0.005430 0.003947 0.002254
0.003560 0.004044 0.003649 0.002840 0.002065 0.001556
0.006607 0.006717 0.006876 0.006157 0.004762 0.002724
0.004218 0.005515 0.005202 0.003326 0.002245 0.001642
0.005155 0.006550 0.006813 0.005541 0.003468 0.001976
0.005996 0.007565 0.006901 0.004408 0.002809 0.001597
0.003456 0.003423 0.003024 0.002991 0.003025 0.002102
0.002880 0.003251 0.002847 0.002032 0.001518 0.001021
0.006636 0.008436 0.007999 0.005972 0.003813 0.002395
0.003839 0.004496 0.003745 0.002521 0.001706 0.001068
0.005405 0.006951 0.006882 0.006423 0.004446 0.002333
0.005955 0.006254 0.005742 0.008167 0.006316 0.003456
0.002576 0.002270 0.002174 0.002692 0.002908 0.001902
0.004981 0.005850 0.005045 0.003837 0.002809 0.001838
0.007189 0.008555 0.006930 0.004895 0.002980 0.001734
0.005945 0.006795 0.006357 0.004611 0.002783 0.002255
0.005997 0.007509 0.006681 0.004918 0.003509 0.002017
0.005970 0.007464 0.006237 0.004899 0.003997 0.002329
0.005044 0.006185 0.005327 0.004325 0.002922 0.001774
0.005798 0.008246 0.008626 0.005979 0.003414 0.001944
0.005041 0.006191 0.005076 0.003494 0.002938 0.001910
0.004346 0.005461 0.005087 0.003588 0.002060 0.001137
0.006351 0.007024 0.005222 0.003725 0.002635 0.001597
0.004112 0.004874 0.004057 0.003437 0.002999 0.002240
0.005099 0.005966 0.005774 0.004847 0.002948 0.001640
0.007138 0.008896 0.007714 0.004738 0.003496 0.002148
0.005702 0.006809 0.005586 0.003518 0.001972 0.001125
0.052929 0.052865 0.053667 0.056479 0.066208 0.059432
0.006316 0.006828 0.005280 0.003483 0.002176 0.001494
0.005623 0.007692 0.006832 0.005540 0.003820 0.001969
0.001906 0.001853 0.002376 0.002530 0.002078 0.001380
0.004895 0.005986 0.006021 0.004851 0.003082 0.001761
0.004251 0.004732 0.004042 0.003109 0.002469 0.001518
0.006768 0.008011 0.006747 0.004479 0.002879 0.001642
0.002796 0.002838 0.002666 0.002442 0.001936 0.001267
0.003622 0.004337 0.003856 0.002788 0.001738 0.000973
0.006038 0.008969 0.010328 0.007630 0.003627 0.001941
0.007820 0.008328 0.006186 0.003859 0.002803 0.001743
0.003619 0.004791 0.005055 0.004364 0.002813 0.001593
0.006415 0.007481 0.006725 0.005637 0.003250 0.001776
0.003439 0.004067 0.003681 0.002729 0.001942 0.001325
0.004552 0.005877 0.005951 0.005165 0.003119 0.001708
0.004108 0.004020 0.003519 0.003115 0.003081 0.002231
0.004912 0.007634 0.009612 0.008172 0.004221 0.002262
0.003122 0.003865 0.003554 0.002580 0.002462 0.001947
0.024547 0.027893 0.032945 0.037975 0.045753 0.024352
0.005107 0.006076 0.005279 0.004033 0.003945 0.002354
0.004957 0.005798 0.006861 0.007368 0.005443 0.002717
0.004292 0.004272 0.004843 0.006266 0.005430 0.003315
0.007130 0.009893 0.008065 0.005999 0.003821 0.002436
0.006318 0.005658 0.004821 0.005613 0.005263 0.003383
0.006509 0.007657 0.006529 0.005051 0.003117 0.002023
0.008253 0.008927 0.007012 0.004561 0.003219 0.001675
0.007213 0.008475 0.007180 0.005101 0.003114 0.001624
0.007319 0.008805 0.008000 0.005301 0.002856 0.001596
0.006791 0.007833 0.007576 0.006298 0.004599 0.002649
0.004897 0.006269 0.006043 0.005156 0.003334 0.001799
0.007306 0.009519 0.008625 0.007910 0.006542 0.004051
0.004920 0.006191 0.007836 0.007437 0.004597 0.002477
0.005527 0.006860 0.006125 0.005220 0.004277 0.002684
0.025345 0.018622 0.017336 0.020735 0.018010 0.011096
0.004189 0.004722 0.004597 0.005265 0.004394 0.002454
0.008566 0.009791 0.008888 0.007439 0.004927 0.002878
0.008726 0.009651 0.008671 0.010462 0.008602 0.004806
0.006651 0.006446 0.007473 0.009317 0.006562 0.003748
0.008912 0.010159 0.010071 0.006958 0.004144 0.002230
1.264602 0.780970 0.164969 0.208734 0.283416 0.262647
0.008303 0.008705 0.005973 0.006344 0.004593 0.002765
0.010774 0.010877 0.008545 0.007639 0.004648 0.002331
0.003578 0.003530 0.003148 0.002837 0.002187 0.001403
0.009128 0.011949 0.011689 0.007931 0.004046 0.001947
0.007000 0.007546 0.006874 0.006020 0.004400 0.002615
0.005709 0.005423 0.003545 0.004042 0.003696 0.002414
0.006354 0.007396 0.010167 0.008508 0.004296 0.002264
0.004401 0.005240 0.004547 0.003712 0.002389 0.001470
0.007192 0.009538 0.013746 0.012483 0.005539 0.002868
0.005028 0.006066 0.005137 0.003595 0.003234 0.002426
0.001838 0.001873 0.002090 0.002143 0.001902 0.001541
0.008300 0.008280 0.009234 0.013030 0.009534 0.005508
0.004716 0.005733 0.005102 0.003645 0.002308 0.001295
0.008265 0.011907 0.014052 0.009827 0.004185 0.002380
0.004661 0.005135 0.004086 0.003027 0.002259 0.001500
0.007701 0.010076 0.011118 0.008839 0.005534 0.003532
0.004239 0.005094 0.005463 0.004803 0.003678 0.002137
0.012953 0.010143 0.006442 0.004471 0.002722 0.001591
0.006405 0.007578 0.007733 0.006678 0.004746 0.002599
0.199770 0.206726 0.208164 0.236118 0.234489 0.190014
0.009155 0.010048 0.008349 0.005292 0.003118 0.001610
0.189747 0.202620 0.204489 0.233402 0.226043 0.185706
0.155645 0.169408 0.172690 0.194380 0.199273 0.173122
0.073007 0.173487 0.167817 0.184453 0.181908 0.171886
0.007479 0.009239 0.007723 0.006114 0.004328 0.002381
0.006081 0.007084 0.008481 0.006896 0.003834 0.002659
0.011738 0.012222 0.010743 0.006411 0.003345 0.001848
0.004249 0.004451 0.004208 0.003647 0.002627 0.001624
0.193787 0.207584 0.209379 0.235734 0.237093 0.225733
0.007745 0.008099 0.006134 0.004585 0.003452 0.002008
0.005023 0.005814 0.005041 0.004155 0.003490 0.002242
0.008331 0.008198 0.008386 0.008646 0.006603 0.003799
0.002875 0.002636 0.002406 0.002866 0.002676 0.002060
0.009370 0.011332 0.011658 0.017481 0.012077 0.006862
0.196524 0.208483 0.209740 0.237417 0.233277 0.189547
0.195658 0.208281 0.209039 0.233648 0.227794 0.186660
0.006781 0.008050 0.008053 0.006887 0.004675 0.002991
0.209557 0.209589 0.207970 0.240167 0.238320 0.229554
0.025385 0.018353 0.016581 0.016523 0.018070 0.010564
0.008717 0.007841 0.005416 0.004824 0.005823 0.004582
0.051950 0.033511 0.018533 0.022690 0.023467 0.016680
0.003773 0.004572 0.004205 0.002961 0.002157 0.001387
0.008710 0.009798 0.010178 0.008397 0.004835 0.002499
0.006419 0.006897 0.007131 0.006290 0.003866 0.002528
0.004399 0.004171 0.005271 0.005716 0.005625 0.004121
0.013287 0.010700 0.012446 0.012061 0.009069 0.005417
0.005192 0.006843 0.006698 0.005304 0.003784 0.002016
0.004905 0.006231 0.006507 0.005564 0.003322 0.001860
0.004131 0.006468 0.008402 0.008267 0.004915 0.002696
0.006922 0.009865 0.012602 0.011190 0.005299 0.002877
0.015619 0.011907 0.009938 0.009540 0.008832 0.005836
0.164949 0.176712 0.177929 0.199896 0.204003 0.176964
0.025946 0.029561 0.027409 0.030944 0.030042 0.020093
0.009458 0.011452 0.008492 0.005067 0.004023 0.002549
0.008288 0.010224 0.010471 0.009650 0.005364 0.002491
0.003755 0.004428 0.004684 0.004250 0.003096 0.001818
0.142663 0.161327 0.165521 0.188196 0.194902 0.171094
0.036711 0.082348 0.077551 0.076104 0.074632 0.080657
0.158217 0.169126 0.169236 0.187872 0.193936 0.171003
0.073655 0.082727 0.081993 0.086987 0.105884 0.099179
0.005713 0.007102 0.006444 0.004469 0.003986 0.002850
0.206560 0.182798 0.178571 0.202548 0.204039 0.180447
0.010889 0.014170 0.013007 0.009432 0.007829 0.003821
4.325029 1.436721 1.391842 1.452354 1.308079 0.338876
0.007562 0.008665 0.008989 0.008487 0.006250 0.003551
0.193522 0.205121 0.205892 0.234301 0.228526 0.185896
0.522438 0.036134 0.012896 0.008995 0.007651 0.004461
0.009586 0.009857 0.006320 0.004577 0.003578 0.001976
0.005149 0.006582 0.006364 0.004768 0.002801 0.001744
0.014292 0.015852 0.016962 0.011175 0.005277 0.003015
0.004748 0.005677 0.006326 0.007171 0.005395 0.002829
0.009672 0.012776 0.012419 0.010133 0.006376 0.003642
0.005734 0.005980 0.004938 0.005194 0.005340 0.003291
0.009390 0.013563 0.013395 0.008713 0.004913 0.002651
0.009401 0.010442 0.008268 0.005955 0.004255 0.002230
0.008771 0.012948 0.015246 0.011053 0.006406 0.003221
0.023922 0.012293 0.009050 0.008295 0.008938 0.006529
0.193433 0.206409 0.204485 0.204258 0.240012 0.232968
0.193567 0.204099 0.204232 0.230654 0.226871 0.183557
0.005457 0.007360 0.008050 0.007710 0.004456 0.002224
0.003653 0.003592 0.003866 0.004093 0.003712 0.003426
0.007852 0.013873 0.018944 0.035571 0.018167 0.010960
0.091320 0.211938 0.171076 0.147244 0.129061 0.108655
0.299216 0.178280 0.255910 0.254269 0.263077 0.250690
0.143874 0.155683 0.155160 0.157969 0.193900 0.172977
0.202134 0.268693 0.122283 0.170168 0.159468 0.122119
0.014041 0.012890 0.015629 0.016171 0.008519 0.006328
0.029501 0.040646 0.037119 0.041257 0.043439 0.026204
0.041671 0.024559 0.022403 0.018930 0.018966 0.012841
0.005314 0.006406 0.006305 0.004759 0.003651 0.002457
0.151350 0.130611 0.145587 0.170513 0.182816 0.163903
0.008417 0.007811 0.010122 0.009851 0.005366 0.003600
0.005528 0.006439 0.009079 0.010255 0.008254 0.007120
0.095861 0.112789 0.120345 0.127045 0.148347 0.102702
0.008970 0.009733 0.010406 0.009957 0.005651 0.002827
0.108942 0.202353 0.197071 0.220107 0.215228 0.204749
0.007497 0.008294 0.011883 0.015206 0.008892 0.004874
0.009379 0.012768 0.019969 0.019108 0.007517 0.004078
0.034903 0.029335 0.017781 0.015986 0.015785 0.009322
0.170031 0.183843 0.179155 0.184112 0.221813 0.213778
0.197418 0.206004 0.203699 0.207855 0.608813 0.583707
0.185328 0.195741 0.194115 0.214707 0.213947 0.170796
0.020399 0.014927 0.011276 0.007411 0.005828 0.003195
0.004743 0.006751 0.008021 0.007847 0.005086 0.002699
0.125577 0.138010 0.135648 0.149614 0.160856 0.152249
0.020243 0.017631 0.014841 0.018128 0.019577 0.014202
0.745983 0.247154 0.210799 0.241550 0.231697 0.208263
0.171149 0.199343 0.200591 0.233989 0.218007 0.197295
0.008899 0.008990 0.007538 0.006064 0.005946 0.004514
0.200464 0.217792 0.209394 0.230174 0.222813 0.213662
0.179321 0.153302 0.149982 0.165740 0.168587 0.159897
0.153153 0.225517 0.220885 0.226709 0.219371 0.193451
0.195820 0.207132 0.208486 0.240773 0.227883 0.190608
0.118698 0.265225 0.227551 0.234291 0.239644 0.237946
0.125928 0.049742 0.038512 0.032425 0.049559 0.028099
0.193529 0.203125 0.202110 0.226646 0.223110 0.181459
0.006670 0.007503 0.007266 0.007212 0.005223 0.002843
0.022530 0.021335 0.035127 0.025106 0.011611 0.007595
0.008380 0.008864 0.010290 0.011068 0.006460 0.004175
0.017168 0.017203 0.016235 0.018939 0.019111 0.012997
0.012338 0.010262 0.006630 0.003901 0.005169 0.003810
0.188494 0.199528 0.199568 0.226957 0.222760 0.195120
0.012367 0.011696 0.009653 0.007389 0.005920 0.003808
0.200637 0.117977 0.142678 0.151458 0.157850 0.116157
0.036968 0.074956 0.051471 0.046186 0.067197 0.062243
0.170457 0.188863 0.208411 0.228533 0.173649 0.177877
0.183868 0.034679 0.026346 0.026252 0.021894 0.015469
0.006280 0.009398 0.015460 0.013796 0.006595 0.003533
0.003931 0.005621 0.006024 0.005858 0.004357 0.004597
0.011551 0.015437 0.022886 0.037970 0.020122 0.012849
0.196861 0.201818 0.197348 0.225401 0.203605 0.179960
0.121858 0.263519 0.239087 0.233708 0.218292 0.176929
0.030747 0.012650 0.010570 0.010022 0.011390 0.006426
0.152948 0.165329 0.165824 0.189155 0.191603 0.170132
0.016512 0.021341 0.021249 0.024915 0.020102 0.013218
0.168081 0.196484 0.195504 0.219721 0.212689 0.189826
1.823102 0.860037 0.388414 0.268957 0.239601 0.215590
0.007582 0.010056 0.009247 0.005707 0.004010 0.002977
0.184508 0.191855 0.190306 0.189699 0.229548 0.205428
0.010107 0.010167 0.012993 0.011435 0.007745 0.004779
0.005870 0.007890 0.013333 0.013921 0.014825 0.013071
0.192807 0.205520 0.199449 0.298899 0.279559 0.269749
0.140908 0.213652 0.206843 0.231359 0.214458 0.172601
0.206660 0.102378 0.145410 0.156630 0.159761 0.132854
0.015249 0.011069 0.011229 0.011871 0.006932 0.003711
0.023690 0.027100 0.019531 0.024439 0.038311 0.025630
0.102923 0.211809 0.205631 0.230153 0.218656 0.197210
0.145762 0.074111 0.069556 0.073710 0.076665 0.081550
0.018392 0.016340 0.023978 0.017685 0.008661 0.004953
0.032192 0.040409 0.035810 0.038922 0.047450 0.024133
0.195376 0.200231 0.196142 0.212702 0.207032 0.179763
0.005354 0.008503 0.011825 0.011750 0.006272 0.003092
0.391423 0.501913 0.770072 0.953084 0.964344 0.754230
0.207270 0.205046 0.204499 0.256499 0.231932 0.210229
0.042891 0.028535 0.069386 0.063337 0.055764 0.053381
0.211472 0.080694 0.102965 0.104074 0.123380 0.099245
0.119501 0.211151 0.206753 0.233510 0.227916 0.199652
0.186755 0.210268 0.209188 0.241341 0.230725 0.222950
0.078394 0.092317 0.099724 0.121161 0.078875 0.197338
0.198073 0.211226 0.204920 0.229634 0.223560 0.183402
0.194539 0.203635 0.202526 0.203005 0.244201 0.236580
0.186492 0.234844 0.223119 0.234068 0.235587 0.227292
1.481118 0.978081 0.741774 0.634878 0.976667 1.031018
0.053704 0.029729 0.026103 0.027345 0.024202 0.017314
0.006210 0.008793 0.011791 0.011238 0.007870 0.004647
0.198649 0.203612 0.195735 0.205356 0.186538 0.161228
0.197900 0.209744 0.209356 0.238138 0.232467 0.190899
0.124834 0.139277 0.139860 0.159146 0.163505 0.140291
0.411492 0.035125 0.010425 0.009325 0.008600 0.004545
0.219203 0.208753 0.205599 0.231896 0.226173 0.198023
0.018346 0.027021 0.023108 0.023446 0.022950 0.015630
0.043058 0.045872 0.036440 0.030914 0.048206 0.021960
0.207234 0.115124 0.139967 0.166893 0.158410 0.138981
0.568095 0.197950 0.215304 0.212751 0.086173 0.039446
0.148361 0.020300 0.024173 0.022856 0.023171 0.015487
0.010780 0.011925 0.011707 0.010896 0.006531 0.004039
0.005246 0.005537 0.007001 0.008723 0.006995 0.005171
0.154369 0.161887 0.154644 0.164475 0.198852 0.169991
0.502629 0.499084 0.053591 0.045603 0.052553 0.028291
0.209270 0.033002 0.060142 0.060154 0.070604 0.046058
0.108623 0.226361 0.221759 0.241108 0.222695 0.175712
0.040783 0.043699 0.049703 0.050752 0.059154 0.050091
0.121802 0.217962 0.209969 0.231518 0.222549 0.212565
0.032163 0.017515 0.015006 0.012892 0.013290 0.010138
0.162384 0.126913 0.115628 0.109692 0.119466 0.099871
0.010175 0.013140 0.011836 0.006717 0.004332 0.002876
0.153083 0.159712 0.157360 0.158853 0.198917 0.171246
0.012929 0.012356 0.018220 0.013966 0.010929 0.006697
0.009323 0.010252 0.010672 0.018340 0.021500 0.018018
0.048654 0.090424 0.038244 0.065442 0.063912 0.057683
0.022136 0.014398 0.016737 0.013177 0.007210 0.003851
1.847492 0.418980 0.205044 0.224046 0.220342 0.193835
0.138833 0.211395 0.206423 0.232149 0.218979 0.194873
0.180602 0.179056 0.174867 0.190688 0.192723 0.171875
0.052346 0.070654 0.069738 0.073666 0.075760 0.080313
0.080634 0.212733 0.202700 0.193985 0.171500 0.144687
0.184162 0.198034 0.143421 0.241703 0.216493 0.191480
0.200153 0.208678 0.207020 0.236174 0.234009 0.224830
0.035694 0.033329 0.021249 0.033250 0.029309 0.017624
0.006772 0.009038 0.014405 0.015012 0.007392 0.004148
0.777863 0.225041 0.218532 0.239551 0.222269 0.200196
0.101470 0.104220 0.105591 0.113895 0.133036 0.112666
0.190064 0.187246 0.186360 0.179034 0.208504 0.182227
0.207853 0.060742 0.099043 0.100587 0.111598 0.075410
0.176750 0.224034 0.230097 0.278720 0.261716 0.262434
0.032417 0.014227 0.011564 0.008986 0.010547 0.006365
0.130776 0.212219 0.197225 0.196978 0.172363 0.149321
0.027212 0.009359 0.009002 0.010390 0.012283 0.007741
0.093681 0.212568 0.207754 0.241034 0.224384 0.218430
0.024351 0.014052 0.012323 0.008342 0.008205 0.004627
0.138630 0.170323 0.144554 0.064464 0.013005 0.012701
0.208907 0.077720 0.096640 0.098900 0.120638 0.095725
0.006137 0.008284 0.009580 0.012942 0.012500 0.009129
0.049144 0.061472 0.053778 0.068719 0.050498 0.055141
0.019761 0.015943 0.013819 0.013243 0.007233 0.003478
0.039179 0.047806 0.046289 0.047711 0.053917 0.042115
0.226432 0.096905 0.123386 0.128814 0.143320 0.117292
0.130908 0.051894 0.065536 0.065508 0.074620 0.067052
0.049161 0.045199 0.030567 0.034592 0.046762 0.024258
0.023248 0.013725 0.016491 0.017435 0.018286 0.011501
0.100177 0.213667 0.208998 0.235295 0.221461 0.208600
0.795296 0.316361 0.264224 0.346769 0.381245 0.176083
0.197051 0.023306 0.017738 0.023298 0.021554 0.013639
0.135676 0.014739 0.011051 0.005600 0.004518 0.003124
