0.694007 0.850357 0.911332 1.137476 1.081549 1.266318
0.865148 1.086727 1.240244 1.270177 1.226514 1.486377
1.826344 1.674121 1.683096 1.843615 1.814165 2.166329
2.147064 2.787208 2.590510 2.132719 2.085706 3.234112
2.142285 2.012543 2.207871 2.046116 1.424284 2.144969
2.161127 2.380001 1.469362 2.630880 1.797647 2.687965
0.992513 1.132645 1.143074 1.164408 1.318589 1.509228
1.006681 0.970277 1.155617 1.382101 1.523680 1.758856
0.696388 1.341522 1.570103 1.486587 1.538553 2.016222
0.640947 0.592639 0.897912 0.732094 0.965133 0.997288
1.380925 1.961055 1.575300 1.762343 1.371492 2.017999
0.903948 1.254613 1.357350 1.265847 1.544300 2.114240
0.914621 0.894205 0.791040 0.927611 0.940880 1.067097
0.739789 1.011630 1.143056 1.284983 1.442981 1.733295
1.310987 2.108813 2.283294 1.660874 1.923903 2.494221
1.287357 1.984706 1.431433 1.274797 1.024202 1.972518
1.029448 1.525449 1.505472 1.115524 1.455350 1.786773
0.940297 1.151810 1.360336 1.098515 1.403852 1.888623
1.917533 1.713783 1.975302 1.862296 1.720234 2.526788
1.877451 2.510876 2.444929 2.142725 1.615563 3.181135
1.972804 2.285207 2.167738 2.222266 1.868801 3.210445
1.569711 2.165505 1.705255 1.807669 1.494362 2.855113
2.832121 3.016902 3.245915 2.737159 2.566184 3.589583
1.638729 2.616343 2.620499 1.645277 1.741772 3.011518
1.998153 2.544337 2.780780 2.237594 1.688593 2.886001
1.616592 1.412481 1.647534 1.573913 1.489866 1.628992
1.966133 2.004812 2.037971 1.455534 1.980347 3.035476
1.696392 1.751349 1.737288 1.413154 1.559881 2.130822
0.706803 1.153053 1.301792 1.213237 1.272456 1.445911
0.834082 1.111467 1.216943 1.289528 1.198232 1.555661
2.292829 3.147695 3.525328 3.017747 2.234909 3.887557
1.626638 2.010323 1.355155 1.969285 1.066984 2.085995
1.101962 1.345372 1.982493 1.281882 1.816009 1.974284
1.490245 1.361601 1.517492 1.365163 1.542219 2.057712
1.104329 2.127837 2.034296 1.607959 1.791052 2.516564
1.451623 2.068059 2.243379 1.782385 1.903396 2.612109
1.858053 2.503491 2.630135 2.108715 2.052927 3.054238
1.244435 1.826843 1.735924 1.335688 1.189800 1.923220
1.058208 1.667541 1.886070 1.444028 1.563772 2.353475
1.590954 2.203029 2.066138 2.431997 1.762342 2.805744
1.519071 1.387408 1.811221 1.271671 1.649164 1.836963
0.850045 0.979259 1.062970 1.148503 0.982106 1.343918
1.954838 2.437328 1.550244 2.347016 2.039807 3.074728
2.196782 2.892756 3.050264 2.585387 2.210304 3.690656
1.209930 1.694736 1.606683 1.557092 1.499565 1.685751
2.613496 2.106554 2.637222 1.968095 2.136586 2.756985
1.282768 2.135892 1.958276 2.002034 1.845808 2.667022
1.072721 1.402328 1.167190 1.441648 1.243871 1.581868
1.677955 2.052956 2.046596 1.953848 1.806111 2.933557
2.152453 1.788427 1.904258 1.577783 1.915402 2.526165
1.967592 1.851838 1.632527 2.111791 1.886941 2.924188
2.162715 2.377289 2.525196 2.603993 1.914017 2.754912
0.906855 1.579051 1.644556 1.587492 1.631190 1.947487
1.099750 1.365271 1.595444 1.623130 1.619853 2.065204
0.984834 1.198764 1.405477 1.652431 2.030256 2.212105
1.069485 1.297404 1.227526 1.295923 1.228421 1.985634
0.852856 0.929425 0.982384 1.253791 1.163458 1.238000
1.779711 1.587361 2.303600 2.190440 2.314766 3.206895
1.459420 1.954511 1.548457 1.788403 1.731965 2.326483
1.540047 1.710251 1.726192 1.608382 1.922772 2.655358
1.499125 1.809665 1.727182 1.823259 2.378936 3.045680
1.047251 1.474259 1.499351 1.392796 1.526561 1.953391
1.698224 2.050980 1.879561 1.639614 1.701075 2.498394
1.801682 2.003309 1.936934 1.823868 1.798728 2.518820
0.759629 1.158921 1.284425 1.512074 1.684010 1.858263
0.913569 1.415515 1.489040 1.435168 1.615772 2.068516
1.121409 1.221210 1.291574 1.316252 1.552995 1.794608
0.792537 1.150707 1.387637 1.615770 1.718509 1.936641
1.092540 1.372975 1.326286 1.285021 1.035296 1.595355
1.168304 1.775878 1.869064 1.643771 1.830691 2.509343
1.814626 1.972389 1.892445 2.095319 1.589029 2.486545
0.989025 1.672550 2.015740 1.959412 1.886477 2.412588
1.265454 1.808276 1.710886 1.449050 1.841883 2.418755
1.221486 1.370043 1.523515 1.410966 1.623445 2.163536
1.222208 1.193704 1.066942 1.306844 1.126772 1.382394
1.005271 1.353212 1.559892 1.720125 1.925572 2.278280
2.062717 1.856554 2.448865 1.607857 2.165210 2.326022
1.100999 1.479748 1.381292 1.508913 1.265375 1.687509
1.417222 1.486488 1.450375 1.649194 2.005169 2.746790
1.147582 1.447772 1.591804 1.758864 1.523037 2.099238
1.174986 1.813346 1.998870 1.574180 1.961636 2.498824
0.843450 0.793661 1.164021 0.987359 1.233600 1.287036
1.176038 1.299401 1.411568 1.507265 1.559495 1.767966
1.283582 1.307503 1.383615 1.806221 1.994667 2.405188
1.277185 1.285021 1.156332 1.078532 1.182965 1.579523
1.114356 1.507372 1.733804 1.933341 1.658951 2.022183
0.928818 1.603310 1.804396 1.902374 1.999041 2.611320
0.632595 0.705972 0.629283 0.662270 0.723148 0.796252
1.227230 1.707052 1.855369 1.852330 2.369318 2.632878
1.164298 1.585441 1.900192 2.185869 2.270453 2.666259
0.793458 0.973715 0.915260 1.197677 1.229086 1.349233
0.938932 1.021771 1.238350 1.196133 1.611972 1.744009
1.009513 1.582445 1.546772 1.712526 1.964508 2.138360
0.867474 1.206791 1.144884 1.240392 1.370496 1.490232
2.461839 2.959428 3.311472 2.672765 2.835779 3.943742
1.098763 1.165648 1.107925 1.269207 1.091172 1.651046
0.972432 1.115373 1.369348 1.631683 1.738232 1.904562
2.164695 2.196788 2.374706 2.173455 2.300804 3.836643
0.974619 1.100027 1.110286 1.075943 1.409080 1.596991
1.144545 1.482050 1.608246 1.621874 1.826212 2.357412
1.169913 1.331318 1.851966 1.852324 2.242254 2.550682
0.631600 1.052390 0.976008 1.090256 1.118866 1.510588
0.851677 1.285909 1.662990 1.834616 1.741899 1.899516
1.467723 2.032436 1.773296 1.704313 1.855987 2.687519
2.557898 3.653242 3.725938 2.469640 2.977686 4.472623
1.810534 1.780480 1.919976 1.484761 1.926954 2.483892
0.829066 1.240773 1.712600 1.982444 2.127432 2.294169
0.832199 0.886072 1.257576 1.504337 1.549402 1.888273
1.327513 1.717180 1.836237 1.921182 2.183510 2.746307
0.669455 0.892569 0.942230 1.158347 1.333569 1.593801
1.681171 1.795859 1.882842 1.745875 2.084978 2.779985
1.554001 1.791613 1.890249 1.784976 1.913434 2.385882
2.158358 2.333085 1.801765 2.028728 2.110190 3.157518
2.135547 2.515793 2.330285 2.516903 2.671412 3.827410
2.763549 3.882435 4.000441 3.456245 3.335764 4.738723
3.056036 3.909717 4.437794 3.587557 2.756379 4.931213
1.201384 1.613224 1.959869 2.123790 2.726308 3.184815
1.557337 3.109994 3.211680 2.379638 2.220865 3.571047
1.690306 2.129537 2.005711 1.918683 2.352912 2.754962
1.942039 2.260227 2.127693 2.079779 1.763326 2.942708
1.237873 1.680300 1.824154 1.612283 1.780392 2.752937
1.386229 1.610646 1.820227 1.856315 2.152868 2.324513
0.934277 1.240036 1.181148 1.390399 1.519808 1.760715
1.101364 1.637702 1.648813 1.567951 1.760961 2.308326
1.897143 2.274653 2.341899 2.011479 1.887919 2.684393
1.200483 1.340983 1.757515 2.100400 2.097882 2.463428
1.554581 1.786229 1.743390 1.904810 1.973674 2.233214
1.656554 1.820435 1.785068 2.545774 2.666900 3.147071
0.802120 1.118566 1.425132 1.287766 1.362781 1.504496
1.697560 1.884025 2.103634 2.085821 2.451051 2.849899
1.518133 1.757131 1.563480 2.128195 1.799482 2.263946
2.006436 2.179478 2.438167 3.148600 2.516664 3.679889
1.358705 2.207174 2.273069 1.885163 2.455641 2.914705
1.133343 1.034731 1.494460 1.330304 1.594834 1.766780
1.570659 1.981429 2.052285 2.097826 1.864946 2.216982
1.258149 1.624894 1.776220 2.031593 1.951334 2.440927
1.141795 1.631295 1.615977 1.656245 2.012931 2.276738
1.375339 1.828460 2.148156 1.961066 1.865875 2.364547
0.942568 1.328696 1.340392 1.096413 1.081600 1.690108
1.449675 1.718522 2.156429 2.204767 2.480538 2.630785
1.623451 1.564098 1.391018 1.837064 1.428903 1.785135
1.279272 1.815634 1.973593 2.278443 2.361385 2.856914
1.373783 1.873175 2.142561 2.369654 2.770602 3.228935
1.500554 1.800001 2.322684 2.701090 2.750758 3.206887
1.145871 1.392896 1.473986 1.600991 1.581209 1.860120
1.213888 1.820047 2.462718 2.016736 2.382367 2.838775
1.853020 3.029733 2.783455 2.617134 2.698555 3.636747
2.004444 3.352923 3.589257 3.083276 2.759220 4.253532
1.831096 2.401703 2.329328 2.332025 2.922039 3.364298
1.486362 1.932940 1.929237 1.830238 2.147012 2.854754
2.756384 3.566627 3.031517 4.079379 2.747364 4.412332
2.539124 2.345188 3.162156 2.692048 2.766448 3.700182
1.968705 2.299057 2.558028 2.548046 3.157795 3.450973
1.914216 2.353458 2.489743 2.701622 3.033284 3.340674
1.439637 2.302521 2.713433 2.442132 3.035540 3.597282
1.230637 1.311818 1.206131 1.302310 1.098131 1.481165
1.147967 1.530538 1.788556 1.788129 1.670729 2.029993
2.689486 2.473625 2.305703 2.688891 3.216690 3.784708
3.414824 3.923761 3.212753 3.941854 2.910068 5.871803
2.236373 2.933056 2.979742 3.228778 2.743627 3.765304
2.570980 2.906085 2.612132 2.844211 2.071710 3.462868
2.911697 3.750204 4.148064 3.934353 4.393191 5.134281
3.841594 5.097149 5.754785 4.742502 4.426263 6.717414
3.676930 3.414933 3.003005 3.597140 3.034225 3.919753
3.027230 3.571176 3.816674 2.908146 3.253165 4.634295
3.200575 4.273178 4.799725 3.321530 3.100064 5.940041
2.261187 2.171690 1.827425 2.714594 2.015350 2.566746
1.653170 1.901067 2.174649 2.457844 3.091576 3.466170
1.766943 1.964361 2.058596 2.230628 2.393554 2.801886
1.923463 2.248267 2.570345 2.638456 2.761138 3.223937
1.537772 2.181033 2.199294 2.282505 2.558596 3.245945
1.426504 2.479207 2.505782 2.170403 2.664061 3.036742
1.855403 2.438587 2.121816 2.630533 2.402049 2.901709
2.517594 2.524270 2.206391 3.655312 3.522394 4.390761
1.979759 2.370698 2.313608 2.241107 2.893052 3.649671
2.190358 1.903488 1.833968 2.180110 1.541403 2.233843
1.857271 2.679534 2.771289 2.706932 3.040085 4.349938
2.252403 2.232064 2.665062 2.204479 2.518450 4.021498
3.091277 3.076616 4.164955 3.726014 3.979463 5.285783
2.204578 3.181701 2.860640 1.885845 2.027248 3.830389
2.263656 2.877738 2.219113 2.096251 1.842447 2.859418
2.120422 2.056103 2.339584 2.640771 3.005272 3.640551
2.029635 2.420952 2.353997 2.112217 2.231255 3.007711
1.813749 2.641864 2.858100 2.529664 2.456045 3.120168
1.502202 1.921089 2.161316 2.076542 2.262707 3.057052
1.439209 1.959779 2.140734 2.103915 3.269861 3.954660
2.635270 3.168020 2.760427 2.438348 2.942539 3.924609
2.098036 2.529467 2.921483 3.117722 3.192860 4.035666
3.419549 3.383408 3.002885 2.796376 3.019012 3.979120
2.916712 2.711197 2.532790 3.029364 3.044235 4.077274
1.618277 1.770479 2.459855 1.718722 2.090592 2.638078
2.047936 2.350910 2.288335 2.229565 2.927542 3.529864
1.982747 2.737775 2.260728 2.510372 2.242722 3.427838
1.655608 1.753873 2.243434 2.484816 2.610791 2.878553
1.079685 1.216805 1.296027 1.938217 2.076030 2.216212
1.354413 2.011543 2.124417 2.048128 2.780528 3.405874
2.542169 3.115790 3.196528 3.106343 2.580960 4.367425
3.767816 4.693358 4.481570 3.542461 3.216145 5.099356
3.341996 3.351839 3.689853 2.955207 3.015170 5.004966
4.335730 5.392922 6.168750 4.439147 3.374296 5.638111
2.791364 2.775712 4.119530 3.567931 3.275123 4.589996
3.387844 4.373154 4.444287 3.419659 2.951271 5.445303
1.692590 2.324284 2.557356 2.162699 2.366162 2.963277
1.851159 1.901126 2.842879 2.936556 2.436942 3.809798
2.795458 3.316015 3.051816 4.188962 3.412858 4.272882
2.927502 2.987057 3.660388 4.619646 3.667047 4.926740
3.078484 2.931058 3.307091 2.674193 2.746982 3.716222
3.516858 3.635504 3.493929 3.317712 3.593642 4.716674
2.466162 3.083425 2.417967 3.244551 2.679599 3.626116
2.634974 2.598532 2.559969 3.041410 3.290739 4.163621
2.190106 2.524730 2.869657 3.321494 3.198069 3.768534
2.133674 3.228442 3.263508 2.778592 3.171496 4.392934
1.577507 1.845203 2.055023 2.562707 2.071556 2.775862
3.345667 3.398390 3.639499 3.166986 4.147725 5.223535
3.173617 3.046687 2.398706 3.981685 2.304842 3.830117
2.211093 2.366599 2.573394 2.946562 3.593914 4.530385
3.716411 3.787954 3.678001 4.060974 4.621800 6.585778
2.878720 3.411181 3.663919 2.665670 2.811275 4.540768
2.863818 3.040677 3.350365 2.837379 3.195868 4.226572
2.119996 2.625261 2.776396 3.000307 3.228109 3.582311
3.677045 4.488274 3.835992 5.000473 3.534022 5.801624
3.666184 2.664843 3.925408 4.044207 3.642276 4.721407
2.046859 2.949377 3.464964 2.924623 3.199280 4.362348
3.190222 2.887865 3.733882 3.096731 2.818148 5.276756
2.640033 2.686300 2.392080 3.192192 3.348986 4.142545
2.964290 3.531590 3.806193 2.996270 3.114582 4.721545
1.429936 1.654957 1.778171 2.568615 2.701504 2.969004
2.002705 2.324358 2.510485 2.647715 2.879741 3.711191
3.872065 3.929329 3.710373 3.447396 3.138657 4.731067
2.953038 2.914917 2.955783 2.703557 3.133742 4.026423
2.227442 2.867220 2.903940 3.427032 3.191264 4.398311
2.178945 2.525575 2.777260 2.309683 2.405013 3.136518
11.422021 8.561617 9.808135 7.872732 17.537820 18.735585
2.705874 2.964721 2.729658 2.904088 3.008755 3.407722
3.239505 3.671210 3.372748 3.073866 3.810090 4.410590
3.705134 3.244496 2.981138 3.316093 2.883193 3.812398
2.070620 3.089908 3.075861 2.818744 3.055843 3.852321
2.017870 3.017423 2.956552 2.266405 2.659362 3.690796
1.775482 2.346232 2.623076 2.702153 2.942515 3.407338
1.761734 2.495252 2.312126 1.863060 2.298303 3.087377
1.753738 2.326453 1.972043 2.093306 2.335396 2.580680
3.115104 3.227006 2.565706 2.976830 3.482353 3.784355
1.878755 2.498821 2.970870 3.179804 2.882460 3.767248
2.242254 2.628489 2.749428 2.978185 3.051705 3.551967
2.553494 3.722661 3.797089 3.423064 3.426257 4.047320
2.262106 2.162276 2.515499 2.676947 2.830503 3.304403
2.258715 2.513823 2.825851 2.749123 3.121165 3.609836
2.879006 3.787570 4.455584 3.587912 3.046382 5.188983
3.143474 3.623863 2.902361 3.219828 4.109416 4.492923
2.766833 2.894164 2.362981 3.128538 3.122562 4.514628
4.575559 6.120757 6.424179 5.014706 6.307670 7.596396
3.517422 3.750920 3.183742 2.711933 3.148986 4.981293
3.437500 4.235763 4.490228 3.537551 4.910192 5.494018
3.152376 4.841621 4.445615 3.280221 3.622645 5.591014
4.075443 3.190671 4.915548 4.795112 3.946973 4.925234
3.584160 5.520512 6.164610 4.597486 3.434847 6.386144
3.014594 3.660860 3.493206 3.337885 3.746274 4.347940
3.226671 2.987895 3.076860 2.989149 3.387786 3.950342
2.667555 3.269951 2.750218 3.256439 2.985281 3.984656
2.396454 2.643648 2.962785 3.012508 3.008974 3.562803
3.076960 3.236184 3.267979 3.097336 3.709273 5.590661
2.494600 3.446650 3.324805 2.755153 3.368414 4.044539
3.473002 5.056787 4.761398 4.151767 4.589964 5.209590
3.343991 3.587028 3.378735 3.305254 3.908521 4.865986
2.937748 3.425908 4.041371 3.802870 3.830315 5.487613
3.598630 4.279205 4.509578 4.443942 3.510498 5.360923
2.816847 3.739757 3.673595 3.437040 3.918854 5.095129
3.775145 4.338547 3.795540 3.540253 4.383942 5.583355
4.825543 5.077205 5.876078 4.277800 5.367831 6.618120
4.270702 4.339368 4.736055 3.697526 4.380979 6.066277
2.477801 2.902173 2.593891 2.889469 3.370727 4.372636
23.503503 28.895223 6.136117 9.624061 14.008010 18.160139
3.035437 3.773382 3.974456 3.256305 4.260924 5.455275
2.522949 2.974025 3.322534 3.075177 3.747017 4.181372
1.863066 2.524234 2.290531 2.631698 2.555378 3.401779
2.070946 2.419222 2.724044 3.084732 3.560064 3.872709
3.027009 2.948066 3.452152 3.112636 3.650654 4.475199
3.305373 3.911519 4.362365 4.110880 3.648886 6.144916
2.877791 3.162923 3.853853 3.368868 3.905705 4.607636
4.230000 3.634993 2.859069 3.741965 2.733627 4.018296
5.278588 5.139434 4.399357 3.191248 4.665768 4.971258
3.779626 3.426921 3.059001 3.246707 3.476674 5.325170
3.071931 3.877595 3.029667 4.025156 3.158742 4.459274
4.781831 5.684186 5.086611 4.570198 4.679732 7.332183
2.340693 2.901654 2.564915 2.471717 2.790687 3.142111
3.800771 3.756435 2.839721 3.578193 3.824390 4.414565
1.892230 2.428630 2.785782 3.023693 2.637814 3.638313
4.320375 4.341830 4.511982 4.274247 5.148173 6.601699
3.485981 3.909558 3.426167 3.309594 3.488733 4.903057
2.771246 2.718590 3.948154 3.846208 3.146170 3.851306
3.298204 4.276554 3.497865 2.865831 3.594048 4.730667
7.311658 5.635521 8.047944 15.770901 14.841836 4.509230
2.282880 2.330580 2.928230 3.915046 3.230799 3.748001
3.168426 3.772161 3.434279 5.453394 6.317493 4.554877
8.930119 7.732665 8.660665 21.866194 25.336563 27.572433
3.429916 3.642778 3.884650 6.186794 3.427302 5.437517
2.630129 3.217609 4.092611 3.518808 3.732824 4.561410
4.120620 4.169984 4.834277 3.890454 3.600167 6.425092
2.588986 2.453797 2.470765 3.180221 3.396215 3.997563
2.141299 3.090818 2.765374 2.326248 2.772335 3.678832
3.296264 4.047865 3.861152 5.534389 6.413882 7.878795
2.598281 2.923199 3.473777 3.118266 3.217769 4.787426
3.888094 4.036897 3.686500 3.346621 3.482484 5.144048
4.647498 4.782754 3.985034 3.641272 4.389984 5.305908
4.288317 4.662242 3.614828 4.819318 3.477477 5.499046
5.822245 7.125874 6.183846 5.742891 5.047832 7.206423
4.833572 8.174850 8.712588 15.477581 15.216033 5.517100
3.915446 3.821342 4.082086 4.404183 4.135012 4.615953
3.482819 3.771649 3.994645 4.230784 4.708685 6.112396
6.903520 5.106823 4.617688 5.653082 3.741196 6.778548
11.733796 4.424222 4.220801 5.401667 4.645943 5.950982
4.252789 5.226972 4.953341 4.389243 4.872629 6.839860
17.773588 10.673036 5.945511 5.365145 4.805576 5.689687
1.957147 3.198048 3.159647 2.352867 2.591512 3.478824
3.023280 3.203086 2.884378 3.272776 3.683701 4.662340
3.398970 4.547065 4.532337 3.380773 3.580199 5.188020
5.317064 5.364091 5.247068 4.988514 4.210215 6.482913
5.172537 4.872515 4.831799 5.267417 5.287054 6.167436
1.932549 2.511675 2.507805 2.784591 3.530436 4.316776
2.253217 2.585896 2.873131 2.424922 3.325133 3.670724
4.350532 4.017309 4.298114 4.600009 4.409408 5.452482
4.528739 5.069682 5.169575 5.033197 4.260947 5.168908
3.813551 3.235235 3.230131 4.124905 3.820541 6.298574
9.545086 11.369099 11.932199 25.307011 32.447411 32.811146
3.572037 12.043579 3.778752 3.790935 3.328468 4.262127
3.427425 3.699158 4.219360 3.552583 3.407342 4.500557
3.810861 4.289232 3.677895 3.335074 4.221226 5.064174
2.511750 3.024161 2.872601 3.110386 3.221416 3.876276
8.113750 10.298586 10.178699 25.321534 32.987984 33.439521
4.339120 10.749920 11.426816 8.328491 28.104955 26.865221
9.412532 8.940231 9.951492 22.147143 24.817284 27.376044
3.717058 8.067214 8.293036 6.359373 19.223522 20.463636
4.248839 4.661998 4.328636 3.977997 4.174180 5.590823
4.537324 10.419056 9.160244 22.455446 24.132972 10.115822
4.632579 6.085651 6.681803 5.080915 4.954369 5.585466
30.867463 51.760597 49.293784 35.478085 29.919902 16.708139
4.264895 5.338167 4.248422 3.641858 4.906588 5.978956
2.719313 3.599148 4.136166 4.427365 4.083847 4.797481
25.758981 11.556285 4.929268 3.597759 13.173126 4.955073
3.228900 3.374361 3.693974 3.461961 3.491736 4.848279
3.006930 3.942335 3.091869 2.760760 3.024959 3.840518
4.273542 4.398180 3.620643 4.178114 3.856796 4.862572
3.416502 4.288535 3.861351 3.627660 4.519617 5.507243
3.998328 4.770094 4.422731 4.225942 5.034553 6.133885
3.930146 3.529617 4.085112 3.599624 3.760347 5.907561
3.689251 3.315395 3.149771 3.872076 4.475671 5.608919
3.882831 4.139142 4.050663 3.814214 3.822210 5.004918
4.109743 3.691434 3.266034 3.687443 4.589291 5.480953
6.734978 3.580659 2.971069 3.235436 3.470457 4.106798
3.039898 6.326449 6.023495 11.844791 14.658319 13.297242
2.791094 3.614736 3.170462 6.778260 5.811764 4.438287
3.305956 3.377590 3.207334 4.098512 3.925313 4.849585
7.352731 7.013048 6.328947 6.511099 5.881005 8.196039
7.798759 9.354803 8.448969 9.374188 5.593243 8.182618
4.516113 6.549761 8.517475 4.343566 11.227947 6.357143
12.290104 6.930039 12.687810 21.214701 12.291341 15.549770
11.017991 5.432616 7.567596 6.882287 23.605846 27.487889
7.725177 8.279527 5.718935 6.740194 6.114525 6.877324
8.539597 8.392892 8.506064 8.885645 6.518954 9.769748
6.063895 11.603889 7.895851 8.752555 18.063164 7.316533
11.255598 12.892692 5.777487 6.185680 7.122837 6.527159
3.104515 4.701408 4.887637 3.330654 3.224342 4.775642
3.724322 6.720028 6.582185 13.746510 14.723552 20.589292
3.860146 4.829407 5.700085 4.676808 4.242551 6.086206
7.464821 7.737293 5.547771 7.204744 4.498106 8.246684
7.054378 8.402066 6.965078 7.738861 5.221123 6.942150
2.671323 3.111725 2.998348 3.052101 3.982919 4.572265
3.343472 5.439790 5.240542 6.245761 25.362482 25.083342
5.696257 5.735812 5.290180 5.332984 5.772292 7.705468
7.990591 7.394328 5.506768 6.119745 4.797191 5.977215
11.253745 11.197735 4.135234 5.624711 5.073371 8.449669
4.136779 11.329784 12.178069 8.816399 25.221995 20.062382
31.576373 6.718352 14.384130 30.730811 36.626607 15.702005
11.412040 10.934150 10.792925 9.317375 33.245586 5.058879
3.649829 5.274950 4.904624 3.686137 4.089678 5.565194
5.046691 5.047016 3.516595 3.771677 3.872455 4.663449
5.875691 11.088940 12.655629 27.315281 25.446765 26.383315
6.025839 6.207236 5.424254 7.503300 6.746730 6.796063
25.141997 8.675725 9.068451 5.714052 6.090293 7.242704
8.656641 8.762107 12.329426 19.962850 26.991761 28.292859
5.696232 6.168160 6.082787 5.033786 4.631413 6.357217
5.391574 6.262371 9.176179 21.420755 19.926687 18.678675
7.440571 8.295743 11.178653 29.847423 23.143991 21.157381
9.874096 7.781909 8.251983 28.710760 35.599573 34.078333
6.599930 8.056655 7.228841 6.119930 4.971698 8.997217
3.849120 6.307932 12.416920 13.029649 15.069235 16.835198
16.661482 11.954009 10.638477 4.343645 6.323804 6.011605
4.580973 4.817419 4.584246 5.729500 6.153396 6.786081
4.052520 5.201968 3.884253 4.150649 3.856467 4.988135
6.842691 11.891979 8.908885 4.995074 4.969692 6.081402
4.210096 5.117515 4.593381 4.849241 4.806074 5.557154
3.877028 3.987907 4.269629 8.157917 4.513535 5.231322
4.512839 4.964375 4.399259 3.780235 4.204161 7.164105
3.325188 2.675138 2.773610 5.845486 6.063187 7.507334
4.456998 5.754028 4.668614 5.492712 4.520592 5.991298
8.891908 4.632983 8.479409 21.630021 25.731430 7.300957
3.854611 3.990953 3.561184 4.662413 12.880870 12.332770
5.802053 8.640386 3.970708 21.936544 24.375053 5.638022
4.054946 10.476104 11.702853 7.444070 3.929787 6.095462
5.237187 4.339102 4.089337 4.790860 4.524623 5.656431
10.540842 10.528263 10.051129 8.573019 8.114134 10.377224
9.758174 10.474296 8.271489 9.059174 8.642437 8.526347
4.877264 5.228900 5.585074 5.285421 5.125008 6.894092
10.781151 4.762101 5.747410 4.992329 4.866157 4.221815
17.670331 3.365059 3.865109 4.844542 3.742572 5.481737
7.072257 7.497343 8.597589 20.312483 26.846209 28.856203
9.720818 11.010533 11.487268 11.531927 9.832386 11.944594
6.366959 8.452844 8.120819 6.385033 7.171481 10.476489
41.248444 33.667754 31.513474 9.868434 9.891809 7.414016
3.350025 4.793852 5.031341 4.025004 3.646410 5.403646
6.325426 5.784447 6.422087 5.417008 14.996080 20.028609
4.413766 4.044416 4.290685 6.104535 5.217244 6.520332
9.151906 10.097216 6.699949 9.793667 6.989675 8.550375
9.492245 8.999075 7.586905 10.366175 8.121019 8.299605
4.492247 4.092373 3.813249 6.283178 4.780472 5.169513
9.675802 4.099509 3.345422 5.755939 5.289617 6.122360
5.676700 6.793293 5.654803 5.009946 4.503393 6.466336
8.094893 13.484151 6.970927 7.414088 35.799082 7.323245
7.655496 5.737835 4.633924 6.509714 6.044993 8.800671
5.720048 6.632782 7.157771 5.955629 5.063505 7.029108
6.357018 5.786397 5.456945 5.351097 6.196565 6.906702
3.980261 3.773778 4.110767 7.127050 6.248101 4.310515
10.472874 6.210913 6.011026 5.940278 6.134297 8.153996
6.213776 7.268748 5.126601 4.127222 4.101200 5.320522
28.707574 22.180455 10.280705 11.823299 39.144728 9.645289
11.723057 12.042508 12.780777 9.499973 32.095940 36.194651
8.814721 6.619865 6.966677 8.375515 6.576356 7.369805
10.160944 4.482047 13.109708 5.774139 26.009004 27.940696
10.015723 30.850078 9.772323 22.149017 26.734280 30.354207
5.135908 8.985393 8.341032 5.966264 4.967878 5.437651
17.122020 10.057688 8.352749 8.735251 12.223874 24.996007
6.437951 4.596470 4.121750 8.112434 6.642317 3.980267
5.691777 7.146495 7.394669 5.897712 4.860889 8.965069
4.387356 5.713768 6.534476 6.228679 16.995642 17.947778
33.717164 12.730424 27.881990 32.916659 33.565852 14.652291
5.528248 13.698282 11.907777 9.116521 5.282663 8.001811
5.500132 5.596431 4.761025 5.581906 4.480739 6.564521
10.036131 9.929287 8.309557 8.034025 6.178949 7.740076
9.572362 11.416359 11.142544 26.704629 34.464393 6.510129
6.045642 3.035656 4.203092 5.826984 6.205022 9.482402
12.110803 7.418822 3.997104 3.781299 3.205851 4.427682
9.409371 8.158144 9.303617 6.641843 5.649694 7.070096
10.801642 12.513639 5.942195 6.940606 4.873817 7.148113
6.365728 6.335179 8.194448 6.378609 5.494361 6.780329
7.735048 7.689672 6.211884 13.765279 13.449929 18.973794
5.488251 5.413209 5.033220 4.314090 5.521272 7.544117
10.283379 5.221699 4.665923 7.979748 4.949718 6.535070
6.872643 5.066992 4.873558 5.305026 4.169648 5.720189
12.694617 13.793139 11.596704 8.818725 7.756153 10.767106
9.135105 11.971426 12.800288 8.502974 33.479716 36.418215
7.623883 6.078273 6.805038 5.806953 4.977975 7.747207
5.160552 4.680652 7.587278 3.997625 13.628831 21.345411
36.360534 7.617038 4.016995 5.893152 6.688318 5.908750
7.721135 6.920485 8.245608 7.446308 22.885255 24.902284
7.098797 11.330553 8.105472 7.911926 32.473299 9.235079
6.438255 7.549132 7.459148 6.945627 7.096090 9.020352
10.757769 10.336058 10.972117 10.805123 33.267228 33.144521
3.558913 5.000412 5.193630 4.887319 4.591526 5.608911
6.683854 6.205569 5.879612 6.266159 16.254456 20.956716
5.446565 5.375956 5.273005 5.991705 5.783020 6.951373
11.923483 12.714389 10.569356 8.486198 10.552400 8.198366
11.760245 9.862789 9.044430 9.083085 8.580293 8.246148
4.646858 5.721073 5.639916 4.299559 4.581873 5.630903
44.241716 14.562747 3.596293 5.664573 5.914170 7.476036
7.273797 5.314674 5.333999 6.059356 6.675211 8.805237
9.276380 7.930801 8.004133 24.292297 33.073636 30.778838
8.094178 5.322958 4.709693 5.677664 5.077443 7.708148
7.022473 8.412970 11.462516 7.513017 32.716520 35.533863
6.736120 11.563101 5.186767 6.094958 7.331713 7.268633
8.421550 4.652184 4.148947 6.110942 3.862035 7.222390
16.134037 7.351569 6.487161 10.057860 10.600946 6.907760
7.396207 8.045616 5.840342 5.323591 4.339970 6.060017
8.144299 7.550008 6.437673 8.088155 6.372217 8.685176
11.468373 11.845907 10.882653 8.126728 32.068297 35.654023
9.750127 8.909106 11.049186 7.241097 5.646332 10.092808
11.818704 6.762171 11.532841 7.140476 23.662924 6.977209
38.466745 6.989448 10.796783 7.028493 5.496373 7.407375
7.769574 4.385119 4.395742 4.735581 4.628926 7.196124
13.867874 11.900379 11.656315 27.845198 34.002207 34.226625
5.931217 5.200751 4.105647 4.099723 3.511172 4.507418
13.944108 10.297025 14.053013 17.548648 10.392380 18.183944
6.345812 6.176336 5.574382 5.678854 5.072277 6.537673
11.568215 7.945143 5.496758 10.009965 16.307762 32.055593
15.363764 6.586680 11.826068 8.833097 35.477590 34.891484
7.038340 7.078503 6.616496 6.457804 4.945102 8.134271
12.940740 11.692816 10.597963 8.334690 7.789842 8.856954
6.739740 5.088338 6.295238 5.945460 5.104737 7.004309
36.695578 8.719083 9.772913 9.401576 25.044770 129.716066
9.890876 4.701033 3.815729 4.230037 6.764357 6.509932
7.275343 4.408875 3.274326 6.243112 5.019168 4.918454
6.361818 8.302384 9.976628 7.856131 27.998420 7.848547
5.580112 7.109112 3.799877 4.294377 5.076194 4.619502
4.868676 5.650517 3.351327 5.744969 5.837531 5.446074
22.375874 20.024504 6.578122 15.726018 5.781111 7.290708
13.022060 5.996790 4.880742 8.200155 4.565337 6.248750
6.020971 5.199657 4.883108 5.812668 4.055296 5.805776
