0.002343
0.003177
0.003994
0.002762
0.002056
0.003400
0.001861
0.002737
0.003042
0.001645
0.003007
0.003600
0.001790
0.003294
0.003614
0.001568
0.002447
0.002637
0.003168
0.002487
0.003948
0.001829
0.003781
0.002503
0.002904
0.002302
0.003090
0.003258
0.002795
0.002836
0.003830
0.001382
0.002368
0.002734
0.002565
0.003074
0.003255
0.002573
0.002729
0.002423
0.002684
0.002077
0.002707
0.003513
0.002339
0.003729
0.004396
0.001888
0.002936
0.003658
0.003196
0.004816
0.003766
0.003909
0.004342
0.002624
0.002208
0.004620
0.003134
0.003579
0.004458
0.003879
0.003943
0.003766
0.004049
0.003117
0.002754
0.004202
0.002231
0.004052
0.002946
0.005984
0.003005
0.003489
0.002299
0.004727
0.003299
0.002805
0.003723
0.003620
0.004077
0.002220
0.002821
0.004554
0.001848
0.004266
0.005808
0.001593
0.005516
0.006429
0.002610
0.003143
0.005410
0.003319
0.004355
0.001480
0.002739
0.003852
0.002497
0.003566
0.006019
0.002251
0.005515
0.003699
0.006097
0.003881
0.005458
0.003784
0.005189
0.002540
0.003576
0.004770
0.003533
0.007218
0.007307
0.006174
0.006789
0.004138
0.005491
0.002499
0.003972
0.004915
0.003491
0.004094
0.003328
0.004911
0.003742
0.005866
0.002513
0.005702
0.004213
0.006113
0.005362
0.002956
0.004390
0.003996
0.005048
0.004700
0.002366
0.007973
0.003474
0.006535
0.008175
0.009667
0.004172
0.006287
0.004492
0.005731
0.007935
0.005467
0.008039
0.007592
0.011815
0.011753
0.008526
0.002474
0.003441
0.008055
0.006367
0.004746
0.004621
0.009613
0.010473
0.007639
0.005556
0.006817
0.005594
0.008552
0.005727
0.009146
0.007709
0.004500
0.006736
0.008571
0.007841
0.003976
0.009946
0.006630
0.008285
0.003366
0.003194
0.009202
0.004425
0.006879
0.005184
0.006578
0.005326
0.012562
0.007260
0.006648
0.004588
0.006148
0.004802
0.008151
0.005244
0.006781
0.005160
0.007110
0.007028
0.011097
0.009229
0.005800
0.006637
0.005271
0.010746
0.009537
0.006144
0.009616
0.007816
0.009878
0.010160
0.005588
0.005172
0.011500
0.006716
0.009589
0.011312
0.004938
0.008113
0.011349
0.009489
0.010180
0.009783
0.008539
0.011976
0.008520
0.007763
0.009604
0.007097
0.008446
0.011401
0.009364
0.023795
0.009417
0.010483
0.004275
0.008758
0.006876
0.010707
0.004718
0.006474
0.013445
0.011311
0.007459
0.010015
0.006157
0.008513
0.005963
0.012289
0.005874
0.021856
0.008321
0.010702
0.008572
0.012654
0.008649
0.010550
0.013008
0.011202
0.011658
0.010703
0.008752
0.012179
0.010591
0.009408
0.026863
0.007764
0.012638
0.015096
0.011787
0.013456
1.133967
0.011956
0.018192
0.005578
0.015035
0.010138
0.008160
0.012945
0.007549
0.017194
0.008522
0.003889
0.016919
0.008112
0.017283
0.007528
0.014765
0.007885
0.015058
0.010523
0.090370
0.012619
0.065940
0.076169
0.153929
0.011986
0.011155
0.015629
0.006643
0.064842
0.011238
0.008218
0.012717
0.004714
0.021688
0.091213
0.065738
0.011154
0.252520
0.017455
0.012970
0.415847
0.006672
0.016403
0.009787
0.008871
0.021698
0.009288
0.009190
0.011415
0.015854
0.021169
0.079339
0.031169
0.013926
0.014091
0.006985
0.073713
0.096180
0.074649
0.165393
0.009875
0.822618
0.018253
2.219905
0.011788
0.063029
1.690506
0.016992
0.009463
0.020990
0.010165
0.016543
0.008512
0.016602
0.013270
0.018505
0.355864
0.091734
0.069985
0.010930
0.006333
0.031052
0.570803
0.722253
0.066875
0.181681
0.021097
0.050941
0.039782
0.009283
0.369959
0.013587
0.014073
0.043501
0.013262
0.107343
0.017992
0.024254
0.028950
0.200002
0.918073
0.062748
0.027212
0.011059
0.154740
0.049121
0.404206
0.315646
0.013927
0.351238
0.294405
1.327863
0.067956
0.126799
0.700438
0.069173
0.010410
0.032006
0.014818
0.029647
0.019196
0.064217
0.015293
0.118824
0.058045
0.376447
0.221926
0.018119
0.008769
0.035734
0.083889
0.733211
1.196640
0.427544
0.023094
0.067800
1.762270
0.013667
0.098173
0.016274
0.019404
0.120270
0.284622
0.143469
0.023672
0.047724
0.196097
0.232238
0.059104
0.023457
0.076699
0.015516
2.538585
0.053085
0.064600
0.165622
0.168301
0.219608
0.632390
0.144597
0.067688
0.331370
1.139530
0.085285
0.015651
0.094731
0.088821
0.117810
0.543882
0.079996
0.028147
0.046803
0.145404
0.246798
0.111814
0.015875
0.011963
0.089995
0.100197
0.167346
1.211151
0.090264
0.065432
0.060812
1.240328
0.017192
0.081577
0.021216
0.024775
0.083263
0.028696
1.470940
0.278988
0.075339
0.061441
0.705921
0.349617
0.205819
0.034714
0.018886
0.832530
0.039175
0.075366
0.159314
0.452464
0.252251
1.399685
0.142958
0.214441
0.478877
0.162658
0.158066
0.019002
0.145278
0.033010
0.064834
0.182483
0.073586
0.024327
0.167091
0.103004
0.954763
0.160756
0.156446
