0.001711
0.002150
0.002841
0.002080
0.001205
0.002530
0.001388
0.001992
0.002182
0.001134
0.002299
0.002714
0.001376
0.002463
0.002276
0.001175
0.001799
0.002014
0.002321
0.000998
0.002590
0.001089
0.002656
0.001879
0.002248
0.001579
0.002392
0.002389
0.002087
0.001910
0.002705
0.000827
0.001682
0.001933
0.001905
0.001982
0.002233
0.001926
0.001974
0.001706
0.001663
0.001492
0.001829
0.002223
0.001622
0.002678
0.003068
0.001288
0.002158
0.002886
0.002249
0.003481
0.002833
0.002637
0.003281
0.002025
0.001537
0.003529
0.002430
0.002694
0.003540
0.002788
0.002670
0.002516
0.002958
0.002342
0.002073
0.003132
0.001633
0.002850
0.002319
0.003983
0.002359
0.002585
0.001747
0.003510
0.002043
0.001932
0.002913
0.002404
0.002959
0.001539
0.001988
0.003433
0.001346
0.002977
0.004065
0.001122
0.004191
0.004435
0.001925
0.002439
0.003864
0.002435
0.002969
0.001071
0.002096
0.002977
0.001878
0.002644
0.004467
0.001692
0.003786
0.002640
0.003892
0.002989
0.003880
0.002773
0.004004
0.001910
0.002847
0.003479
0.002522
0.004889
0.005403
0.004158
0.005043
0.002980
0.004140
0.001740
0.003019
0.003376
0.002578
0.002990
0.002496
0.003611
0.002575
0.004438
0.001550
0.004041
0.003199
0.004554
0.003931
0.002071
0.003001
0.002860
0.003723
0.003398
0.001764
0.005329
0.002512
0.004592
0.005901
0.006598
0.002982
0.004100
0.003323
0.003589
0.005804
0.004018
0.005876
0.005446
0.007787
0.007997
0.005899
0.001814
0.002188
0.005616
0.004727
0.003590
0.003495
0.005343
0.005772
0.005621
0.003732
0.004032
0.003892
0.006106
0.004084
0.006629
0.005340
0.003602
0.004785
0.006165
0.005509
0.002776
0.006927
0.004805
0.005365
0.002022
0.002428
0.006457
0.003307
0.004859
0.003576
0.004797
0.003652
0.008148
0.005470
0.004897
0.003423
0.004763
0.003766
0.005766
0.003916
0.004531
0.003852
0.004709
0.004684
0.007500
0.005878
0.003761
0.004854
0.003803
0.007314
0.006972
0.004261
0.007063
0.005373
0.007260
0.007075
0.003997
0.003656
0.007753
0.004662
0.007332
0.006793
0.002824
0.005649
0.007506
0.006835
0.007058
0.007021
0.005940
0.008044
0.005755
0.005665
0.006298
0.005069
0.006261
0.007975
0.006404
0.018118
0.006368
0.006847
0.002938
0.006389
0.004866
0.007348
0.003560
0.004682
0.008925
0.007094
0.005663
0.007023
0.004355
0.006018
0.004667
0.008549
0.004353
0.011371
0.005982
0.007542
0.005840
0.007960
0.005699
0.007258
0.007943
0.007712
0.008003
0.007699
0.006628
0.008274
0.007580
0.006666
0.010633
0.005161
0.008742
0.009594
0.007631
0.009278
0.315196
0.007208
0.009403
0.004152
0.010707
0.007684
0.004722
0.008590
0.005195
0.010581
0.005965
0.002847
0.009172
0.005737
0.010943
0.005016
0.009798
0.005926
0.009866
0.008064
0.062199
0.008931
0.063605
0.054725
0.016243
0.007802
0.007789
0.010563
0.004973
0.063962
0.007191
0.005837
0.008319
0.003434
0.010782
0.064398
0.062338
0.008301
0.046987
0.012123
0.006509
0.046923
0.004845
0.010441
0.007091
0.006122
0.010987
0.007056
0.006809
0.008007
0.010548
0.009565
0.059284
0.010390
0.009026
0.009489
0.005527
0.049305
0.013543
0.056491
0.012777
0.006491
0.099516
0.011045
1.049199
0.009293
0.061495
0.235018
0.008156
0.006714
0.014605
0.006493
0.011060
0.005939
0.011206
0.008822
0.012339
0.060145
0.067475
0.065160
0.007797
0.004194
0.013633
0.018742
0.025054
0.041365
0.029156
0.013744
0.011084
0.020336
0.006390
0.013760
0.009008
0.008956
0.029420
0.009348
0.010765
0.010500
0.014043
0.012649
0.050857
0.022262
0.053179
0.013860
0.008204
0.035745
0.014340
0.020047
0.015079
0.007976
0.019300
0.015222
0.106496
0.063973
0.013500
0.083435
0.062715
0.007741
0.022191
0.009886
0.013786
0.009441
0.061070
0.011721
0.066485
0.013883
0.052442
0.033995
0.011494
0.006551
0.016584
0.066703
0.197599
0.208364
0.072720
0.014586
0.040340
0.077914
0.008576
0.066518
0.010574
0.011123
0.080985
0.013674
0.017825
0.011061
0.013805
0.020867
0.022877
0.016838
0.014005
0.062840
0.010349
0.129121
0.038524
0.028559
0.025602
0.032006
0.017578
0.111538
0.101076
0.062034
0.018296
0.174732
0.015026
0.010536
0.072797
0.060056
0.013938
0.078764
0.064744
0.012050
0.020441
0.017704
0.128028
0.036162
0.010410
0.007332
0.060786
0.062587
0.042329
0.084702
0.015620
0.026085
0.015981
0.142078
0.010708
0.053055
0.013301
0.013275
0.027199
0.016522
0.170460
0.014058
0.063974
0.015070
0.014757
0.029170
0.048607
0.021077
0.011675
0.061471
0.025023
0.062957
0.029965
0.018838
0.053382
0.133080
0.036829
0.026937
0.080003
0.105122
0.028244
0.011017
0.039573
0.017072
0.016618
0.029653
0.034488
0.016850
0.041162
0.037001
0.349879
0.049808
0.027763
