0.066430
0.097535
0.115239
0.099327
0.076435
0.104489
0.062355
0.077300
0.097443
0.051876
0.089157
0.100673
0.052981
0.099853
0.111351
0.055804
0.081819
0.080142
0.095673
0.090185
0.128764
0.058496
0.116167
0.088736
0.078115
0.061359
0.092778
0.092051
0.085221
0.090999
0.105105
0.056372
0.070135
0.091512
0.090291
0.109691
0.121696
0.081126
0.081479
0.086811
0.090975
0.054921
0.087452
0.097937
0.070953
0.108726
0.127932
0.052112
0.087843
0.102712
0.083602
0.125653
0.110378
0.118908
0.108009
0.076470
0.070894
0.129774
0.080532
0.098235
0.127779
0.108676
0.126118
0.120347
0.113194
0.098949
0.085484
0.114631
0.070079
0.112220
0.084335
0.154304
0.094295
0.098695
0.068711
0.128845
0.110439
0.076551
0.105005
0.108250
0.122823
0.067643
0.093693
0.111636
0.062028
0.124137
0.141552
0.049569
0.144242
0.154611
0.079102
0.091858
0.140435
0.096915
0.143163
0.055096
0.082811
0.104816
0.065876
0.096786
0.140241
0.069153
0.146041
0.108699
0.184652
0.099172
0.141351
0.108449
0.123339
0.074391
0.105198
0.124234
0.100454
0.174815
0.159931
0.170676
0.156007
0.117709
0.140090
0.078571
0.112125
0.136506
0.099702
0.123686
0.110363
0.113656
0.118396
0.136878
0.082427
0.145928
0.117765
0.150684
0.148596
0.086955
0.139443
0.111547
0.127588
0.123966
0.068387
0.175380
0.101255
0.158444
0.164312
0.185763
0.116054
0.156154
0.134331
0.166212
0.177136
0.144629
0.165523
0.168609
0.197627
0.191441
0.178029
0.082733
0.106888
0.174807
0.140433
0.123946
0.122849
0.214252
0.217121
0.168605
0.164994
0.189389
0.141360
0.175307
0.147586
0.182177
0.176880
0.128234
0.162254
0.177908
0.155256
0.113294
0.189170
0.150684
0.165841
0.112583
0.095602
0.191019
0.123666
0.177587
0.147602
0.138407
0.134697
0.198786
0.148911
0.147454
0.104443
0.154316
0.124957
0.176973
0.125968
0.163686
0.132515
0.172537
0.177130
0.206032
0.172146
0.177736
0.157754
0.144163
0.201640
0.195626
0.158256
0.210800
0.159473
0.178312
0.185890
0.166290
0.137103
0.196940
0.155070
0.182032
0.202300
0.139242
0.173929
0.192113
0.186962
0.199851
0.189538
0.170662
0.175820
0.177296
0.159280
0.188986
0.154050
0.188237
0.193476
0.185842
0.203318
0.192927
0.178274
0.112334
0.179101
0.163951
0.189147
0.141353
0.147992
0.184774
0.201897
0.140721
0.184073
0.145877
0.168647
0.170593
0.180934
0.151868
0.200028
0.181440
0.189744
0.175568
0.179865
0.208869
0.192314
0.203628
0.188940
0.188540
0.206920
0.161188
0.200320
0.187815
0.188766
0.204595
0.164305
0.199635
0.211975
0.216492
0.187205
0.202247
0.211132
0.200100
0.164535
0.184918
0.203291
0.189635
0.201496
0.160887
0.213351
0.185736
0.117841
0.214854
0.166677
0.199474
0.172246
0.203307
0.177642
0.203237
0.190569
0.199336
0.200983
0.210852
0.196636
0.221465
0.194300
0.194861
0.189946
0.174115
0.194907
0.210221
0.171839
0.213858
0.143491
0.210203
0.203742
0.213781
0.214791
0.202586
0.209870
0.223011
0.195730
0.150501
0.216820
0.197679
0.179946
0.208619
0.182210
0.164137
0.177193
0.222667
0.193125
0.197811
0.207639
0.194009
0.216444
0.163601
0.212891
0.210826
0.196678
0.209640
0.205192
0.236451
0.214467
0.405891
0.192398
0.195250
0.407511
0.199609
0.169719
0.213508
0.189998
0.198550
0.191987
0.205493
0.192988
0.193931
0.195860
0.198022
0.206927
0.189713
0.166415
0.204193
0.210326
0.210252
0.216465
0.234551
0.209883
0.210206
0.204629
0.185725
0.215536
0.204842
0.197978
0.216869
0.204237
0.192089
0.218977
0.230047
0.192129
0.216114
0.200821
0.209613
0.220313
0.185962
0.225070
0.205746
0.196433
0.205536
0.225755
0.229189
0.232184
0.230942
0.207504
0.202705
0.214764
0.225251
0.193573
0.223012
0.223555
0.219842
0.203618
0.211591
0.208783
0.198990
0.208020
0.223011
0.204589
0.198532
0.179478
0.234666
0.212888
0.271101
0.298471
0.213351
0.231569
0.217319
0.315226
0.202236
0.215462
0.191408
0.204048
0.227305
0.185247
0.205977
0.216875
0.219457
0.210784
0.202864
0.209223
0.228483
0.217749
0.203902
0.246681
0.226874
0.194981
0.207603
0.224884
0.228825
0.307763
0.231516
0.219781
0.206574
0.225835
0.217189
0.197940
0.231140
0.228590
0.225017
0.322653
0.211015
0.207930
0.212873
0.187661
0.213353
0.191012
0.212370
0.199848
0.244454
0.218912
0.221143
0.218215
0.224953
0.225021
0.215656
0.208263
0.209582
0.215682
0.187102
0.224684
0.234120
0.191122
0.290695
0.219856
0.222694
0.226631
0.201432
0.208349
0.231025
0.226776
0.209718
0.232846
0.234716
0.221074
0.216749
0.237190
0.220981
0.224059
0.224695
0.223723
0.206316
0.224846
0.217651
0.206665
0.228119
0.225588
0.223787
0.207401
0.207773
0.218131
0.220768
0.198021
0.197754
0.202241
0.221799
