0.050000 0.030000 0.030000 0.020000 0.020000 0.070000
0.070000 0.010000 0.010000 0.010000 0.010000 0.070000
0.100000 0.120000 0.120000 0.100000 0.070000 0.090000
0.070000 0.070000 0.070000 0.060000 0.050000 0.100000
0.060000 0.010000 0.010000 0.010000 0.020000 0.070000
0.080000 0.020000 0.020000 0.020000 0.010000 0.100000
0.060000 0.080000 0.070000 0.060000 0.050000 0.070000
0.080000 0.080000 0.080000 0.070000 0.050000 0.070000
0.110000 0.140000 0.140000 0.120000 0.090000 0.080000
0.050000 0.050000 0.040000 0.040000 0.030000 0.070000
0.070000 0.040000 0.040000 0.030000 0.020000 0.080000
0.080000 0.040000 0.040000 0.040000 0.030000 0.080000
0.050000 0.020000 0.020000 0.020000 0.020000 0.070000
0.080000 0.010000 0.020000 0.010000 0.010000 0.080000
0.080000 0.010000 0.010000 0.010000 0.020000 0.090000
0.050000 0.020000 0.020000 0.020000 0.020000 0.070000
0.070000 0.060000 0.060000 0.050000 0.040000 0.080000
0.090000 0.120000 0.120000 0.100000 0.080000 0.090000
0.080000 0.020000 0.010000 0.020000 0.040000 0.050000
0.040000 0.030000 0.010000 0.020000 0.050000 0.070000
0.070000 0.030000 0.030000 0.020000 0.020000 0.080000
0.050000 0.020000 0.010000 0.010000 0.040000 0.050000
0.070000 0.030000 0.030000 0.030000 0.030000 0.100000
0.060000 0.030000 0.030000 0.030000 0.030000 0.090000
0.070000 0.030000 0.030000 0.030000 0.040000 0.070000
0.070000 0.020000 0.020000 0.020000 0.020000 0.070000
0.060000 0.030000 0.030000 0.030000 0.050000 0.060000
0.080000 0.090000 0.090000 0.080000 0.060000 0.080000
0.070000 0.010000 0.010000 0.010000 0.010000 0.080000
0.080000 0.010000 0.010000 0.010000 0.010000 0.080000
0.080000 0.060000 0.060000 0.050000 0.050000 0.080000
0.060000 0.060000 0.060000 0.050000 0.040000 0.060000
0.070000 0.050000 0.050000 0.040000 0.030000 0.090000
0.070000 0.060000 0.060000 0.050000 0.040000 0.060000
0.070000 0.070000 0.070000 0.060000 0.050000 0.080000
0.080000 0.070000 0.070000 0.060000 0.050000 0.090000
0.080000 0.100000 0.100000 0.090000 0.070000 0.100000
0.080000 0.110000 0.100000 0.090000 0.070000 0.070000
0.070000 0.020000 0.020000 0.020000 0.030000 0.080000
0.070000 0.050000 0.050000 0.040000 0.030000 0.090000
0.070000 0.080000 0.080000 0.060000 0.050000 0.070000
0.050000 0.020000 0.030000 0.020000 0.020000 0.070000
0.070000 0.020000 0.020000 0.020000 0.010000 0.100000
0.060000 0.010000 0.010000 0.030000 0.020000 0.110000
0.100000 0.150000 0.150000 0.120000 0.090000 0.080000
0.080000 0.030000 0.030000 0.030000 0.030000 0.070000
0.090000 0.060000 0.060000 0.050000 0.040000 0.090000
0.060000 0.020000 0.020000 0.020000 0.030000 0.060000
0.070000 0.070000 0.070000 0.060000 0.050000 0.090000
0.120000 0.170000 0.170000 0.140000 0.110000 0.080000
0.100000 0.150000 0.150000 0.130000 0.100000 0.080000
0.120000 0.160000 0.160000 0.130000 0.100000 0.090000
0.080000 0.010000 0.010000 0.010000 0.010000 0.090000
0.090000 0.010000 0.010000 0.010000 0.010000 0.080000
0.090000 0.110000 0.110000 0.090000 0.070000 0.100000
0.060000 0.060000 0.060000 0.050000 0.040000 0.080000
0.050000 0.050000 0.050000 0.040000 0.030000 0.070000
0.100000 0.040000 0.040000 0.040000 0.030000 0.080000
0.070000 0.050000 0.050000 0.040000 0.030000 0.070000
0.120000 0.180000 0.180000 0.150000 0.120000 0.090000
0.100000 0.050000 0.040000 0.040000 0.040000 0.080000
0.100000 0.120000 0.120000 0.100000 0.070000 0.080000
0.090000 0.020000 0.020000 0.020000 0.020000 0.080000
0.080000 0.040000 0.040000 0.030000 0.030000 0.090000
0.080000 0.080000 0.080000 0.070000 0.050000 0.080000
0.070000 0.010000 0.010000 0.010000 0.020000 0.080000
0.070000 0.010000 0.010000 0.010000 0.010000 0.080000
0.080000 0.040000 0.040000 0.030000 0.020000 0.090000
0.060000 0.040000 0.040000 0.030000 0.030000 0.070000
0.090000 0.030000 0.030000 0.020000 0.020000 0.080000
0.070000 0.080000 0.080000 0.070000 0.050000 0.100000
0.140000 0.040000 0.050000 0.040000 0.030000 0.090000
0.080000 0.080000 0.080000 0.070000 0.050000 0.090000
0.130000 0.180000 0.180000 0.160000 0.120000 0.100000
0.060000 0.040000 0.040000 0.030000 0.030000 0.080000
0.100000 0.020000 0.030000 0.020000 0.010000 0.090000
0.070000 0.060000 0.060000 0.050000 0.040000 0.080000
0.060000 0.060000 0.060000 0.050000 0.040000 0.070000
0.090000 0.100000 0.100000 0.090000 0.070000 0.110000
0.080000 0.020000 0.020000 0.020000 0.020000 0.080000
0.110000 0.110000 0.110000 0.100000 0.070000 0.080000
0.060000 0.070000 0.070000 0.060000 0.040000 0.070000
0.070000 0.050000 0.050000 0.040000 0.040000 0.070000
0.110000 0.150000 0.150000 0.130000 0.100000 0.100000
0.060000 0.030000 0.030000 0.030000 0.020000 0.070000
0.100000 0.040000 0.030000 0.030000 0.030000 0.070000
0.130000 0.030000 0.030000 0.030000 0.020000 0.090000
0.100000 0.140000 0.130000 0.110000 0.080000 0.060000
0.120000 0.030000 0.040000 0.030000 0.020000 0.110000
0.150000 0.060000 0.060000 0.050000 0.040000 0.090000
0.070000 0.060000 0.060000 0.050000 0.040000 0.070000
0.080000 0.050000 0.050000 0.040000 0.030000 0.080000
0.130000 0.100000 0.110000 0.090000 0.060000 0.100000
0.080000 0.010000 0.010000 0.010000 0.010000 0.080000
0.080000 0.020000 0.020000 0.010000 0.010000 0.120000
0.050000 0.040000 0.040000 0.030000 0.030000 0.060000
0.060000 0.040000 0.040000 0.030000 0.030000 0.070000
0.080000 0.070000 0.070000 0.070000 0.050000 0.100000
0.050000 0.060000 0.060000 0.050000 0.040000 0.080000
0.080000 0.020000 0.020000 0.020000 0.020000 0.090000
0.140000 0.180000 0.180000 0.160000 0.110000 0.110000
0.180000 0.260000 0.260000 0.220000 0.160000 0.100000
0.120000 0.110000 0.110000 0.090000 0.070000 0.080000
0.110000 0.160000 0.160000 0.130000 0.100000 0.090000
0.060000 0.080000 0.070000 0.060000 0.050000 0.130000
0.080000 0.030000 0.030000 0.030000 0.030000 0.080000
0.060000 0.060000 0.060000 0.050000 0.030000 0.100000
0.080000 0.060000 0.060000 0.050000 0.040000 0.070000
0.100000 0.030000 0.020000 0.030000 0.030000 0.080000
0.060000 0.010000 0.010000 0.010000 0.010000 0.070000
0.080000 0.080000 0.080000 0.070000 0.050000 0.090000
0.160000 0.220000 0.220000 0.190000 0.140000 0.110000
0.080000 0.040000 0.040000 0.040000 0.040000 0.070000
0.110000 0.040000 0.060000 0.040000 0.030000 0.130000
0.160000 0.180000 0.180000 0.180000 0.130000 0.160000
0.170000 0.200000 0.190000 0.170000 0.130000 0.150000
0.140000 0.010000 0.020000 0.020000 0.040000 0.080000
0.090000 0.010000 0.020000 0.010000 0.030000 0.090000
0.100000 0.070000 0.070000 0.060000 0.050000 0.110000
0.060000 0.060000 0.060000 0.050000 0.040000 0.070000
0.070000 0.070000 0.070000 0.060000 0.050000 0.090000
0.100000 0.070000 0.070000 0.060000 0.040000 0.090000
0.070000 0.080000 0.080000 0.070000 0.050000 0.080000
0.100000 0.020000 0.010000 0.020000 0.030000 0.070000
0.070000 0.030000 0.030000 0.030000 0.020000 0.100000
0.090000 0.040000 0.040000 0.040000 0.020000 0.090000
0.090000 0.120000 0.120000 0.100000 0.080000 0.070000
0.160000 0.230000 0.230000 0.200000 0.150000 0.120000
0.090000 0.120000 0.120000 0.100000 0.080000 0.070000
0.080000 0.080000 0.090000 0.070000 0.050000 0.100000
0.090000 0.070000 0.070000 0.060000 0.050000 0.090000
0.090000 0.030000 0.040000 0.030000 0.020000 0.110000
0.120000 0.080000 0.080000 0.070000 0.060000 0.080000
0.090000 0.130000 0.130000 0.110000 0.080000 0.070000
0.110000 0.090000 0.090000 0.080000 0.060000 0.090000
0.080000 0.080000 0.080000 0.070000 0.050000 0.090000
0.100000 0.030000 0.030000 0.030000 0.020000 0.100000
0.100000 0.040000 0.040000 0.030000 0.030000 0.080000
0.060000 0.030000 0.030000 0.020000 0.020000 0.070000
0.240000 0.070000 0.030000 0.030000 0.020000 0.100000
0.080000 0.040000 0.040000 0.030000 0.020000 0.080000
0.160000 0.050000 0.060000 0.040000 0.030000 0.090000
0.190000 0.190000 0.210000 0.180000 0.130000 0.140000
0.360000 0.130000 0.080000 0.070000 0.050000 0.100000
0.100000 0.110000 0.110000 0.090000 0.070000 0.080000
0.170000 0.070000 0.060000 0.050000 0.040000 0.090000
0.090000 0.070000 0.070000 0.060000 0.040000 0.120000
0.110000 0.030000 0.030000 0.030000 0.030000 0.120000
0.250000 0.140000 0.120000 0.110000 0.080000 0.100000
0.130000 0.040000 0.060000 0.040000 0.030000 0.090000
0.180000 0.130000 0.130000 0.110000 0.080000 0.100000
0.170000 0.070000 0.140000 0.100000 0.060000 0.150000
0.600000 0.210000 0.150000 0.120000 0.080000 0.120000
0.610000 0.160000 0.150000 0.130000 0.100000 0.160000
0.250000 0.150000 0.160000 0.130000 0.090000 0.130000
0.160000 0.240000 0.240000 0.200000 0.150000 0.100000
0.080000 0.050000 0.050000 0.040000 0.030000 0.070000
0.060000 0.110000 0.140000 0.070000 0.030000 0.120000
0.080000 0.080000 0.080000 0.080000 0.060000 0.150000
0.100000 0.080000 0.080000 0.070000 0.060000 0.090000
0.130000 0.180000 0.180000 0.150000 0.110000 0.100000
0.230000 0.140000 0.130000 0.110000 0.080000 0.170000
0.350000 0.160000 0.150000 0.180000 0.170000 0.180000
0.190000 0.230000 0.240000 0.210000 0.150000 0.140000
0.080000 0.050000 0.050000 0.050000 0.040000 0.130000
0.170000 0.050000 0.060000 0.040000 0.040000 0.140000
0.130000 0.120000 0.120000 0.100000 0.070000 0.090000
0.230000 0.030000 0.040000 0.020000 0.030000 0.090000
0.130000 0.100000 0.100000 0.080000 0.060000 0.100000
0.250000 0.130000 0.130000 0.110000 0.080000 0.130000
0.290000 0.380000 0.370000 0.310000 0.230000 0.150000
0.100000 0.110000 0.110000 0.100000 0.080000 0.090000
0.150000 0.100000 0.100000 0.090000 0.060000 0.100000
0.170000 0.050000 0.100000 0.120000 0.080000 0.150000
0.120000 0.070000 0.080000 0.060000 0.050000 0.090000
0.090000 0.100000 0.100000 0.090000 0.060000 0.080000
0.390000 0.120000 0.170000 0.130000 0.100000 0.180000
0.140000 0.050000 0.070000 0.050000 0.040000 0.110000
0.150000 0.070000 0.080000 0.150000 0.080000 0.120000
0.080000 0.040000 0.040000 0.040000 0.040000 0.070000
0.080000 0.020000 0.020000 0.020000 0.030000 0.070000
0.190000 0.070000 0.180000 0.140000 0.070000 0.140000
0.100000 0.050000 0.050000 0.050000 0.050000 0.070000
0.110000 0.100000 0.100000 0.090000 0.060000 0.120000
0.110000 0.050000 0.050000 0.040000 0.030000 0.110000
0.100000 0.070000 0.070000 0.080000 0.070000 0.070000
0.100000 0.040000 0.040000 0.050000 0.040000 0.100000
0.070000 0.410000 0.510000 0.240000 0.110000 0.170000
0.170000 0.230000 0.240000 0.210000 0.160000 0.170000
0.140000 0.080000 0.080000 0.070000 0.060000 0.130000
0.070000 0.050000 0.060000 0.050000 0.030000 0.100000
0.150000 0.080000 0.080000 0.070000 0.050000 0.120000
0.090000 0.060000 0.060000 0.050000 0.040000 0.090000
0.200000 0.060000 0.070000 0.070000 0.050000 0.120000
0.100000 0.030000 0.020000 0.020000 0.020000 0.080000
0.150000 0.050000 0.040000 0.040000 0.030000 0.120000
0.110000 0.080000 0.090000 0.080000 0.070000 0.070000
0.130000 0.070000 0.080000 0.080000 0.100000 0.120000
0.090000 0.120000 0.110000 0.090000 0.070000 0.110000
0.620000 0.280000 0.080000 0.060000 0.120000 0.290000
0.270000 0.160000 0.140000 0.120000 0.090000 0.130000
0.100000 0.130000 0.130000 0.110000 0.090000 0.170000
0.120000 0.060000 0.090000 0.060000 0.040000 0.120000
0.090000 0.080000 0.080000 0.070000 0.060000 0.080000
0.470000 0.150000 0.100000 0.080000 0.060000 0.120000
0.390000 0.090000 0.140000 0.100000 0.100000 0.110000
0.140000 0.110000 0.110000 0.100000 0.070000 0.110000
0.360000 0.110000 0.090000 0.090000 0.080000 0.230000
0.220000 0.290000 0.290000 0.250000 0.180000 0.140000
0.280000 0.270000 0.270000 0.230000 0.170000 0.160000
0.400000 0.160000 0.120000 0.110000 0.070000 0.110000
0.120000 0.090000 0.090000 0.080000 0.060000 0.140000
0.110000 0.120000 0.120000 0.110000 0.080000 0.100000
0.060000 0.250000 0.340000 0.220000 0.130000 0.190000
0.180000 0.110000 0.110000 0.090000 0.070000 0.100000
0.320000 0.110000 0.100000 0.080000 0.060000 0.120000
0.050000 0.090000 0.040000 0.430000 0.300000 0.070000
0.090000 0.030000 0.030000 0.050000 0.060000 0.110000
0.140000 0.070000 0.130000 0.080000 0.040000 0.140000
0.420000 0.160000 0.110000 0.110000 0.070000 0.140000
0.220000 0.110000 0.190000 0.130000 0.070000 0.120000
0.270000 0.160000 0.160000 0.130000 0.090000 0.110000
0.370000 0.160000 0.240000 0.170000 0.140000 0.220000
0.180000 0.040000 0.110000 0.090000 0.060000 0.140000
0.160000 0.130000 0.320000 0.270000 0.130000 0.150000
0.220000 0.040000 0.030000 0.040000 0.020000 0.130000
0.160000 0.090000 0.080000 0.070000 0.050000 0.080000
0.350000 0.170000 0.080000 0.060000 0.050000 0.130000
0.230000 0.250000 0.250000 0.220000 0.170000 0.160000
0.220000 0.100000 0.110000 0.080000 0.060000 0.140000
0.590000 0.300000 0.300000 0.230000 0.170000 0.200000
0.320000 0.210000 0.220000 0.170000 0.120000 0.100000
nan nan nan nan nan nan
0.330000 0.390000 0.370000 0.300000 0.220000 0.150000
0.110000 0.120000 0.180000 0.040000 0.060000 0.090000
0.090000 0.040000 0.040000 0.040000 0.030000 0.090000
0.180000 0.000000 0.080000 0.060000 0.040000 0.140000
0.130000 0.000000 0.020000 0.010000 0.020000 0.100000
0.360000 0.140000 0.210000 0.130000 0.080000 0.140000
0.110000 0.160000 0.160000 0.140000 0.100000 0.120000
0.130000 0.070000 0.070000 0.060000 0.040000 0.090000
0.230000 0.090000 0.390000 0.440000 0.260000 0.200000
0.510000 0.140000 0.090000 0.060000 0.050000 0.150000
0.090000 0.030000 0.060000 0.060000 0.050000 0.130000
0.160000 0.240000 0.250000 0.190000 0.130000 0.110000
0.200000 0.280000 0.290000 0.240000 0.180000 0.120000
0.200000 0.030000 0.100000 0.080000 0.070000 0.150000
0.190000 0.040000 0.030000 0.050000 0.050000 0.120000
0.180000 0.230000 0.430000 0.500000 0.350000 0.230000
0.140000 0.140000 0.130000 0.120000 0.090000 0.130000
nan nan nan nan nan nan
0.180000 0.110000 0.130000 0.100000 0.080000 0.110000
0.250000 0.280000 0.300000 0.360000 0.200000 0.230000
0.170000 0.110000 0.120000 0.090000 0.080000 0.250000
0.410000 0.230000 0.110000 0.140000 0.070000 0.130000
0.140000 0.140000 0.130000 0.100000 0.120000 0.290000
0.380000 0.070000 0.120000 0.100000 0.090000 0.170000
0.570000 0.120000 0.360000 0.130000 0.070000 0.150000
0.440000 0.570000 0.570000 0.440000 0.300000 0.190000
0.480000 0.220000 0.280000 0.240000 0.150000 0.180000
0.440000 0.510000 0.500000 0.420000 0.300000 0.190000
0.290000 0.310000 0.300000 0.250000 0.180000 0.140000
0.440000 0.120000 0.070000 0.010000 0.100000 0.350000
0.270000 0.140000 0.240000 0.280000 0.100000 0.120000
0.250000 0.190000 0.240000 0.160000 0.130000 0.110000
nan nan nan nan nan nan
0.110000 0.090000 0.090000 0.130000 0.120000 0.100000
0.100000 0.330000 0.440000 0.310000 0.260000 0.260000
0.410000 0.120000 0.170000 0.730000 0.220000 0.340000
0.280000 0.300000 0.320000 0.320000 0.350000 0.410000
0.370000 0.210000 0.200000 0.160000 0.120000 0.170000
nan nan nan nan nan nan
0.170000 0.290000 0.210000 0.110000 0.120000 0.100000
0.630000 0.390000 0.340000 0.060000 0.120000 0.090000
0.130000 0.130000 0.130000 0.110000 0.080000 0.120000
0.670000 0.390000 0.260000 0.190000 0.110000 0.130000
0.240000 0.080000 0.140000 0.050000 0.110000 0.220000
0.300000 0.090000 0.050000 0.060000 0.060000 0.120000
0.370000 0.150000 0.150000 0.210000 0.220000 0.200000
0.180000 0.160000 0.160000 0.130000 0.100000 0.120000
0.320000 0.230000 0.700000 0.870000 0.650000 0.360000
0.390000 0.170000 0.120000 0.100000 0.080000 0.190000
0.090000 0.120000 0.120000 0.110000 0.080000 0.110000
0.080000 0.330000 0.150000 0.760000 0.430000 0.130000
0.160000 0.080000 0.080000 0.070000 0.050000 0.110000
0.150000 0.340000 0.750000 0.760000 0.420000 0.250000
0.190000 0.150000 0.160000 0.130000 0.090000 0.110000
0.090000 0.310000 0.460000 0.420000 0.370000 0.340000
0.220000 0.130000 0.120000 0.130000 0.100000 0.110000
0.840000 0.950000 0.560000 0.190000 0.090000 0.150000
0.440000 0.250000 0.240000 0.200000 0.150000 0.290000
nan nan nan nan nan nan
0.160000 0.220000 0.300000 0.110000 0.030000 0.120000
nan nan nan nan nan nan
nan nan nan nan nan nan
nan nan nan nan nan nan
0.620000 0.310000 0.180000 0.130000 0.140000 0.240000
0.450000 0.160000 0.110000 0.190000 0.120000 0.150000
0.790000 1.070000 0.880000 0.530000 0.210000 0.180000
0.120000 0.170000 0.170000 0.150000 0.110000 0.130000
nan nan nan nan nan nan
0.460000 0.050000 0.160000 0.080000 0.020000 0.120000
0.300000 0.280000 0.270000 0.230000 0.180000 0.140000
0.280000 0.310000 0.270000 0.290000 0.200000 0.360000
0.080000 0.100000 0.100000 0.080000 0.070000 0.140000
0.150000 0.430000 0.060000 1.290000 0.870000 0.050000
nan nan nan nan nan nan
nan nan nan nan nan nan
0.660000 0.260000 0.170000 0.150000 0.100000 0.130000
nan nan nan nan nan nan
nan nan nan nan nan nan
0.650000 0.150000 0.200000 0.120000 0.100000 0.390000
nan nan nan nan nan nan
0.250000 0.330000 0.330000 0.280000 0.210000 0.140000
0.620000 0.130000 0.110000 0.010000 0.100000 0.200000
0.320000 0.030000 0.150000 0.140000 0.100000 0.180000
0.230000 0.240000 0.250000 0.280000 0.200000 0.330000
2.120000 0.740000 0.140000 0.460000 0.660000 0.700000
0.370000 0.170000 0.100000 0.120000 0.070000 0.090000
0.060000 0.130000 0.230000 0.200000 0.150000 0.180000
0.140000 0.160000 0.280000 0.350000 0.370000 0.290000
0.240000 0.400000 0.840000 0.870000 0.640000 0.360000
nan nan nan nan nan nan
nan nan nan nan nan nan
nan nan nan nan nan nan
0.130000 0.550000 0.750000 0.270000 0.110000 0.220000
0.100000 0.270000 0.210000 0.110000 0.110000 0.170000
0.120000 0.140000 0.140000 0.130000 0.100000 0.140000
nan nan nan nan nan nan
nan nan nan nan nan nan
nan nan nan nan nan nan
nan nan nan nan nan nan
0.280000 0.180000 0.220000 0.150000 0.120000 0.150000
nan nan nan nan nan nan
0.110000 0.710000 0.760000 0.150000 0.160000 0.260000
nan nan nan nan nan nan
0.570000 0.380000 0.370000 0.340000 0.210000 0.340000
nan nan nan nan nan nan
nan nan nan nan nan nan
1.220000 0.150000 0.130000 0.040000 0.030000 0.110000
0.190000 0.040000 0.060000 0.050000 0.060000 0.150000
0.830000 1.330000 1.440000 1.200000 0.660000 0.380000
0.130000 0.090000 0.100000 0.280000 0.190000 0.100000
0.250000 0.540000 0.780000 0.670000 0.570000 0.450000
0.270000 0.040000 0.100000 0.070000 0.120000 0.090000
0.690000 0.540000 0.450000 0.410000 0.160000 0.080000
0.170000 0.430000 0.510000 0.190000 0.120000 0.180000
0.650000 0.580000 0.560000 0.560000 0.340000 0.090000
8.420000 2.390000 3.400000 3.670000 3.750000 3.350000
nan nan nan nan nan nan
nan nan nan nan nan nan
0.140000 0.060000 0.060000 0.040000 0.000000 0.140000
0.200000 0.120000 0.120000 0.110000 0.080000 0.220000
0.390000 0.110000 0.160000 2.840000 2.890000 0.240000
nan nan nan nan nan nan
nan nan nan nan nan nan
nan nan nan nan nan nan
nan nan nan nan nan nan
nan nan nan nan nan nan
nan nan nan nan nan nan
nan nan nan nan nan nan
0.460000 0.610000 0.600000 0.500000 0.370000 0.250000
nan nan nan nan nan nan
0.720000 0.290000 0.120000 0.290000 0.280000 0.320000
0.360000 0.240000 0.430000 0.650000 0.330000 0.620000
nan nan nan nan nan nan
0.410000 0.240000 0.260000 0.190000 0.150000 0.210000
nan nan nan nan nan nan
0.570000 0.290000 0.230000 0.510000 0.740000 0.630000
1.210000 0.070000 0.960000 1.260000 1.030000 0.570000
nan nan nan nan nan nan
nan nan nan nan nan nan
nan nan nan nan nan nan
nan nan nan nan nan nan
nan nan nan nan nan nan
0.190000 0.070000 0.230000 0.260000 0.310000 0.280000
nan nan nan nan nan nan
1.940000 4.720000 4.070000 3.260000 2.940000 4.040000
nan nan nan nan nan nan
nan nan nan nan nan nan
1.120000 0.450000 0.490000 0.380000 0.310000 0.460000
nan nan nan nan nan nan
nan nan nan nan nan nan
nan nan nan nan nan nan
nan nan nan nan nan nan
nan nan nan nan nan nan
nan nan nan nan nan nan
nan nan nan nan nan nan
0.340000 0.130000 0.130000 0.120000 0.080000 0.180000
2.300000 2.990000 3.350000 3.090000 2.080000 1.190000
0.690000 0.400000 0.470000 0.600000 0.270000 0.340000
nan nan nan nan nan nan
1.690000 0.710000 0.320000 0.200000 0.220000 0.050000
nan nan nan nan nan nan
0.660000 0.990000 0.710000 0.360000 0.270000 0.380000
nan nan nan nan nan nan
nan nan nan nan nan nan
nan nan nan nan nan nan
nan nan nan nan nan nan
0.470000 0.510000 0.810000 0.810000 0.320000 0.160000
0.210000 0.220000 0.240000 0.240000 0.160000 0.220000
0.940000 0.190000 0.270000 2.070000 2.040000 0.230000
nan nan nan nan nan nan
9.130000 59.290000 57.850000 53.870000 53.020000 53.540000
14.610000 33.320000 33.160000 32.800000 32.780000 31.930000
nan nan nan nan nan nan
nan nan nan nan nan nan
nan nan nan nan nan nan
nan nan nan nan nan nan
0.440000 0.680000 0.740000 0.550000 0.370000 0.270000
nan nan nan nan nan nan
1.140000 0.540000 0.300000 0.070000 0.190000 0.320000
0.360000 0.290000 0.810000 0.980000 0.100000 1.370000
nan nan nan nan nan nan
nan nan nan nan nan nan
nan nan nan nan nan nan
2.870000 0.960000 0.150000 0.320000 0.330000 0.370000
nan nan nan nan nan nan
nan nan nan nan nan nan
nan nan nan nan nan nan
nan nan nan nan nan nan
nan nan nan nan nan nan
nan nan nan nan nan nan
0.310000 0.130000 0.480000 0.560000 0.470000 0.360000
nan nan nan nan nan nan
nan nan nan nan nan nan
nan nan nan nan nan nan
nan nan nan nan nan nan
nan nan nan nan nan nan
nan nan nan nan nan nan
nan nan nan nan nan nan
nan nan nan nan nan nan
nan nan nan nan nan nan
nan nan nan nan nan nan
nan nan nan nan nan nan
nan nan nan nan nan nan
0.420000 0.270000 0.370000 0.560000 0.120000 0.300000
nan nan nan nan nan nan
nan nan nan nan nan nan
nan nan nan nan nan nan
nan nan nan nan nan nan
nan nan nan nan nan nan
nan nan nan nan nan nan
nan nan nan nan nan nan
nan nan nan nan nan nan
nan nan nan nan nan nan
nan nan nan nan nan nan
0.540000 0.880000 0.510000 0.170000 0.090000 0.320000
0.160000 0.210000 0.250000 0.490000 0.190000 0.190000
nan nan nan nan nan nan
nan nan nan nan nan nan
nan nan nan nan nan nan
nan nan nan nan nan nan
nan nan nan nan nan nan
nan nan nan nan nan nan
nan nan nan nan nan nan
nan nan nan nan nan nan
0.450000 0.840000 0.970000 0.570000 0.310000 0.250000
nan nan nan nan nan nan
1.990000 0.660000 0.690000 0.600000 0.070000 0.340000
0.260000 0.520000 0.380000 0.840000 0.280000 1.990000
nan nan nan nan nan nan
nan nan nan nan nan nan
nan nan nan nan nan nan
nan nan nan nan nan nan
nan nan nan nan nan nan
nan nan nan nan nan nan
nan nan nan nan nan nan
nan nan nan nan nan nan
nan nan nan nan nan nan
nan nan nan nan nan nan
0.510000 0.160000 0.470000 0.570000 0.570000 0.480000
nan nan nan nan nan nan
nan nan nan nan nan nan
nan nan nan nan nan nan
nan nan nan nan nan nan
nan nan nan nan nan nan
8.480000 16.230000 16.210000 16.520000 16.450000 16.780000
nan nan nan nan nan nan
6.190000 11.610000 11.930000 11.400000 10.900000 11.280000
nan nan nan nan nan nan
8.030000 2.450000 3.240000 3.730000 4.170000 3.490000
6.550000 25.520000 25.410000 24.990000 24.420000 24.610000
nan nan nan nan nan nan
0.300000 0.140000 0.190000 0.710000 0.140000 0.980000
nan nan nan nan nan nan
nan nan nan nan nan nan
nan nan nan nan nan nan
nan nan nan nan nan nan
nan nan nan nan nan nan
nan nan nan nan nan nan
3.510000 10.490000 11.390000 11.760000 11.750000 10.850000
nan nan nan nan nan nan
nan nan nan nan nan nan
nan nan nan nan nan nan
nan nan nan nan nan nan
