0.000603 0.000578 0.000742 0.000545 0.000291
0.000862 0.000706 0.000728 0.000489 0.000270
0.000686 0.000518 0.000683 0.000539 0.000309
0.000356 0.000309 0.000471 0.000511 0.000277
0.000474 0.000389 0.000485 0.000449 0.000279
0.000423 0.000390 0.000426 0.000390 0.000265
0.000354 0.000324 0.000362 0.000288 0.000202
0.000341 0.000313 0.000350 0.000285 0.000190
0.000699 0.000543 0.000673 0.000633 0.000354
0.000774 0.000650 0.000679 0.000480 0.000273
0.000245 0.000221 0.000270 0.000307 0.000239
0.000819 0.000566 0.000742 0.000703 0.000309
0.000218 0.000204 0.000231 0.000217 0.000162
0.000391 0.000363 0.000437 0.000321 0.000197
0.000327 0.000325 0.000411 0.000346 0.000234
0.000554 0.000491 0.000525 0.000380 0.000241
0.000314 0.000291 0.000344 0.000307 0.000213
0.000374 0.000344 0.000380 0.000299 0.000209
0.000288 0.000264 0.000306 0.000262 0.000196
0.000365 0.000342 0.000384 0.000292 0.000202
0.000290 0.000261 0.000334 0.000306 0.000221
0.000402 0.000379 0.000432 0.000337 0.000242
0.000462 0.000385 0.000445 0.000458 0.000301
0.000275 0.000239 0.000297 0.000266 0.000185
0.000449 0.000414 0.000453 0.000334 0.000222
0.000501 0.000448 0.000456 0.000336 0.000223
0.001326 0.001185 0.001370 0.000780 0.000380
0.000517 0.000466 0.000497 0.000365 0.000234
0.000463 0.000410 0.000464 0.000364 0.000237
0.000330 0.000312 0.000361 0.000290 0.000201
0.000879 0.000772 0.000806 0.000544 0.000298
0.001561 0.001451 0.001555 0.000812 0.000382
0.000368 0.000324 0.000397 0.000347 0.000240
0.000391 0.000346 0.000387 0.000316 0.000229
0.000282 0.000256 0.000283 0.000243 0.000182
0.000275 0.000226 0.000253 0.000249 0.000186
0.000473 0.000413 0.000686 0.000580 0.000284
0.000380 0.000305 0.000443 0.000408 0.000261
0.001000 0.000947 0.001144 0.000664 0.000335
0.000900 0.000816 0.000959 0.000590 0.000308
0.000880 0.000877 0.001001 0.000545 0.000335
0.000357 0.000294 0.000435 0.000418 0.000272
0.000199 0.000176 0.000212 0.000219 0.000174
0.000753 0.000702 0.000749 0.000526 0.000298
0.000216 0.000223 0.000241 0.000227 0.000183
0.000375 0.000347 0.000383 0.000311 0.000212
0.000138 0.000131 0.000167 0.000177 0.000140
0.000331 0.000254 0.000339 0.000244 0.000162
0.000166 0.000173 0.000230 0.000226 0.000175
0.000287 0.000277 0.000337 0.000285 0.000203
0.000793 0.000630 0.000576 0.000454 0.000292
0.000897 0.000763 0.001079 0.000732 0.000374
0.000755 0.000717 0.000770 0.000518 0.000286
0.000349 0.000271 0.000280 0.000261 0.000202
0.000625 0.000589 0.000688 0.000738 0.000327
0.001438 0.001126 0.001470 0.001700 0.000529
0.000523 0.000502 0.000600 0.000461 0.000279
0.001166 0.001055 0.001410 0.000855 0.000390
0.000778 0.000537 0.000568 0.000467 0.000269
0.000674 0.000549 0.000578 0.000411 0.000253
0.000665 0.000636 0.001031 0.000753 0.000334
0.000543 0.000469 0.000642 0.000568 0.000304
0.000624 0.000548 0.000581 0.000441 0.000266
0.000464 0.000419 0.000438 0.000335 0.000224
0.000346 0.000276 0.000341 0.000389 0.000249
0.000969 0.000893 0.001070 0.000665 0.000344
0.001265 0.001060 0.001027 0.000614 0.000321
0.000277 0.000260 0.000299 0.000247 0.000180
0.001342 0.001154 0.001243 0.000707 0.000347
0.000184 0.000187 0.000192 0.000217 0.000181
0.001839 0.001607 0.001622 0.000736 0.000359
0.000375 0.000388 0.000432 0.000359 0.000234
0.000618 0.000538 0.000556 0.000387 0.000240
0.000510 0.000498 0.000577 0.000425 0.000259
0.000379 0.000349 0.000394 0.000455 0.000287
0.001180 0.000806 0.001142 0.001053 0.000348
0.000407 0.000373 0.000412 0.000325 0.000211
0.000587 0.000508 0.000498 0.000357 0.000229
0.000578 0.000509 0.000549 0.000407 0.000263
0.001430 0.001313 0.002373 0.001402 0.000469
0.000422 0.000417 0.000548 0.000459 0.000284
0.000567 0.000508 0.000596 0.000397 0.000251
0.000754 0.000637 0.000834 0.000667 0.000368
0.000968 0.000856 0.000918 0.000576 0.000308
0.000514 0.000478 0.000529 0.000405 0.000256
0.000301 0.000274 0.000329 0.000281 0.000198
0.000170 0.000161 0.000187 0.000187 0.000159
0.001944 0.001667 0.001562 0.000762 0.000365
0.000562 0.000483 0.000658 0.000600 0.000333
0.000361 0.000319 0.000386 0.000331 0.000213
0.001364 0.001282 0.001395 0.000719 0.000356
0.000603 0.000544 0.000589 0.000414 0.000256
0.001239 0.001009 0.001098 0.000708 0.000343
0.000865 0.000642 0.000802 0.000672 0.000340
0.001867 0.001716 0.001872 0.001012 0.000443
0.000647 0.000614 0.000664 0.000492 0.000292
0.000277 0.000234 0.000286 0.000264 0.000200
0.001205 0.001109 0.001200 0.000673 0.000356
0.000378 0.000333 0.000357 0.000304 0.000196
0.000916 0.000805 0.000949 0.000600 0.000322
0.000915 0.000814 0.000859 0.000553 0.000297
0.000753 0.000666 0.000780 0.000586 0.000317
0.000567 0.000479 0.000494 0.000389 0.000254
0.000985 0.000872 0.000931 0.000552 0.000299
0.000457 0.000413 0.000436 0.000322 0.000217
0.000396 0.000310 0.000360 0.000312 0.000214
0.000565 0.000470 0.000448 0.000341 0.000231
0.000882 0.000739 0.000747 0.000543 0.000298
0.000590 0.000527 0.000713 0.000554 0.000307
0.000619 0.000531 0.000668 0.000667 0.000366
0.002292 0.002360 0.002719 0.001217 0.000421
0.001590 0.001390 0.001687 0.000973 0.000392
0.001506 0.001300 0.001359 0.000676 0.000325
0.000821 0.000710 0.000759 0.000556 0.000310
0.001790 0.001539 0.001469 0.000689 0.000351
0.001520 0.001328 0.001298 0.000667 0.000329
0.000385 0.000321 0.000400 0.000327 0.000222
0.001692 0.001638 0.001795 0.000882 0.000394
0.001975 0.001681 0.003027 0.002013 0.000566
0.001429 0.001271 0.001762 0.000935 0.000412
0.001629 0.001513 0.001668 0.000784 0.000360
0.002115 0.001954 0.002037 0.000946 0.000391
0.000516 0.000457 0.000482 0.000353 0.000221
0.000263 0.000204 0.000208 0.000243 0.000188
0.002120 0.001861 0.001804 0.000921 0.000388
0.000299 0.000274 0.000321 0.000271 0.000211
0.000558 0.000490 0.000537 0.000522 0.000311
0.001074 0.000997 0.001154 0.000693 0.000325
0.000555 0.000529 0.000615 0.000484 0.000280
0.001301 0.001159 0.001320 0.000696 0.000340
0.000638 0.000553 0.000631 0.000507 0.000287
0.000648 0.000530 0.000544 0.000408 0.000255
0.001651 0.001671 0.002234 0.001193 0.000448
0.001334 0.000747 0.001074 0.000801 0.000421
0.002803 0.002363 0.002072 0.000953 0.000423
0.001394 0.001209 0.001549 0.000810 0.000377
0.001697 0.001393 0.001573 0.000944 0.000412
0.000636 0.000491 0.000671 0.000558 0.000273
0.001974 0.001696 0.001733 0.000968 0.000484
0.000743 0.000639 0.000702 0.000525 0.000311
0.001538 0.001370 0.001545 0.000809 0.000356
0.000771 0.000675 0.000678 0.000468 0.000256
0.000314 0.000305 0.000393 0.000353 0.000246
0.000292 0.000279 0.000332 0.000283 0.000197
0.001066 0.000913 0.001155 0.000667 0.000337
0.000453 0.000438 0.000505 0.000391 0.000252
0.001185 0.000987 0.001071 0.000673 0.000315
0.000420 0.000351 0.000436 0.000382 0.000252
0.000851 0.000659 0.000601 0.000435 0.000265
0.001402 0.001201 0.001439 0.000750 0.000359
0.002031 0.001866 0.001952 0.001389 0.000474
0.001026 0.000866 0.000998 0.000663 0.000351
0.000619 0.000558 0.000629 0.000465 0.000278
0.001072 0.000907 0.000948 0.000556 0.000295
0.001061 0.000746 0.001653 0.001236 0.000499
0.000310 0.000268 0.000296 0.000270 0.000205
0.001838 0.001619 0.001839 0.001002 0.000426
0.002434 0.002449 0.002726 0.001253 0.000451
0.001449 0.001402 0.001834 0.000963 0.000394
0.000574 0.000539 0.000737 0.000660 0.000348
0.000667 0.000518 0.000529 0.000402 0.000257
0.000589 0.000559 0.000646 0.000480 0.000277
0.001818 0.001728 0.001975 0.001015 0.000436
0.001306 0.001160 0.001695 0.001028 0.000439
0.001559 0.000949 0.001005 0.000610 0.000360
0.002572 0.002130 0.002272 0.001054 0.000399
0.002034 0.002148 0.003019 0.001705 0.000560
0.001727 0.001064 0.001671 0.001189 0.000510
0.000620 0.000579 0.000700 0.000539 0.000317
0.002205 0.002070 0.002455 0.001325 0.000456
0.002638 0.001843 0.003161 0.002325 0.000655
0.000495 0.000443 0.000474 0.000556 0.000357
0.001701 0.001604 0.002019 0.001102 0.000457
0.000586 0.000559 0.000641 0.000489 0.000285
0.001795 0.001644 0.001676 0.000952 0.000417
0.002471 0.002092 0.002442 0.002056 0.000579
0.001801 0.001686 0.001727 0.001070 0.000423
0.002436 0.001985 0.002599 0.002138 0.000615
0.001686 0.001596 0.001811 0.001021 0.000407
0.002650 0.002574 0.002820 0.001266 0.000454
0.000546 0.000408 0.000537 0.000476 0.000277
0.000817 0.000676 0.000780 0.000749 0.000369
0.002628 0.002604 0.003510 0.001763 0.000561
0.002126 0.001995 0.002241 0.001042 0.000414
0.002458 0.002316 0.002766 0.001387 0.000540
0.001063 0.000875 0.000878 0.000696 0.000337
0.001256 0.001082 0.001173 0.000650 0.000334
0.000481 0.000439 0.000466 0.000377 0.000250
0.001179 0.001038 0.001091 0.000624 0.000343
0.001951 0.001788 0.001985 0.000960 0.000391
0.003204 0.002866 0.003277 0.001750 0.000542
0.000641 0.000560 0.000632 0.000505 0.000296
0.000929 0.000870 0.001130 0.000663 0.000343
0.001160 0.000956 0.001049 0.000712 0.000328
0.002807 0.002656 0.002891 0.001354 0.000470
0.001754 0.001615 0.001767 0.000849 0.000371
0.002492 0.002251 0.002400 0.001217 0.000462
0.000863 0.000727 0.000785 0.000517 0.000288
0.002313 0.002258 0.002747 0.001578 0.000485
0.000929 0.000685 0.001310 0.000850 0.000338
0.001235 0.001046 0.001108 0.000652 0.000339
0.000707 0.000626 0.000678 0.000471 0.000274
0.000574 0.000373 0.000500 0.000524 0.000278
0.001166 0.000862 0.001246 0.000871 0.000382
0.000605 0.000540 0.000681 0.000533 0.000300
0.002025 0.001728 0.001511 0.000676 0.000339
0.001815 0.001304 0.001663 0.000999 0.000397
0.000504 0.000448 0.000450 0.000467 0.000345
0.001851 0.001722 0.001856 0.000807 0.000370
0.001952 0.001830 0.001891 0.000872 0.000376
0.002195 0.001884 0.002112 0.001368 0.000480
0.001212 0.000872 0.001188 0.000752 0.000330
0.002499 0.002268 0.002717 0.001497 0.000483
0.000985 0.000853 0.001266 0.000880 0.000409
0.001483 0.001217 0.001069 0.000652 0.000343
0.001191 0.000991 0.000881 0.000554 0.000302
0.002305 0.002032 0.002710 0.002909 0.000700
0.000846 0.000565 0.001008 0.001007 0.000420
0.001510 0.001362 0.001487 0.000759 0.000369
0.003431 0.003208 0.003594 0.002285 0.000611
0.001643 0.001320 0.001844 0.001301 0.000465
0.003191 0.002945 0.003666 0.001846 0.000579
0.003078 0.002888 0.003338 0.001560 0.000536
0.002512 0.002280 0.003159 0.001823 0.000556
0.003126 0.002909 0.003636 0.002047 0.000629
0.003370 0.003239 0.004129 0.001959 0.000567
0.003128 0.002867 0.003178 0.001402 0.000486
0.003304 0.003081 0.003403 0.001383 0.000495
0.003650 0.003208 0.003203 0.001855 0.000562
0.001660 0.001562 0.001888 0.001078 0.000439
0.002957 0.002512 0.002454 0.001313 0.000476
0.001785 0.001623 0.001638 0.000760 0.000371
0.002817 0.002651 0.002991 0.001467 0.000498
0.001842 0.001547 0.001655 0.000789 0.000393
0.001911 0.001684 0.001805 0.000883 0.000403
0.003144 0.002963 0.003394 0.001911 0.000567
0.002330 0.002483 0.003664 0.002043 0.000571
0.002770 0.002767 0.003316 0.001530 0.000590
0.002348 0.001943 0.001910 0.000813 0.000366
0.002241 0.001927 0.002044 0.000998 0.000402
0.002027 0.001853 0.002169 0.001076 0.000423
0.002151 0.002061 0.002705 0.001427 0.000441
0.001366 0.001266 0.001629 0.000765 0.000353
0.000879 0.000855 0.001095 0.000653 0.000320
0.003364 0.002953 0.002926 0.001363 0.000474
0.002481 0.002074 0.002295 0.001137 0.000433
0.002421 0.002292 0.002078 0.001020 0.000444
0.001886 0.001699 0.001760 0.000826 0.000418
0.002060 0.001420 0.001465 0.000911 0.000496
0.002890 0.002726 0.003321 0.001591 0.000531
0.001759 0.001983 0.002993 0.001622 0.000387
0.002086 0.001519 0.001612 0.001096 0.000481
0.003450 0.003149 0.003685 0.002052 0.000601
0.001076 0.000871 0.000953 0.000687 0.000344
0.003075 0.002903 0.003327 0.002157 0.000598
0.001929 0.002016 0.002669 0.001730 0.000508
0.004020 0.003198 0.003476 0.001881 0.000588
0.002761 0.002255 0.002895 0.002089 0.000628
0.003648 0.003154 0.003165 0.001647 0.000513
0.001674 0.001468 0.001533 0.000785 0.000378
0.003352 0.002941 0.003020 0.001769 0.000584
0.002553 0.002476 0.003043 0.001822 0.000567
0.002181 0.002013 0.002494 0.001233 0.000474
0.002420 0.002330 0.002123 0.001136 0.000447
0.002099 0.001921 0.001976 0.000966 0.000408
0.003521 0.003317 0.004576 0.001869 0.000603
0.002670 0.002507 0.002945 0.001402 0.000506
0.001767 0.001311 0.001767 0.000953 0.000377
0.002856 0.002631 0.002609 0.001415 0.000529
0.002053 0.001911 0.002037 0.000932 0.000373
0.003758 0.003316 0.003755 0.002730 0.000706
0.002892 0.002372 0.003368 0.002558 0.000753
0.003853 0.003404 0.005073 0.002720 0.000664
0.003220 0.003255 0.005446 0.003000 0.000694
0.004357 0.003625 0.004353 0.001809 0.000550
0.002450 0.002188 0.003268 0.002109 0.000592
0.002822 0.002764 0.003090 0.001486 0.000481
0.003986 0.003517 0.003997 0.002637 0.000641
0.002445 0.002019 0.002286 0.001184 0.000448
0.004170 0.003491 0.003497 0.001874 0.000587
0.003816 0.003546 0.006181 0.002372 0.000627
0.004449 0.003792 0.003571 0.001456 0.000524
0.003158 0.002878 0.003148 0.001685 0.000536
0.003293 0.003139 0.003872 0.002057 0.000627
0.004578 0.003864 0.003801 0.001819 0.000546
0.002516 0.002345 0.002447 0.001286 0.000464
0.002583 0.002806 0.003668 0.002051 0.000599
0.003864 0.003305 0.003712 0.001856 0.000573
0.002976 0.002529 0.002632 0.001143 0.000428
0.004062 0.003535 0.003896 0.001896 0.000567
0.004376 0.003661 0.003929 0.001958 0.000637
0.000949 0.000814 0.000916 0.000686 0.000361
0.003942 0.003575 0.004588 0.002404 0.000601
0.002484 0.002386 0.002354 0.001274 0.000460
0.002437 0.002555 0.003550 0.002252 0.000671
0.003363 0.003258 0.004713 0.001851 0.000563
0.004922 0.003828 0.005499 0.001896 0.000572
0.003775 0.003436 0.003489 0.001514 0.000538
0.003695 0.003352 0.005281 0.003455 0.000753
0.002324 0.002469 0.003127 0.001529 0.000508
0.002901 0.002537 0.003041 0.001903 0.000563
0.003691 0.003340 0.004625 0.001706 0.000554
0.003036 0.002823 0.003086 0.001417 0.000477
0.002588 0.002194 0.002662 0.001418 0.000513
0.003250 0.003156 0.003814 0.001935 0.000599
0.003266 0.003109 0.004020 0.001920 0.000590
0.003541 0.003322 0.006430 0.003599 0.000807
0.002621 0.002457 0.003439 0.002006 0.000595
0.002844 0.002623 0.002837 0.001259 0.000510
0.003586 0.003252 0.004150 0.002135 0.000600
0.002636 0.002444 0.003362 0.002372 0.000639
0.002583 0.002565 0.002972 0.001340 0.000473
0.003497 0.003308 0.003720 0.001747 0.000557
0.004388 0.003798 0.004536 0.001957 0.000591
0.004333 0.002406 0.003667 0.005028 0.000892
0.002377 0.001703 0.001728 0.001120 0.000548
0.003976 0.003486 0.003770 0.001835 0.000582
0.001352 0.000918 0.001186 0.001193 0.000544
0.001924 0.001717 0.003013 0.001729 0.000499
0.003040 0.002963 0.003458 0.001589 0.000491
0.004131 0.003830 0.007268 0.002509 0.000640
0.002518 0.002179 0.002284 0.001043 0.000386
0.003043 0.002884 0.003980 0.002737 0.000656
0.003531 0.002910 0.003314 0.001835 0.000541
0.002049 0.002121 0.003016 0.001517 0.000509
0.003225 0.002892 0.003342 0.001508 0.000485
0.004095 0.003695 0.005792 0.002826 0.000695
0.003382 0.002693 0.003116 0.002662 0.000693
0.002889 0.002588 0.003656 0.002586 0.000614
0.003975 0.003420 0.005805 0.002789 0.000750
0.004966 0.004030 0.004625 0.002326 0.000711
0.001709 0.001485 0.001751 0.000998 0.000415
0.010957 0.006763 0.007004 0.002481 0.000624
0.003544 0.003536 0.007540 0.004442 0.000845
0.005339 0.004410 0.006061 0.002855 0.000674
0.002318 0.002432 0.003173 0.001572 0.000522
0.003312 0.003027 0.003270 0.001583 0.000526
0.003499 0.003448 0.006838 0.003500 0.000763
0.002220 0.002032 0.003674 0.002594 0.000631
0.004834 0.003987 0.003980 0.002043 0.000599
0.003120 0.003002 0.003475 0.001661 0.000532
0.003824 0.003551 0.004851 0.003620 0.000766
0.005428 0.004764 0.006056 0.001755 0.000600
0.004041 0.003835 0.006598 0.002600 0.000652
0.003509 0.003206 0.003637 0.002143 0.000613
0.004287 0.003832 0.005751 0.001973 0.000624
0.003798 0.003290 0.005321 0.003315 0.000761
0.002906 0.002733 0.003773 0.003748 0.000738
0.002261 0.002174 0.002979 0.001502 0.000505
0.004339 0.004131 0.008192 0.002737 0.000676
0.006566 0.005411 0.004115 0.001508 0.000535
0.002803 0.002618 0.002815 0.001261 0.000447
0.003786 0.003364 0.006208 0.003276 0.000786
0.002992 0.002184 0.002002 0.001892 0.000597
0.003640 0.003431 0.005580 0.002408 0.000635
0.003037 0.002702 0.004857 0.003494 0.000742
0.002947 0.002763 0.003287 0.002756 0.000686
0.005199 0.003390 0.006008 0.004491 0.000787
0.004175 0.003748 0.005534 0.002103 0.000575
0.003497 0.003196 0.004924 0.002024 0.000640
0.002639 0.002580 0.002681 0.001127 0.000431
0.004639 0.003990 0.006454 0.002102 0.000595
0.003405 0.003252 0.007130 0.002914 0.000701
0.006003 0.004834 0.004707 0.001526 0.000551
0.003267 0.003017 0.003744 0.002626 0.000672
0.004936 0.004129 0.004587 0.001912 0.000579
0.003888 0.003443 0.005508 0.002273 0.000619
0.003298 0.002865 0.004161 0.003816 0.000789
0.003709 0.003228 0.005585 0.002612 0.000689
0.003219 0.003090 0.004805 0.002170 0.000601
0.003718 0.003510 0.003816 0.002651 0.000690
0.002817 0.002510 0.003360 0.001870 0.000550
0.002321 0.002250 0.002746 0.001515 0.000502
0.003691 0.003496 0.005334 0.002335 0.000702
0.004670 0.004149 0.008857 0.004444 0.000860
0.002877 0.002787 0.003795 0.003953 0.000782
0.006121 0.004655 0.012123 0.005661 0.000819
0.005897 0.005159 0.011323 0.005110 0.000902
0.003865 0.003416 0.006780 0.004998 0.000844
0.004805 0.003936 0.004017 0.002367 0.000627
0.017388 1.197455 0.036801 0.025410 0.009042
0.004295 0.003597 0.012634 0.004652 0.000851
0.007287 0.006054 0.008222 0.002716 0.000676
0.003514 0.003331 0.004409 0.001976 0.000566
0.006889 0.005635 0.006110 0.002083 0.000577
0.007793 0.005324 0.012790 0.004257 0.000847
0.004314 0.003598 0.006845 0.004271 0.000773
0.007037 0.005843 0.005887 0.002541 0.000591
0.006410 0.005048 0.003708 0.001433 0.000478
0.006540 0.005600 0.008341 0.002031 0.000601
0.012216 0.009489 0.009771 0.008143 0.004581
0.007376 0.006558 0.013767 0.004071 0.000828
0.004302 0.003463 0.004171 0.002321 0.000630
0.005749 0.005056 0.007425 0.003473 0.000759
0.007525 0.005650 0.006446 0.003606 0.000796
0.007788 0.003720 0.005697 0.003274 0.000715
0.002841 0.002773 0.003868 0.003332 0.000727
0.011715 0.009870 0.008883 0.003544 0.000797
0.810777 1.973768 1.216811 0.049957 0.014690
0.002923 0.002804 0.003422 0.001716 0.000563
0.005570 0.004775 0.007676 0.003085 0.000595
0.005319 0.004092 0.004046 0.001899 0.000584
0.004495 0.004063 0.008247 0.003867 0.000759
0.004236 0.003187 0.006275 0.005393 0.000805
0.003396 0.003055 0.003941 0.005200 0.000842
0.008755 0.004416 0.011127 0.004949 0.000839
0.007256 0.005391 0.008469 0.003331 0.000704
0.004508 0.003949 0.013938 0.004146 0.002532
0.002335 0.002335 0.002846 0.001538 0.000607
0.005620 0.005178 0.010040 0.003694 0.000777
0.004077 0.003704 0.007376 0.002570 0.000655
0.007333 0.006284 0.006104 0.002466 0.000629
0.004853 0.004012 0.004354 0.003009 0.000726
0.009267 0.008283 0.009357 0.002953 0.000647
0.005260 0.004382 0.006294 0.003251 0.000748
0.004019 0.003516 0.005582 0.004011 0.000799
0.003770 0.003430 0.006147 0.002832 0.000700
0.005939 0.005363 0.009012 0.003526 0.000735
0.006189 0.005606 0.007412 0.003166 0.000758
0.004127 0.003519 0.003826 0.002466 0.000627
0.003761 0.003568 0.007090 0.003303 0.000805
0.006137 0.005534 0.008111 0.004274 0.000846
0.006415 0.005605 0.011269 0.004385 0.000849
0.003526 0.003086 0.005869 0.003394 0.000778
0.009256 0.019324 0.010870 0.007562 0.002862
0.011546 0.009981 0.029984 0.058405 0.031523
0.005062 0.004117 0.007353 0.004441 0.000816
0.007449 0.006395 0.006740 0.002335 0.000632
0.011378 0.009929 0.072257 0.134529 0.071650
0.010175 0.008225 0.012398 0.005656 0.000910
0.008841 0.006995 0.010727 0.002892 0.000695
0.004157 0.003579 0.009046 0.004128 0.000835
0.006835 0.006097 0.011483 0.003851 0.000808
0.012671 0.007986 0.011043 0.004235 0.000677
0.005796 0.004856 0.008445 0.004139 0.000796
0.011719 0.010158 0.031167 0.007674 0.006980
0.012816 0.008428 0.005069 0.001561 0.000456
0.010925 0.008662 0.010528 0.002345 0.000618
0.012599 0.743141 0.138292 0.123186 0.023270
0.012183 0.010132 0.020869 0.026106 0.007944
0.004998 0.004042 0.004756 0.002930 0.000717
0.008825 0.007761 0.007707 0.004161 0.000808
0.011871 0.008368 0.016556 0.007895 0.007888
0.011031 0.004919 0.003824 0.003374 0.000749
0.003046 0.002988 0.005838 0.004027 0.000795
0.012938 0.009142 0.013291 0.004504 0.000786
0.023085 0.218884 0.051822 0.014336 0.012489
0.003061 0.002960 0.004680 0.002962 0.000701
0.007100 0.006125 0.009250 0.003037 0.000640
0.004026 0.003570 0.007984 0.005373 0.000898
0.005757 0.005037 0.010924 0.005194 0.000848
0.005180 0.003231 0.005962 0.007342 0.000905
0.005526 0.003983 0.006448 0.004656 0.000866
0.012302 0.008061 0.011905 0.006437 0.000987
0.008369 0.007055 0.010974 0.004178 0.000816
0.004066 0.003857 0.008022 0.002074 0.000611
0.002888 0.002949 0.003888 0.002584 0.000715
0.006880 0.006482 0.013440 0.004672 0.000828
0.006722 0.005960 0.009337 0.004216 0.000826
0.011094 0.009063 0.006544 0.003370 0.000744
0.006459 0.005387 0.007688 0.003560 0.000757
0.011771 0.010730 0.024585 0.027960 0.014948
0.005170 0.004622 0.008987 0.003621 0.000786
0.005056 0.004088 0.009072 0.006130 0.000879
0.007467 0.004808 0.005516 0.002848 0.000729
0.010563 0.009972 0.011468 0.003538 0.000636
0.011560 0.008380 0.010375 0.005754 0.001438
0.005115 0.004472 0.007792 0.002927 0.000713
0.004895 0.004306 0.006886 0.004157 0.000831
0.005262 0.004234 0.012812 0.515016 0.524897
0.056262 0.231482 0.940085 0.843399 0.097437
0.004809 0.003772 0.007223 0.004680 0.000841
0.009726 0.014303 0.016812 0.013870 0.005919
0.742410 2.819267 1.906393 0.054422 0.022621
0.006737 0.005850 0.007450 0.004955 0.000854
0.008597 0.006604 0.016726 0.015166 0.008186
0.145103 1.161627 0.166279 0.174753 0.031663
0.016264 0.011380 0.020575 0.008923 0.007187
0.009296 0.007151 0.008830 0.004243 0.000782
0.005927 0.005459 0.009590 0.005612 0.000898
0.009544 0.008714 0.011878 0.003762 0.000767
0.014787 0.011268 0.027242 0.007963 0.004916
0.005985 0.005137 0.010325 0.008225 0.004998
0.013766 0.009437 0.012705 0.003830 0.000786
0.024322 0.267906 0.033511 0.014311 0.011195
0.013059 0.008809 0.008632 0.002272 0.000635
0.008706 0.008234 0.013313 0.004828 0.000862
0.016353 0.010658 0.020857 0.018578 0.010839
0.007007 0.004979 0.007454 0.003563 0.000797
0.011226 0.009748 0.010471 0.004084 0.000798
0.014068 0.009998 0.007285 0.002739 0.001086
0.012170 0.049856 0.019737 0.021927 0.011002
0.003286 0.002991 0.006503 0.004083 0.000742
0.017032 0.051662 0.014104 0.006931 0.003413
0.106271 1.261129 0.557823 0.047971 0.022494
0.003663 0.003310 0.005098 0.003028 0.000689
0.012026 0.009899 0.009002 0.003044 0.000702
0.005459 0.004281 0.009128 0.006962 0.000864
0.007495 0.006421 0.014334 0.007123 0.000898
0.010546 0.006549 0.008182 0.005985 0.000811
0.006764 0.004756 0.008484 0.005418 0.000824
0.016200 0.087203 0.025504 0.010125 0.006037
0.008059 0.007224 0.010704 0.010192 0.003083
0.005909 0.005040 0.011301 0.003540 0.000736
0.004001 0.003123 0.005822 0.003836 0.000815
0.010490 0.009423 0.021554 0.032695 0.015283
0.007138 0.006640 0.010627 0.003880 0.000794
0.011844 0.010457 0.011128 0.003365 0.000734
0.005905 0.005374 0.007795 0.004859 0.000841
0.023111 0.069004 0.018303 0.023817 0.009437
0.005599 0.005240 0.081189 0.073183 0.023078
0.006441 0.005175 0.008931 0.002584 0.000599
0.009667 0.004607 0.006667 0.003248 0.000692
0.011287 0.010182 0.016253 0.007309 0.003405
0.011904 0.009101 0.011836 0.004804 0.000693
0.006252 0.005457 0.007560 0.002276 0.000618
0.005971 0.004353 0.012626 0.010427 0.003231
0.008932 0.005634 0.009957 0.006940 0.000817
