0.030000 0.010000 0.020000 0.020000 0.020000
0.040000 0.010000 0.020000 0.010000 0.020000
0.030000 0.010000 0.020000 0.010000 0.020000
0.020000 0.010000 0.020000 0.010000 0.010000
0.030000 0.010000 0.020000 0.010000 0.020000
0.060000 0.030000 0.060000 0.050000 0.030000
0.030000 0.010000 0.020000 0.010000 0.020000
0.020000 0.010000 0.010000 0.010000 0.020000
0.030000 0.010000 0.010000 0.010000 0.020000
0.030000 0.010000 0.010000 0.010000 0.020000
0.020000 0.010000 0.010000 0.010000 0.010000
0.050000 0.030000 0.050000 0.040000 0.020000
0.020000 0.010000 0.010000 0.000000 0.010000
0.020000 0.020000 0.010000 0.010000 0.030000
0.020000 0.010000 0.010000 0.010000 0.020000
0.030000 0.010000 0.010000 0.000000 0.020000
0.040000 0.020000 0.040000 0.030000 0.020000
0.030000 0.020000 0.030000 0.030000 0.020000
0.020000 0.010000 0.020000 0.010000 0.010000
0.020000 0.010000 0.020000 0.010000 0.010000
0.020000 0.010000 0.010000 0.010000 0.010000
0.030000 0.010000 0.020000 0.020000 0.020000
0.030000 0.010000 0.010000 0.010000 0.020000
0.020000 0.010000 0.010000 0.010000 0.020000
0.030000 0.010000 0.010000 0.000000 0.020000
0.030000 0.010000 0.010000 0.000000 0.020000
0.040000 0.020000 0.020000 0.010000 0.030000
0.030000 0.010000 0.010000 0.000000 0.020000
0.040000 0.020000 0.030000 0.030000 0.020000
0.020000 0.010000 0.010000 0.010000 0.020000
0.030000 0.020000 0.030000 0.020000 0.020000
0.040000 0.020000 0.040000 0.030000 0.020000
0.020000 0.010000 0.020000 0.010000 0.010000
0.030000 0.010000 0.020000 0.010000 0.010000
0.020000 0.010000 0.010000 0.010000 0.010000
0.010000 0.020000 0.010000 0.010000 0.020000
0.030000 0.020000 0.030000 0.030000 0.030000
0.020000 0.010000 0.020000 0.010000 0.010000
0.040000 0.020000 0.030000 0.020000 0.030000
0.040000 0.020000 0.030000 0.030000 0.030000
0.040000 0.020000 0.030000 0.020000 0.020000
0.050000 0.030000 0.050000 0.040000 0.030000
0.020000 0.010000 0.020000 0.010000 0.010000
0.040000 0.020000 0.040000 0.030000 0.020000
0.020000 0.010000 0.010000 0.010000 0.010000
0.020000 0.010000 0.010000 0.000000 0.020000
0.010000 0.010000 0.000000 0.000000 0.010000
0.010000 0.020000 0.010000 0.010000 0.020000
0.020000 0.010000 0.010000 0.000000 0.010000
0.020000 0.010000 0.010000 0.010000 0.020000
0.120000 0.070000 0.130000 0.110000 0.060000
0.080000 0.050000 0.090000 0.080000 0.040000
0.030000 0.010000 0.020000 0.010000 0.020000
0.040000 0.020000 0.030000 0.030000 0.020000
0.050000 0.030000 0.050000 0.040000 0.030000
0.040000 0.020000 0.030000 0.030000 0.070000
0.090000 0.050000 0.100000 0.080000 0.050000
0.120000 0.070000 0.140000 0.120000 0.060000
0.050000 0.030000 0.050000 0.040000 0.030000
0.040000 0.010000 0.010000 0.000000 0.020000
0.030000 0.020000 0.030000 0.030000 0.030000
0.030000 0.020000 0.030000 0.030000 0.020000
0.030000 0.010000 0.010000 0.010000 0.020000
0.040000 0.020000 0.040000 0.030000 0.020000
0.040000 0.020000 0.040000 0.030000 0.030000
0.060000 0.030000 0.060000 0.050000 0.030000
0.040000 0.010000 0.010000 0.010000 0.020000
0.030000 0.010000 0.020000 0.010000 0.010000
0.040000 0.010000 0.020000 0.010000 0.020000
0.020000 0.010000 0.020000 0.010000 0.010000
0.060000 0.030000 0.060000 0.050000 0.030000
0.020000 0.010000 0.010000 0.010000 0.010000
0.030000 0.010000 0.010000 0.010000 0.020000
0.040000 0.020000 0.040000 0.030000 0.020000
0.050000 0.030000 0.060000 0.050000 0.030000
0.050000 0.030000 0.050000 0.050000 0.020000
0.030000 0.010000 0.010000 0.010000 0.010000
0.030000 0.010000 0.010000 0.010000 0.020000
0.050000 0.020000 0.040000 0.040000 0.020000
0.040000 0.020000 0.020000 0.020000 0.030000
0.020000 0.010000 0.010000 0.010000 0.020000
0.030000 0.010000 0.020000 0.010000 0.020000
0.030000 0.010000 0.020000 0.020000 0.020000
0.030000 0.010000 0.020000 0.010000 0.020000
0.030000 0.020000 0.030000 0.020000 0.020000
0.020000 0.010000 0.010000 0.000000 0.020000
0.020000 0.010000 0.010000 0.010000 0.010000
0.040000 0.020000 0.020000 0.010000 0.020000
0.030000 0.020000 0.020000 0.020000 0.020000
0.030000 0.020000 0.030000 0.020000 0.020000
0.040000 0.020000 0.030000 0.020000 0.030000
0.030000 0.020000 0.020000 0.020000 0.020000
0.030000 0.010000 0.020000 0.000000 0.030000
0.030000 0.020000 0.000000 0.010000 0.030000
0.040000 0.020000 0.030000 0.020000 0.030000
0.040000 0.020000 0.040000 0.030000 0.020000
0.020000 0.010000 0.020000 0.010000 0.010000
0.050000 0.020000 0.040000 0.040000 0.020000
0.030000 0.010000 0.010000 0.000000 0.020000
0.030000 0.010000 0.010000 0.000000 0.030000
0.030000 0.010000 0.010000 0.010000 0.020000
0.030000 0.020000 0.020000 0.020000 0.020000
0.030000 0.010000 0.010000 0.010000 0.020000
0.040000 0.010000 0.010000 0.010000 0.030000
0.030000 0.010000 0.020000 0.020000 0.020000
0.020000 0.020000 0.010000 0.010000 0.020000
0.030000 0.010000 0.010000 0.000000 0.020000
0.030000 0.010000 0.010000 0.000000 0.020000
0.040000 0.020000 0.040000 0.030000 0.020000
0.050000 0.030000 0.060000 0.050000 0.030000
0.050000 0.020000 0.050000 0.030000 0.020000
0.040000 0.020000 0.030000 0.030000 0.020000
0.040000 0.020000 0.020000 0.020000 0.030000
0.030000 0.020000 0.020000 0.020000 0.020000
0.090000 0.060000 0.100000 0.080000 0.040000
0.040000 0.020000 0.040000 0.030000 0.030000
0.030000 0.020000 0.030000 0.020000 0.020000
0.030000 0.020000 0.020000 0.010000 0.030000
0.070000 0.010000 0.010000 0.100000 0.130000
0.040000 0.010000 0.020000 0.020000 0.030000
0.040000 0.020000 0.030000 0.020000 0.020000
0.040000 0.020000 0.020000 0.010000 0.030000
0.070000 0.040000 0.070000 0.060000 0.030000
0.060000 0.030000 0.060000 0.050000 0.030000
0.040000 0.020000 0.020000 0.010000 0.020000
0.030000 0.010000 0.020000 0.010000 0.010000
0.030000 0.010000 0.020000 0.010000 0.020000
0.030000 0.010000 0.020000 0.010000 0.010000
0.030000 0.010000 0.020000 0.020000 0.020000
0.040000 0.020000 0.040000 0.030000 0.020000
0.030000 0.010000 0.020000 0.010000 0.020000
0.030000 0.010000 0.020000 0.020000 0.020000
0.040000 0.010000 0.020000 0.020000 0.030000
0.020000 0.020000 0.020000 0.020000 0.010000
0.020000 0.020000 0.010000 0.010000 0.020000
0.040000 0.010000 0.010000 0.010000 0.030000
0.040000 0.020000 0.030000 0.020000 0.020000
0.040000 0.010000 0.030000 0.020000 0.010000
0.090000 0.060000 0.110000 0.090000 0.050000
0.020000 0.020000 0.010000 0.010000 0.020000
0.040000 0.010000 0.020000 0.020000 0.030000
0.030000 0.010000 0.010000 0.010000 0.020000
0.020000 0.010000 0.010000 0.010000 0.010000
0.020000 0.010000 0.010000 0.010000 0.020000
0.080000 0.050000 0.090000 0.070000 0.040000
0.050000 0.030000 0.050000 0.040000 0.020000
0.030000 0.010000 0.020000 0.010000 0.020000
0.020000 0.010000 0.020000 0.010000 0.020000
0.040000 0.010000 0.010000 0.000000 0.020000
0.040000 0.020000 0.010000 0.010000 0.030000
0.040000 0.030000 0.050000 0.040000 0.020000
0.090000 0.050000 0.100000 0.080000 0.050000
0.040000 0.020000 0.040000 0.030000 0.020000
0.030000 0.020000 0.030000 0.030000 0.020000
0.030000 0.020000 0.010000 0.010000 0.020000
0.020000 0.010000 0.010000 0.000000 0.010000
0.030000 0.010000 0.020000 0.010000 0.020000
0.110000 0.070000 0.140000 0.110000 0.060000
0.040000 0.020000 0.040000 0.030000 0.020000
0.030000 0.010000 0.020000 0.020000 0.030000
0.030000 0.010000 0.010000 0.010000 0.020000
0.030000 0.010000 0.020000 0.020000 0.020000
0.050000 0.030000 0.050000 0.040000 0.030000
0.150000 0.090000 0.190000 0.170000 0.090000
0.080000 0.050000 0.080000 0.070000 0.040000
0.050000 0.030000 0.040000 0.030000 0.030000
0.040000 0.020000 0.090000 0.090000 0.030000
0.010000 0.020000 0.020000 0.030000 0.010000
0.030000 0.010000 0.020000 0.020000 0.020000
0.060000 0.030000 0.070000 0.060000 0.040000
0.110000 0.060000 0.120000 0.170000 0.290000
0.040000 0.020000 0.040000 0.040000 0.030000
0.050000 0.030000 0.050000 0.050000 0.030000
0.040000 0.020000 0.030000 0.020000 0.020000
0.070000 0.040000 0.080000 0.060000 0.040000
0.060000 0.040000 0.070000 0.120000 0.040000
0.060000 0.040000 0.070000 0.060000 0.040000
0.030000 0.020000 0.020000 0.140000 0.010000
0.060000 0.030000 0.060000 0.050000 0.030000
0.080000 0.050000 0.110000 0.090000 0.050000
0.030000 0.010000 0.010000 0.000000 0.020000
0.040000 0.010000 0.020000 0.020000 0.030000
0.060000 0.030000 0.090000 0.180000 0.090000
0.060000 0.020000 0.040000 0.030000 0.030000
0.050000 0.020000 0.020000 0.030000 0.020000
0.040000 0.020000 0.030000 0.020000 0.030000
0.030000 0.020000 0.020000 0.010000 0.020000
0.020000 0.010000 0.010000 0.010000 0.020000
0.030000 0.020000 0.020000 0.020000 0.020000
0.040000 0.020000 0.010000 0.010000 0.030000
0.040000 0.030000 0.100000 0.040000 0.040000
0.030000 0.010000 0.020000 0.010000 0.020000
0.180000 0.110000 0.210000 0.180000 0.090000
0.240000 0.140000 0.280000 0.230000 0.120000
0.040000 0.020000 0.060000 0.030000 0.030000
0.040000 0.020000 0.020000 0.010000 0.020000
0.100000 0.060000 0.120000 0.100000 0.050000
0.050000 0.030000 0.060000 0.050000 0.030000
0.040000 0.020000 0.030000 0.050000 0.010000
0.010000 0.020000 0.020000 0.020000 0.010000
0.050000 0.030000 0.050000 0.040000 0.020000
0.030000 0.010000 0.020000 0.020000 0.020000
0.020000 0.020000 0.020000 0.010000 0.030000
0.060000 0.040000 0.070000 0.060000 0.030000
0.030000 0.010000 0.020000 0.010000 0.020000
0.050000 0.020000 0.020000 0.020000 0.020000
0.040000 0.020000 0.040000 0.030000 0.030000
0.030000 0.020000 0.030000 0.020000 0.010000
0.030000 0.020000 0.010000 0.010000 0.030000
0.040000 0.020000 0.020000 0.010000 0.020000
0.040000 0.020000 0.040000 0.030000 0.030000
0.050000 0.010000 0.030000 0.020000 0.020000
0.050000 0.030000 0.050000 0.050000 0.020000
0.040000 0.020000 0.040000 0.030000 0.030000
0.050000 0.010000 0.020000 0.010000 0.030000
0.050000 0.020000 0.040000 0.030000 0.030000
0.070000 0.040000 0.080000 0.120000 0.090000
0.090000 0.050000 0.100000 0.090000 0.050000
0.050000 0.030000 0.050000 0.040000 0.030000
0.090000 0.030000 0.100000 0.080000 0.080000
0.020000 0.020000 0.020000 0.020000 0.010000
0.020000 0.030000 0.140000 0.050000 0.020000
0.050000 0.030000 0.130000 0.010000 0.020000
0.040000 0.020000 0.130000 0.100000 0.030000
0.060000 0.040000 0.300000 0.130000 0.050000
0.050000 0.040000 0.090000 0.200000 0.130000
0.050000 0.030000 0.090000 0.030000 0.020000
0.080000 0.030000 0.140000 0.010000 0.020000
0.060000 0.040000 0.040000 0.040000 0.020000
0.060000 0.030000 0.050000 0.040000 0.030000
0.050000 0.030000 0.050000 0.040000 0.020000
0.050000 0.020000 0.040000 0.030000 0.020000
0.060000 0.020000 0.030000 0.020000 0.020000
0.020000 0.020000 0.020000 0.020000 0.020000
0.060000 0.030000 0.060000 0.050000 0.030000
0.060000 0.030000 0.110000 0.070000 0.040000
0.130000 0.080000 0.230000 0.300000 0.160000
0.350000 0.200000 0.520000 0.460000 0.200000
0.050000 0.030000 0.060000 0.050000 0.030000
0.040000 0.020000 0.030000 0.020000 0.030000
0.040000 0.020000 0.020000 0.020000 0.030000
0.060000 0.010000 0.020000 0.040000 0.050000
0.050000 0.010000 0.030000 0.020000 0.020000
0.030000 0.010000 0.020000 0.020000 0.010000
0.070000 0.030000 0.060000 0.060000 0.030000
0.060000 0.040000 0.070000 0.060000 0.030000
0.040000 0.030000 0.040000 0.030000 0.020000
0.070000 0.040000 0.080000 0.070000 0.040000
0.090000 0.060000 0.100000 0.080000 0.050000
0.040000 0.020000 0.060000 0.070000 0.030000
0.050000 0.010000 0.030000 0.110000 0.080000
0.020000 0.020000 0.010000 0.010000 0.010000
0.070000 0.030000 0.060000 0.150000 0.090000
0.050000 0.030000 0.050000 0.040000 0.030000
0.070000 0.020000 0.210000 0.030000 0.040000
0.030000 0.020000 0.030000 0.070000 0.090000
0.040000 0.100000 0.140000 0.060000 0.010000
0.040000 0.030000 0.070000 0.070000 0.020000
0.160000 0.060000 0.150000 0.120000 0.040000
0.060000 0.040000 0.070000 0.060000 0.040000
0.030000 0.030000 0.010000 0.070000 0.080000
0.050000 0.020000 0.040000 0.110000 0.110000
0.060000 0.040000 0.070000 0.060000 0.030000
0.050000 0.020000 0.030000 0.020000 0.020000
0.040000 0.020000 0.040000 0.030000 0.020000
0.080000 0.060000 0.150000 0.160000 0.090000
0.030000 0.020000 0.020000 0.060000 0.030000
0.030000 0.020000 0.030000 0.030000 0.020000
0.080000 0.050000 0.090000 0.070000 0.040000
0.050000 0.030000 0.050000 0.040000 0.030000
0.320000 0.180000 0.540000 0.500000 0.400000
0.150000 0.100000 0.230000 0.290000 0.180000
0.160000 0.080000 0.210000 0.330000 0.170000
0.090000 0.030000 0.500000 0.180000 0.110000
0.060000 0.090000 0.370000 0.040000 0.020000
0.010000 0.030000 0.150000 0.200000 0.010000
0.070000 0.030000 0.080000 0.090000 0.040000
0.160000 0.020000 0.230000 0.050000 0.080000
0.080000 0.040000 0.080000 0.070000 0.040000
0.130000 0.130000 0.160000 0.150000 0.060000
0.070000 0.060000 0.220000 0.200000 0.080000
0.100000 0.070000 0.130000 0.070000 0.030000
0.050000 0.040000 0.100000 0.060000 0.020000
0.060000 0.040000 0.110000 0.200000 0.050000
0.250000 0.170000 0.380000 0.330000 0.130000
0.070000 0.040000 0.090000 0.070000 0.040000
0.170000 0.110000 0.300000 0.280000 0.150000
0.220000 0.060000 0.340000 0.150000 0.110000
0.060000 0.040000 0.070000 0.060000 0.030000
0.200000 0.050000 0.170000 0.100000 0.050000
0.080000 0.090000 0.130000 0.340000 0.110000
0.040000 0.010000 0.010000 0.010000 0.020000
0.080000 0.100000 0.170000 0.430000 0.250000
0.090000 0.050000 0.110000 0.080000 0.050000
0.060000 0.030000 0.080000 0.150000 0.170000
0.100000 0.040000 0.140000 0.350000 0.100000
0.130000 0.090000 0.140000 0.180000 0.060000
0.050000 0.070000 0.080000 0.080000 0.030000
0.080000 0.030000 0.380000 0.130000 0.140000
0.040000 0.020000 0.030000 0.080000 0.040000
0.110000 0.070000 0.170000 0.140000 0.080000
0.110000 0.060000 0.180000 0.140000 0.050000
0.050000 0.030000 0.050000 0.070000 0.030000
0.040000 0.020000 0.030000 0.030000 0.030000
0.170000 0.100000 0.300000 0.320000 0.110000
0.060000 0.040000 0.110000 0.140000 0.090000
0.050000 0.020000 0.640000 0.270000 0.160000
0.040000 0.030000 0.210000 0.170000 0.030000
0.060000 0.030000 0.060000 0.060000 0.030000
0.090000 0.040000 0.340000 0.100000 0.090000
0.060000 0.020000 0.190000 0.130000 0.060000
0.060000 0.020000 0.020000 0.070000 0.030000
0.030000 0.040000 0.050000 0.170000 0.090000
0.020000 0.120000 0.040000 0.300000 0.120000
0.160000 0.080000 0.210000 0.680000 0.150000
0.090000 0.050000 0.100000 0.090000 0.050000
0.150000 0.100000 0.220000 0.200000 0.070000
0.060000 0.030000 0.060000 0.050000 0.030000
0.030000 0.020000 0.060000 0.140000 0.010000
0.040000 0.030000 0.100000 0.220000 0.060000
0.080000 0.090000 0.270000 0.230000 0.090000
0.140000 0.090000 0.160000 0.130000 0.070000
0.050000 0.030000 0.220000 0.060000 0.080000
0.050000 0.050000 0.200000 0.100000 0.030000
0.030000 0.020000 0.100000 0.100000 0.020000
0.050000 0.040000 0.210000 0.090000 0.030000
0.330000 0.170000 0.710000 0.500000 0.180000
0.150000 0.080000 0.190000 0.200000 0.120000
0.090000 0.050000 0.150000 0.180000 0.110000
0.070000 0.060000 0.570000 0.120000 0.090000
0.130000 0.120000 0.240000 0.380000 0.190000
0.040000 0.020000 0.010000 0.010000 0.020000
1.070000 0.690000 0.330000 0.350000 0.110000
0.090000 0.070000 0.300000 0.280000 0.200000
0.150000 0.100000 0.550000 0.140000 0.100000
0.040000 0.020000 0.050000 0.100000 0.050000
0.050000 0.030000 0.080000 0.060000 0.040000
0.010000 0.050000 0.330000 0.140000 0.160000
0.040000 0.020000 0.320000 0.320000 0.080000
0.380000 0.080000 0.390000 0.020000 0.100000
0.070000 0.040000 0.110000 0.180000 0.070000
0.160000 0.010000 0.390000 0.090000 0.070000
0.270000 0.080000 0.180000 0.320000 0.090000
0.150000 0.010000 0.150000 0.450000 0.120000
0.070000 0.060000 0.120000 0.220000 0.050000
0.180000 0.040000 0.580000 0.110000 0.060000
0.050000 0.090000 0.580000 0.190000 0.140000
0.190000 0.020000 0.030000 0.200000 0.460000
0.050000 0.020000 0.090000 0.020000 0.030000
0.070000 0.080000 0.480000 0.250000 0.090000
0.340000 0.320000 0.540000 0.430000 0.120000
0.600000 0.330000 0.800000 0.630000 0.280000
0.100000 0.070000 0.250000 0.270000 0.190000
0.130000 0.070000 0.130000 0.120000 0.060000
0.040000 0.060000 0.080000 0.370000 0.230000
0.030000 0.040000 0.060000 0.240000 0.180000
0.110000 0.060000 0.160000 0.180000 0.190000
0.220000 0.260000 0.190000 0.470000 0.280000
0.010000 0.120000 0.290000 0.550000 0.160000
0.020000 0.040000 0.480000 0.050000 0.050000
0.060000 0.040000 0.080000 0.060000 0.030000
0.220000 0.050000 0.570000 0.180000 0.060000
0.080000 0.050000 0.350000 0.250000 0.130000
0.040000 0.250000 0.120000 0.240000 0.040000
0.150000 0.080000 0.290000 0.220000 0.140000
0.290000 0.100000 0.450000 0.240000 0.080000
0.230000 0.030000 0.190000 0.250000 0.090000
0.080000 0.050000 0.130000 0.170000 0.080000
0.100000 0.060000 0.190000 0.530000 0.320000
0.210000 0.120000 0.400000 0.360000 0.150000
0.090000 0.060000 0.150000 0.200000 0.090000
0.090000 0.060000 0.140000 0.180000 0.100000
0.050000 0.030000 0.050000 0.050000 0.040000
0.040000 0.040000 0.040000 0.480000 0.250000
0.220000 0.110000 0.470000 0.480000 0.250000
0.280000 0.160000 0.520000 0.530000 0.250000
0.220000 0.270000 0.580000 0.380000 0.390000
0.040000 0.260000 0.190000 0.570000 0.380000
0.120000 0.020000 0.610000 0.200000 0.290000
0.050000 0.150000 0.050000 0.140000 0.060000
nan nan nan nan nan
0.190000 0.080000 0.730000 0.660000 0.410000
0.120000 0.260000 0.350000 0.360000 0.150000
0.010000 0.070000 0.020000 0.430000 0.120000
0.480000 0.070000 0.150000 0.270000 0.150000
0.190000 0.390000 0.600000 0.710000 0.270000
0.090000 0.040000 0.730000 0.160000 0.150000
nan nan nan nan nan
0.700000 0.160000 0.400000 0.100000 0.040000
0.090000 0.230000 0.560000 0.280000 0.040000
nan nan nan nan nan
nan nan nan nan nan
0.090000 0.070000 0.290000 0.110000 0.080000
0.250000 0.060000 0.680000 0.130000 0.170000
0.110000 0.380000 0.330000 0.370000 0.070000
1.040000 0.100000 0.280000 0.420000 0.460000
0.050000 0.020000 0.140000 0.030000 0.140000
nan nan nan nan nan
nan nan nan nan nan
0.580000 0.320000 0.890000 0.760000 0.320000
nan nan nan nan nan
0.110000 0.170000 0.140000 0.160000 0.120000
0.090000 0.100000 0.260000 0.670000 0.410000
0.170000 0.090000 0.210000 0.470000 0.620000
0.110000 0.040000 0.200000 0.160000 0.270000
3.800000 0.880000 0.500000 1.190000 0.630000
0.770000 0.110000 0.020000 0.720000 0.150000
nan nan nan nan nan
0.070000 0.050000 0.100000 0.090000 0.050000
0.470000 0.200000 1.800000 0.160000 0.080000
0.160000 0.020000 0.680000 0.170000 0.070000
0.190000 0.390000 0.400000 0.530000 0.140000
0.260000 0.130000 0.490000 0.310000 0.150000
1.020000 0.370000 1.350000 0.260000 0.090000
0.300000 0.060000 0.800000 0.170000 0.160000
0.100000 0.020000 0.340000 0.070000 0.160000
0.300000 0.070000 0.240000 0.320000 0.340000
0.150000 0.290000 0.790000 1.000000 0.410000
0.290000 0.250000 0.490000 0.610000 0.320000
0.140000 0.070000 0.190000 0.170000 0.110000
0.160000 0.060000 0.320000 0.560000 0.340000
0.120000 0.300000 0.550000 0.770000 0.350000
0.160000 0.300000 6.480000 1.880000 0.210000
0.290000 0.150000 0.540000 0.530000 0.230000
nan nan nan nan nan
nan nan nan nan nan
0.020000 0.170000 0.300000 0.210000 0.270000
nan nan nan nan nan
nan nan nan nan nan
0.370000 0.370000 0.800000 0.340000 0.590000
0.110000 0.410000 0.730000 0.490000 0.270000
0.150000 0.010000 0.460000 0.800000 0.470000
0.100000 0.250000 0.300000 0.520000 0.300000
2.230000 1.150000 5.770000 2.230000 0.650000
0.050000 0.220000 0.590000 0.180000 0.120000
nan nan nan nan nan
3.700000 0.610000 0.870000 0.200000 0.020000
0.620000 0.590000 0.160000 0.580000 0.090000
nan nan nan nan nan
nan nan nan nan nan
0.140000 0.160000 0.340000 0.210000 0.080000
0.940000 0.210000 0.780000 0.130000 0.190000
nan nan nan nan nan
4.020000 0.260000 0.230000 0.210000 0.100000
0.070000 0.060000 0.230000 0.200000 0.140000
3.380000 1.550000 6.260000 3.440000 0.760000
nan nan nan nan nan
0.420000 0.230000 0.720000 0.690000 0.320000
nan nan nan nan nan
0.220000 0.080000 0.920000 0.310000 0.310000
0.150000 0.200000 0.420000 0.760000 0.530000
0.460000 0.090000 0.490000 0.340000 0.330000
0.310000 0.140000 0.610000 0.400000 0.290000
0.670000 0.840000 4.690000 1.790000 0.600000
0.950000 0.150000 0.630000 0.550000 0.100000
nan nan nan nan nan
0.070000 0.040000 0.110000 0.250000 0.140000
0.770000 0.230000 3.810000 0.580000 0.130000
0.150000 0.320000 0.170000 0.720000 0.140000
0.610000 0.650000 0.730000 0.550000 0.280000
0.370000 0.280000 0.670000 0.560000 0.230000
nan nan nan nan nan
0.320000 0.100000 2.180000 0.150000 0.180000
0.150000 0.090000 0.150000 0.750000 0.400000
1.060000 0.160000 0.440000 0.240000 0.350000
0.030000 0.690000 4.810000 2.060000 0.500000
1.040000 0.960000 0.540000 0.890000 0.670000
0.090000 0.180000 0.150000 0.340000 0.060000
0.360000 0.060000 0.800000 0.230000 0.180000
nan nan nan nan nan
nan nan nan nan nan
0.160000 0.100000 0.670000 0.360000 0.180000
nan nan nan nan nan
nan nan nan nan nan
0.190000 0.280000 0.090000 0.440000 0.240000
nan nan nan nan nan
nan nan nan nan nan
nan nan nan nan nan
0.400000 0.600000 6.190000 1.570000 0.340000
0.440000 0.080000 1.210000 0.030000 0.290000
0.530000 0.300000 0.170000 0.520000 0.220000
nan nan nan nan nan
nan nan nan nan nan
nan nan nan nan nan
nan nan nan nan nan
3.070000 1.220000 0.480000 0.790000 0.210000
nan nan nan nan nan
nan nan nan nan nan
0.140000 0.330000 0.210000 0.500000 0.250000
1.610000 0.480000 1.390000 0.070000 0.170000
1.230000 0.950000 0.980000 0.570000 0.130000
nan nan nan nan nan
0.100000 0.070000 0.450000 0.240000 0.120000
nan nan nan nan nan
nan nan nan nan nan
0.390000 0.200000 0.800000 0.590000 0.210000
nan nan nan nan nan
0.210000 0.090000 1.000000 0.650000 0.390000
0.230000 0.230000 0.640000 0.830000 0.630000
1.570000 0.280000 0.940000 0.670000 0.230000
0.460000 0.180000 0.920000 0.640000 0.330000
4193.970000 11.980000 595.570000 26.730000 14.940000
0.650000 0.080000 1.090000 0.320000 0.440000
0.570000 0.150000 0.540000 0.500000 0.060000
0.150000 0.110000 0.360000 0.280000 0.150000
nan nan nan nan nan
0.190000 0.390000 2.580000 1.520000 0.320000
0.830000 0.950000 3.250000 1.560000 0.400000
0.360000 0.250000 0.610000 0.660000 0.310000
nan nan nan nan nan
nan nan nan nan nan
nan nan nan nan nan
3.390000 0.230000 0.420000 0.380000 0.370000
nan nan nan nan nan
nan nan nan nan nan
0.280000 0.120000 0.140000 0.450000 0.110000
nan nan nan nan nan
0.780000 0.570000 0.220000 0.720000 0.630000
