0.241482
0.284880
0.267805
0.198810
0.228598
0.205117
0.194581
0.192037
0.278818
0.266666
0.176714
0.290076
0.172566
0.203992
0.195642
0.240769
0.191601
0.198937
0.185719
0.197669
0.185506
0.201757
0.226099
0.180012
0.208784
0.228576
0.348646
0.226681
0.226541
0.192512
0.273673
0.342195
0.195915
0.208972
0.183879
0.181269
0.226218
0.212535
0.286216
0.281217
0.282209
0.200908
0.165816
0.260698
0.175400
0.198197
0.149558
0.190866
0.162959
0.187826
0.274632
0.283535
0.261999
0.191217
0.252913
0.363375
0.224260
0.312783
0.285983
0.260626
0.259405
0.257047
0.249422
0.222971
0.203700
0.283164
0.320154
0.188879
0.322516
0.171394
0.364936
0.213823
0.245927
0.228744
0.200376
0.324546
0.203374
0.245987
0.241373
0.350855
0.206271
0.250826
0.268180
0.282472
0.224822
0.185574
0.160757
0.379050
0.239517
0.194433
0.325752
0.243764
0.311140
0.286874
0.364930
0.257094
0.179346
0.304902
0.202870
0.280797
0.277103
0.263559
0.239907
0.292038
0.213999
0.202422
0.242157
0.275555
0.252670
0.250656
0.418624
0.358005
0.341678
0.270365
0.360749
0.337123
0.198806
0.351086
0.445034
0.346732
0.340431
0.388387
0.226932
0.179529
0.397562
0.192138
0.238165
0.293472
0.235203
0.316797
0.252040
0.255212
0.351609
0.359428
0.458835
0.341821
0.364144
0.267439
0.382301
0.264970
0.347700
0.264844
0.194030
0.187682
0.305792
0.211355
0.309470
0.218070
0.283227
0.334400
0.405249
0.306216
0.256634
0.300188
0.308174
0.186575
0.371857
0.411911
0.330647
0.244580
0.260888
0.238447
0.368153
0.339453
0.368795
0.438543
0.375744
0.414674
0.248793
0.395720
0.479188
0.230613
0.366522
0.245065
0.361973
0.430680
0.365239
0.428012
0.348191
0.448038
0.252938
0.286173
0.463330
0.423365
0.442873
0.296096
0.318056
0.222688
0.306431
0.373888
0.476556
0.250995
0.284711
0.310953
0.451862
0.355112
0.427022
0.277668
0.403886
0.298379
0.308882
0.255494
0.255312
0.322289
0.248228
0.401094
0.415024
0.228700
0.369035
0.370591
0.414210
0.344024
0.428791
0.297484
0.356059
0.329370
0.423817
0.290532
0.337021
0.502695
0.370450
0.486192
0.468280
0.429627
0.478888
0.489029
0.471495
0.493830
0.500237
0.366577
0.467575
0.372963
0.469261
0.398688
0.376867
0.474275
0.421292
0.474046
0.431427
0.417633
0.382213
0.431934
0.357288
0.275406
0.488432
0.436274
0.416506
0.372589
0.425540
0.458667
0.386381
0.432043
0.494457
0.302857
0.487975
0.391964
0.531841
0.468051
0.513011
0.352706
0.489883
0.440817
0.394730
0.439223
0.389184
0.499533
0.458654
0.381321
0.466486
0.387237
0.504178
0.462501
0.524859
0.494672
0.537032
0.455982
0.472121
0.515266
0.442950
0.534958
0.507569
0.534020
0.477580
0.481483
0.530346
0.431256
0.446471
0.516570
0.473330
0.532665
0.525432
0.289359
0.515565
0.446280
0.448227
0.500659
0.533569
0.517832
0.499281
0.398193
0.468070
0.503291
0.473152
0.447422
0.483343
0.484483
0.497640
0.445717
0.457506
0.500318
0.465357
0.458450
0.495489
0.539488
0.526828
0.449001
0.514440
0.337115
0.415584
0.467971
0.524494
0.446422
0.466809
0.510068
0.400282
0.491985
0.520670
0.490779
0.481917
0.513032
0.536506
0.390134
0.546628
0.509598
0.536656
0.403043
0.487994
0.507984
0.438419
0.534768
0.478383
0.508610
0.543492
0.520270
0.503382
0.519108
0.523561
0.515305
0.437581
0.537331
0.546949
0.453244
0.506512
0.473514
0.510715
0.505930
0.474540
0.533802
0.519543
0.497813
0.431369
0.529281
0.493202
0.543976
0.495617
0.543767
0.521517
0.487245
0.508799
0.478315
0.506290
0.463439
0.420682
0.503280
0.533753
0.467506
0.539749
0.542918
0.525621
0.538967
7.851488
0.519653
0.545730
0.508684
0.544671
0.546430
0.533219
0.550036
0.547664
0.547933
1.159441
0.539180
0.530076
0.544178
0.561489
0.544719
0.451659
0.557839
47.824399
0.464684
0.542269
0.540904
0.543179
0.523035
0.510527
0.560194
0.548194
0.556638
0.407099
0.547573
0.518231
0.547224
0.538969
0.550584
0.542068
0.518544
0.541520
0.550495
0.550486
0.523532
0.514699
0.548911
0.547406
0.500747
5.369427
2.900606
0.535641
0.545803
1.351371
0.552887
0.548079
0.530538
0.548919
0.549255
0.538895
0.569501
0.554987
0.554160
4.637908
2.720514
0.537783
0.552432
0.565166
0.561118
0.481108
0.547409
14.931274
0.482104
0.543559
0.525107
0.556533
0.536396
0.541598
0.605637
0.548943
0.524279
0.475514
0.548754
0.546134
0.550749
0.547533
1.026598
0.544610
0.533067
0.546821
0.555659
0.554275
0.538528
0.535705
0.542771
5.223060
0.531070
4.944033
5.130056
0.550895
1.543755
6.161293
3.891262
0.563095
0.544195
0.551347
4.703625
0.548590
0.547645
10.947537
0.559218
0.561761
3.388802
0.546682
0.550746
0.560552
5.448648
0.522604
5.410336
6.378545
0.509503
0.556378
0.537804
0.558173
0.547856
0.545324
4.084984
0.577432
0.546347
0.523512
2.353999
0.546560
0.550332
0.543068
4.673842
3.532143
0.546303
0.544116
0.837314
0.546249
0.543375
0.546135
0.541737
