0.097986
0.116880
0.111456
0.080184
0.095046
0.082274
0.073870
0.071232
0.118636
0.108778
0.060887
0.120991
0.051761
0.078823
0.069769
0.098499
0.070338
0.077631
0.065809
0.073074
0.066510
0.078052
0.092336
0.062513
0.084331
0.092982
0.148443
0.092174
0.092871
0.067918
0.111604
0.142074
0.078505
0.085541
0.063364
0.063985
0.093463
0.087706
0.113016
0.114725
0.116235
0.082161
0.049359
0.105963
0.053193
0.079578
0.032305
0.070674
0.041825
0.063469
0.112890
0.119035
0.104696
0.076173
0.107113
0.158188
0.090790
0.128505
0.119297
0.107137
0.107247
0.108512
0.102382
0.090483
0.082913
0.115103
0.130983
0.061334
0.132550
0.047822
0.149453
0.078973
0.100269
0.094205
0.080946
0.137824
0.080132
0.100949
0.098305
0.148804
0.083516
0.105032
0.112818
0.115009
0.091443
0.065227
0.040766
0.155696
0.098791
0.074567
0.132732
0.099367
0.128351
0.120768
0.149119
0.106429
0.063623
0.123034
0.081208
0.114512
0.112507
0.107545
0.098013
0.119638
0.086482
0.081408
0.099171
0.112766
0.105911
0.103417
0.169848
0.150523
0.140279
0.111102
0.148079
0.137909
0.080134
0.141414
0.186716
0.145066
0.139944
0.159496
0.091863
0.061664
0.163409
0.066607
0.097290
0.119047
0.095859
0.129030
0.103152
0.104572
0.144729
0.153216
0.191302
0.140599
0.151435
0.112424
0.156419
0.109060
0.142651
0.109073
0.070156
0.065292
0.126419
0.085445
0.127470
0.090071
0.116466
0.137911
0.169134
0.127012
0.106197
0.123368
0.136709
0.066924
0.155608
0.167639
0.136161
0.101617
0.107712
0.096737
0.150094
0.141560
0.155688
0.181464
0.151445
0.176514
0.101793
0.162440
0.211402
0.094266
0.151749
0.102427
0.144845
0.177789
0.144618
0.176912
0.143352
0.185336
0.105683
0.119112
0.190793
0.176381
0.183500
0.120850
0.133157
0.090328
0.125446
0.152477
0.200833
0.102930
0.118336
0.127240
0.185091
0.144663
0.177120
0.114999
0.166779
0.124769
0.128735
0.104036
0.107085
0.137060
0.101863
0.165074
0.178533
0.094759
0.151445
0.152068
0.173149
0.145542
0.178099
0.123708
0.146747
0.135958
0.184372
0.121970
0.138024
0.213492
0.154340
0.206619
0.193513
0.176039
0.203941
0.207008
0.196767
0.210269
0.215874
0.149957
0.196414
0.153190
0.199485
0.165419
0.155319
0.196829
0.174643
0.196726
0.179008
0.174762
0.156211
0.178505
0.148246
0.110945
0.210763
0.180765
0.169883
0.153035
0.181022
0.187700
0.158752
0.185012
0.211198
0.124311
0.205136
0.157483
0.234239
0.212154
0.223910
0.145619
0.206864
0.182873
0.163303
0.180357
0.159587
0.215511
0.189310
0.158946
0.194917
0.159592
0.222079
0.200159
0.235869
0.210129
0.238978
0.190443
0.196346
0.223608
0.184068
0.235476
0.220176
0.232049
0.201378
0.202659
0.229826
0.177481
0.183818
0.222788
0.200566
0.230008
0.229235
0.121002
0.223737
0.182868
0.185200
0.212287
0.230803
0.225149
0.215580
0.160804
0.196861
0.217208
0.197149
0.188036
0.204506
0.204331
0.209867
0.184759
0.187133
0.214918
0.193778
0.188217
0.212620
0.233893
0.246938
0.188045
0.228614
0.144512
0.179194
0.192595
0.227325
0.187236
0.194472
0.224924
0.166611
0.215460
0.225656
0.212088
0.211370
0.222944
0.236710
0.165659
0.246534
0.219403
0.233554
0.163398
0.207813
0.218004
0.192270
0.231262
0.202907
0.220768
0.235920
0.225377
0.217569
0.222484
0.233612
0.238708
0.179244
0.233258
0.241630
0.185401
0.220123
0.210488
0.220633
0.224918
0.202277
0.252691
0.224763
0.214215
0.177943
0.228927
0.207902
0.239095
0.215189
0.234689
0.225328
0.210894
0.217632
0.198425
0.220400
0.196695
0.173789
0.214738
0.231549
0.209048
0.256611
0.249275
0.231714
0.234302
1.633843
0.239171
0.241315
0.214483
0.239700
0.245587
0.231380
0.242827
0.243254
0.244481
0.239996
0.242104
0.232994
0.234242
0.245459
0.252560
0.183197
0.249717
5.509564
0.191156
0.244327
0.239134
0.237424
0.234702
0.221936
0.256679
0.246012
0.226917
0.163169
0.239157
0.223413
0.241903
0.232569
0.243687
0.229967
0.222338
0.244713
0.240172
0.246174
0.231136
0.223287
0.241499
0.245304
0.225989
0.862498
0.252075
0.233248
0.238956
0.245682
0.251735
0.244113
0.231138
0.238896
0.248446
0.236366
0.253481
0.250598
0.250904
0.252995
0.246030
0.239246
0.246645
0.247376
0.257711
0.216190
0.257311
1.571386
0.214015
0.247977
0.238448
0.250345
0.248271
0.244262
0.254673
0.245869
0.226197
0.202907
0.254057
0.240528
0.244771
0.240913
0.254421
0.234268
0.236115
0.255273
0.248982
0.249451
0.233662
0.245445
0.243254
0.247444
0.232678
0.844509
1.316480
0.243804
0.249596
0.916417
0.760345
0.244503
0.237510
0.244712
0.844049
0.241570
0.250278
1.491985
0.254794
0.251111
0.638572
0.243848
0.247671
0.248694
0.792409
0.243405
1.045421
1.373533
0.219452
0.250411
0.242818
0.254553
0.254061
0.251906
0.923866
0.251324
0.244137
0.240998
0.253510
0.240232
0.242384
0.233931
0.252688
0.246085
0.242791
0.255376
0.249407
0.259804
0.235412
0.243838
0.251823
