0.000963 0.001012 0.001223 0.001141 0.000675
0.001116 0.001099 0.001216 0.001048 0.000598
0.001038 0.000946 0.001144 0.001112 0.000688
0.000761 0.000702 0.000955 0.001054 0.000709
0.000889 0.000830 0.000960 0.000981 0.000637
0.000826 0.000812 0.000892 0.000866 0.000632
0.000754 0.000728 0.000801 0.000673 0.000459
0.000731 0.000724 0.000809 0.000691 0.000471
0.001063 0.000976 0.001123 0.001232 0.000807
0.001061 0.001057 0.001157 0.001019 0.000599
0.000616 0.000578 0.000662 0.000731 0.000556
0.001109 0.001010 0.001187 0.001318 0.000839
0.000586 0.000552 0.000600 0.000554 0.000406
0.000794 0.000833 0.000954 0.000820 0.000531
0.000718 0.000734 0.000873 0.000788 0.000522
0.000939 0.000918 0.001016 0.000851 0.000528
0.000728 0.000687 0.000757 0.000686 0.000483
0.000784 0.000758 0.000839 0.000704 0.000472
0.000690 0.000649 0.000721 0.000623 0.000447
0.000755 0.000750 0.000824 0.000669 0.000460
0.000688 0.000643 0.000763 0.000715 0.000504
0.000787 0.000811 0.000917 0.000784 0.000567
0.000883 0.000811 0.000912 0.000960 0.000661
0.000656 0.000611 0.000720 0.000655 0.000465
0.000840 0.000832 0.000922 0.000780 0.000500
0.000903 0.000874 0.000934 0.000760 0.000491
0.001328 0.001378 0.001568 0.001432 0.000852
0.000905 0.000905 0.000986 0.000824 0.000513
0.000877 0.000847 0.000965 0.000858 0.000544
0.000719 0.000724 0.000807 0.000677 0.000480
0.001096 0.001131 0.001276 0.001127 0.000657
0.001438 0.001437 0.001661 0.001437 0.000930
0.000779 0.000734 0.000855 0.000805 0.000544
0.000807 0.000752 0.000835 0.000743 0.000518
0.000674 0.000631 0.000674 0.000591 0.000419
0.000668 0.000615 0.000676 0.000612 0.000441
0.000870 0.000878 0.001160 0.001189 0.000726
0.000804 0.000741 0.000913 0.000891 0.000605
0.001157 0.001235 0.001453 0.001311 0.000755
0.001132 0.001164 0.001358 0.001215 0.000693
0.001123 0.001211 0.001408 0.001139 0.000830
0.000775 0.000695 0.000895 0.000938 0.000611
0.000556 0.000498 0.000573 0.000553 0.000410
0.001051 0.001082 0.001224 0.001080 0.000649
0.000598 0.000587 0.000655 0.000586 0.000429
0.000787 0.000772 0.000856 0.000729 0.000505
0.000421 0.000399 0.000486 0.000498 0.000387
0.000725 0.000712 0.000799 0.000677 0.000464
0.000498 0.000492 0.000580 0.000563 0.000414
0.000681 0.000665 0.000769 0.000679 0.000474
0.001086 0.001055 0.001079 0.000971 0.000671
0.001109 0.001148 0.001404 0.001363 0.000861
0.001043 0.001105 0.001244 0.001069 0.000619
0.000751 0.000662 0.000680 0.000628 0.000471
0.000989 0.001017 0.001162 0.001373 0.000968
0.001398 0.001335 0.001554 0.002869 0.001548
0.000901 0.000926 0.001095 0.001002 0.000620
0.001259 0.001268 0.001542 0.001514 0.000911
0.001093 0.000970 0.001080 0.001010 0.000637
0.001020 0.000982 0.001066 0.000910 0.000555
0.001012 0.001071 0.001393 0.001416 0.000871
0.000953 0.000900 0.001122 0.001161 0.000736
0.000983 0.000981 0.001092 0.000961 0.000579
0.000883 0.000844 0.000900 0.000744 0.000495
0.000768 0.000678 0.000794 0.000913 0.000632
0.001150 0.001208 0.001420 0.001311 0.000765
0.001295 0.001268 0.001379 0.001206 0.000768
0.000672 0.000669 0.000738 0.000632 0.000461
0.001328 0.001317 0.001470 0.001327 0.000792
0.000558 0.000541 0.000591 0.000545 0.000434
0.001515 0.001543 0.001689 0.001385 0.000765
0.000764 0.000805 0.000878 0.000848 0.000631
0.000975 0.000971 0.001052 0.000870 0.000527
0.000893 0.000924 0.001060 0.000927 0.000587
0.000778 0.000763 0.000847 0.000981 0.000684
0.001252 0.001157 0.001405 0.001644 0.001118
0.000797 0.000794 0.000892 0.000784 0.000521
0.000963 0.000946 0.001000 0.000808 0.000499
0.000953 0.000937 0.001031 0.000903 0.000591
0.001377 0.001436 0.002022 0.002095 0.001230
0.000824 0.000840 0.001012 0.000980 0.000636
0.000961 0.000939 0.001081 0.000905 0.000590
0.001056 0.001051 0.001283 0.001286 0.000800
0.001152 0.001166 0.001324 0.001159 0.000682
0.000891 0.000916 0.001020 0.000890 0.000562
0.000681 0.000669 0.000777 0.000678 0.000469
0.000501 0.000458 0.000499 0.000492 0.000422
0.001596 0.001551 0.001625 0.001386 0.000835
0.000939 0.000919 0.001138 0.001189 0.000790
0.000757 0.000730 0.000880 0.000824 0.000536
0.001355 0.001356 0.001565 0.001351 0.000760
0.000966 0.000975 0.001099 0.000927 0.000559
0.001251 0.001256 0.001404 0.001357 0.000829
0.001115 0.001081 0.001267 0.001313 0.000814
0.001549 0.001571 0.001802 0.001596 0.001061
0.000995 0.001036 0.001171 0.001052 0.000638
0.000662 0.000602 0.000696 0.000635 0.000455
0.001251 0.001310 0.001485 0.001289 0.000746
0.000798 0.000737 0.000802 0.000751 0.000524
0.001120 0.001132 0.001330 0.001219 0.000711
0.001117 0.001172 0.001313 0.001155 0.000661
0.001045 0.001072 0.001234 0.001170 0.000719
0.000943 0.000908 0.001000 0.000876 0.000563
0.001181 0.001177 0.001351 0.001160 0.000665
0.000857 0.000835 0.000906 0.000751 0.000485
0.000803 0.000769 0.000847 0.000751 0.000509
0.000949 0.000905 0.000918 0.000767 0.000509
0.001094 0.001126 0.001224 0.001121 0.000658
0.000972 0.000954 0.001168 0.001137 0.000690
0.000984 0.000962 0.001124 0.001306 0.000864
0.001833 0.001820 0.002569 0.001763 0.001079
0.001408 0.001448 0.001669 0.001577 0.000979
0.001389 0.001405 0.001572 0.001321 0.000731
0.001075 0.001103 0.001229 0.001147 0.000691
0.001488 0.001514 0.001619 0.001312 0.000754
0.001397 0.001415 0.001549 0.001308 0.000747
0.000782 0.000731 0.000851 0.000745 0.000496
0.001479 0.001561 0.001778 0.001525 0.000901
0.001743 0.001575 0.003030 0.004512 0.001580
0.001336 0.001354 0.001700 0.001540 0.000972
0.001433 0.001474 0.001667 0.001412 0.000811
0.001643 0.001687 0.001845 0.001547 0.000874
0.000896 0.000888 0.000967 0.000825 0.000529
0.000653 0.000590 0.000612 0.000583 0.000452
0.001681 0.001630 0.001750 0.001522 0.000944
0.000709 0.000702 0.000780 0.000648 0.000504
0.000937 0.000925 0.000997 0.001066 0.000691
0.001209 0.001236 0.001436 0.001306 0.000845
0.000926 0.000981 0.001127 0.001035 0.000660
0.001308 0.001313 0.001512 0.001314 0.000769
0.000989 0.000983 0.001110 0.001054 0.000645
0.001001 0.000962 0.001045 0.000905 0.000563
0.001453 0.001518 0.001914 0.001718 0.001120
0.001366 0.001133 0.001401 0.001441 0.001064
0.001925 0.001907 0.001903 0.001580 0.000987
0.001361 0.001358 0.001651 0.001477 0.000839
0.001436 0.001445 0.001631 0.001535 0.000966
0.001012 0.000924 0.001139 0.001132 0.000693
0.001601 0.001548 0.001733 0.001575 0.001316
0.001045 0.001071 0.001209 0.001087 0.000791
0.001440 0.001413 0.001648 0.001474 0.000861
0.001049 0.001099 0.001194 0.001012 0.000604
0.000699 0.000713 0.000851 0.000803 0.000544
0.000689 0.000688 0.000784 0.000676 0.000465
0.001198 0.001189 0.001433 0.001287 0.000763
0.000848 0.000877 0.000978 0.000850 0.000545
0.001239 0.001249 0.001391 0.001282 0.000767
0.000829 0.000787 0.000916 0.000832 0.000551
0.001112 0.001081 0.001108 0.000959 0.000591
0.001330 0.001344 0.001605 0.001414 0.000815
0.001600 0.001619 0.001795 0.001838 0.001403
0.001186 0.001204 0.001359 0.001308 0.000781
0.000978 0.000980 0.001122 0.001014 0.000616
0.001191 0.001225 0.001362 0.001151 0.000643
0.001198 0.001158 0.001649 0.001745 0.001310
0.000698 0.000648 0.000701 0.000652 0.000468
0.001544 0.001536 0.001746 0.001625 0.000976
0.001807 0.001893 0.002878 0.001820 0.001063
0.001362 0.001409 0.001738 0.001570 0.000956
0.000949 0.000976 0.001206 0.001295 0.000830
0.001013 0.000949 0.001021 0.000887 0.000568
0.000956 0.000988 0.001141 0.001020 0.000607
0.001555 0.001551 0.001843 0.001647 0.001182
0.001329 0.001306 0.001700 0.001620 0.001125
0.001416 0.001239 0.001358 0.001221 0.000795
0.001809 0.001795 0.001979 0.001679 0.000968
0.001629 0.001732 0.003386 0.002509 0.001362
0.001625 0.001371 0.001668 0.001752 0.001310
0.000979 0.001011 0.001190 0.001111 0.000704
0.001689 0.001715 0.002216 0.001901 0.001196
0.001990 0.001689 0.003195 0.005330 0.002056
0.000882 0.000885 0.000957 0.001146 0.000809
0.001459 0.001531 0.001868 0.001671 0.001067
0.000958 0.000991 0.001122 0.001046 0.000644
0.001503 0.001569 0.001672 0.001586 0.001031
0.001815 0.001868 0.002206 0.003896 0.001668
0.001516 0.001594 0.001714 0.001696 0.001119
0.001796 0.001833 0.002093 0.004436 0.001665
0.001461 0.001533 0.001775 0.001603 0.001026
0.001888 0.001951 0.003158 0.001822 0.001156
0.000955 0.000832 0.001003 0.001028 0.000684
0.001099 0.001080 0.001256 0.001397 0.000936
0.001948 0.001942 0.006395 0.003481 0.001365
0.001718 0.001703 0.001979 0.001666 0.001006
0.001860 0.001829 0.002919 0.001890 0.001340
0.001174 0.001206 0.001312 0.001338 0.000864
0.001272 0.001301 0.001438 0.001263 0.000727
0.000884 0.000867 0.000949 0.000848 0.000554
0.001242 0.001289 0.001430 0.001258 0.000752
0.001600 0.001580 0.001863 0.001601 0.000931
0.002072 0.002072 0.004271 0.002365 0.001263
0.000984 0.000986 0.001107 0.001052 0.000665
0.001133 0.001179 0.001417 0.001278 0.000790
0.001245 0.001227 0.001382 0.001366 0.000801
0.001945 0.001990 0.003122 0.001860 0.001115
0.001506 0.001515 0.001713 0.001462 0.000846
0.001798 0.001823 0.001982 0.001734 0.001075
0.001097 0.001116 0.001239 0.001090 0.000638
0.001733 0.001805 0.002488 0.002603 0.001376
0.001171 0.001110 0.001495 0.001470 0.000995
0.001251 0.001289 0.001405 0.001267 0.000752
0.001023 0.001036 0.001160 0.001004 0.000603
0.000971 0.000815 0.000995 0.001084 0.000698
0.001239 0.001195 0.001473 0.001493 0.000914
0.000973 0.000976 0.001151 0.001104 0.000668
0.001660 0.001582 0.001611 0.001290 0.000730
0.001584 0.001396 0.001703 0.001642 0.000981
0.000906 0.000876 0.000942 0.000951 0.000782
0.001537 0.001593 0.001802 0.001469 0.000806
0.001574 0.001627 0.001797 0.001478 0.000858
0.001646 0.001648 0.001880 0.001896 0.001249
0.001317 0.001194 0.001454 0.001382 0.000837
0.001801 0.001833 0.002351 0.002173 0.001325
0.001182 0.001201 0.001518 0.001538 0.000986
0.001451 0.001395 0.001404 0.001293 0.000761
0.001316 0.001273 0.001318 0.001157 0.000674
0.001765 0.001700 0.002361 0.004213 0.001611
0.001113 0.001028 0.001345 0.001601 0.001104
0.001394 0.001425 0.001624 0.001386 0.000798
0.002443 0.002308 0.005761 0.003510 0.001396
0.001481 0.001493 0.001728 0.001792 0.001347
0.002122 0.002130 0.005635 0.003599 0.001432
0.002072 0.002041 0.005007 0.002224 0.001293
0.001807 0.001800 0.003877 0.003436 0.001411
0.002047 0.002027 0.007835 0.003954 0.001441
0.002180 0.002558 0.008373 0.004412 0.001494
0.002051 0.002050 0.003899 0.001860 0.001166
0.002232 0.002122 0.005059 0.001858 0.001160
0.002343 0.002613 0.004567 0.003227 0.001437
0.001537 0.001499 0.001811 0.001701 0.001107
0.002005 0.001904 0.002105 0.001825 0.001130
0.001557 0.001511 0.001701 0.001386 0.000805
0.002002 0.001968 0.003334 0.001991 0.001229
0.001608 0.001609 0.001712 0.001417 0.000977
0.001560 0.001570 0.001772 0.001528 0.000901
0.002094 0.002096 0.004405 0.002635 0.001352
0.001777 0.001905 0.007086 0.004835 0.001536
0.002058 0.001999 0.005107 0.002360 0.001544
0.001742 0.001704 0.001824 0.001457 0.000791
0.001700 0.001669 0.001878 0.001584 0.000902
0.001620 0.001622 0.001911 0.001645 0.000966
0.001775 0.001727 0.002708 0.002181 0.001242
0.001412 0.001392 0.001659 0.001402 0.000824
0.001116 0.001174 0.001406 0.001265 0.000749
0.002107 0.002151 0.003353 0.001906 0.001229
0.001789 0.001762 0.001925 0.001705 0.001042
0.001789 0.001859 0.001929 0.001615 0.001044
0.001551 0.001586 0.001751 0.001479 0.001022
0.001648 0.001441 0.001575 0.001566 0.001210
0.001960 0.002001 0.004134 0.002323 0.001243
0.001573 0.001715 0.003216 0.002995 0.001372
0.001678 0.001558 0.001703 0.001605 0.001366
0.002183 0.002404 0.006467 0.003832 0.001408
0.001222 0.001197 0.001357 0.001338 0.000794
0.002179 0.002139 0.005075 0.003332 0.001560
0.001585 0.001708 0.002509 0.003549 0.001419
0.003656 0.002682 0.005554 0.002921 0.001559
0.001929 0.001863 0.003327 0.002966 0.001742
0.002971 0.002365 0.003839 0.002586 0.001403
0.001440 0.001470 0.001641 0.001447 0.000831
0.002136 0.002151 0.003467 0.003513 0.001462
0.001833 0.001915 0.003278 0.003785 0.001590
0.001677 0.001727 0.002010 0.001788 0.001129
0.001889 0.001831 0.001883 0.001710 0.001056
0.001643 0.001686 0.001841 0.001565 0.000930
0.002394 0.002676 0.007221 0.003525 0.001405
0.001884 0.001916 0.003343 0.001956 0.001317
0.001503 0.001419 0.001703 0.001572 0.000926
0.002029 0.001957 0.002292 0.001899 0.001288
0.001632 0.001693 0.001894 0.001572 0.000884
0.002462 0.002461 0.009340 0.006477 0.002519
0.001950 0.001861 0.003712 0.005193 0.002292
0.003395 0.002815 0.011354 0.005228 0.001530
0.002319 0.002303 0.012491 0.004358 0.001505
0.003983 0.003232 0.009933 0.003742 0.001411
0.001929 0.001927 0.004254 0.004524 0.001610
0.002064 0.001996 0.003634 0.002195 0.001226
0.003256 0.003070 0.008521 0.003892 0.001490
0.001835 0.001720 0.001989 0.001792 0.001159
0.003895 0.003344 0.005490 0.002911 0.001379
0.002871 0.003090 0.009668 0.003668 0.001407
0.003871 0.003521 0.005780 0.001985 0.001209
0.002059 0.002069 0.003945 0.002653 0.001434
0.002144 0.002392 0.007420 0.003201 0.001633
0.003941 0.003943 0.007375 0.003544 0.001483
0.001821 0.001845 0.002028 0.001770 0.001116
0.001983 0.001977 0.005966 0.004268 0.001576
0.003181 0.003081 0.008735 0.003648 0.001511
0.001988 0.001953 0.002387 0.001707 0.001009
0.003667 0.003141 0.005985 0.002539 0.001317
0.003071 0.003536 0.010061 0.004160 0.001473
0.001147 0.001143 0.001324 0.001308 0.000784
0.003373 0.003714 0.011616 0.005841 0.001709
0.001957 0.001915 0.001986 0.001847 0.001218
0.001919 0.001910 0.006602 0.005021 0.001676
0.002344 0.002524 0.010690 0.003798 0.001348
0.003554 0.003841 0.008952 0.002928 0.001344
0.003017 0.003104 0.004577 0.002022 0.001240
0.002560 0.002530 0.011230 0.005208 0.001569
0.001770 0.001891 0.003894 0.002507 0.001233
0.001943 0.001910 0.003591 0.003194 0.001491
0.002405 0.002721 0.006961 0.002487 0.001240
0.002039 0.002054 0.003699 0.001947 0.001173
0.001817 0.001787 0.002578 0.002057 0.001338
0.002133 0.002375 0.008249 0.003505 0.001346
0.002137 0.002316 0.006653 0.003489 0.001534
0.002230 0.002486 0.014301 0.006766 0.001768
0.001896 0.001921 0.005561 0.004098 0.001530
0.001958 0.001964 0.003275 0.001833 0.001287
0.002473 0.002343 0.009865 0.003693 0.001356
0.001977 0.001859 0.004970 0.004197 0.001462
0.001953 0.001908 0.003420 0.001894 0.001132
0.002355 0.002703 0.006395 0.003636 0.001394
0.003641 0.003742 0.010028 0.004235 0.001479
0.003586 0.002020 0.005217 0.010616 0.003595
0.001786 0.001601 0.001724 0.001733 0.001511
0.003120 0.003209 0.006117 0.002539 0.001314
0.001353 0.001232 0.001500 0.001681 0.001359
0.001617 0.001550 0.002732 0.003176 0.001386
0.002059 0.002127 0.006442 0.002821 0.001275
0.003527 0.003725 0.010861 0.003593 0.001358
0.001808 0.001758 0.001950 0.001638 0.000995
0.002038 0.002077 0.007573 0.003989 0.001537
0.002460 0.002114 0.005373 0.003227 0.001449
0.001618 0.001723 0.003484 0.002455 0.001287
0.002091 0.002026 0.005421 0.002176 0.001255
0.003454 0.003425 0.014916 0.004222 0.001586
0.002121 0.002013 0.003509 0.003754 0.001730
0.001965 0.001957 0.007604 0.004138 0.001466
0.003004 0.003113 0.015089 0.005106 0.001531
0.004001 0.004038 0.013302 0.005605 0.001598
0.001490 0.001478 0.001740 0.001598 0.001006
0.011014 0.008103 0.013085 0.003534 0.001388
0.002867 0.003212 0.014546 0.006760 0.001724
0.004391 0.004257 0.015264 0.004584 0.001508
0.001730 0.001876 0.004072 0.002719 0.001265
0.002141 0.002217 0.004020 0.002277 0.001207
0.002770 0.003040 0.011996 0.005161 0.001577
0.001701 0.001765 0.006847 0.005888 0.001780
0.004495 0.004304 0.009633 0.003701 0.001499
0.002071 0.002135 0.006564 0.003090 0.001317
0.003062 0.003100 0.011061 0.006207 0.001737
0.004879 0.004295 0.012062 0.003495 0.001338
0.003171 0.003193 0.014653 0.004250 0.001413
0.002626 0.002865 0.008003 0.002921 0.001429
0.003383 0.003852 0.013602 0.003403 0.001319
0.003612 0.002757 0.013508 0.005816 0.001611
0.002797 0.001976 0.008666 0.008679 0.002535
0.001793 0.001759 0.003103 0.002100 0.001214
0.003823 0.003960 0.014432 0.004861 0.001456
0.006385 0.006040 0.010536 0.001976 0.001245
0.001960 0.001946 0.003229 0.001797 0.001046
0.003097 0.003340 0.012275 0.005857 0.001635
0.001981 0.001807 0.001816 0.002907 0.001624
0.002940 0.003164 0.013115 0.005738 0.001657
0.002094 0.002037 0.010342 0.005906 0.001620
0.002011 0.002047 0.004614 0.005305 0.001769
0.005495 0.003589 0.014808 0.007149 0.001681
0.003599 0.003865 0.014303 0.004749 0.001528
0.002306 0.002550 0.011566 0.004206 0.001455
0.001887 0.001962 0.002955 0.001715 0.000979
0.004097 0.004065 0.013218 0.002894 0.001319
0.002222 0.002426 0.011064 0.004527 0.001478
0.005663 0.005427 0.009673 0.002054 0.001210
0.002168 0.002081 0.007343 0.004529 0.001619
0.004607 0.004341 0.012447 0.002797 0.001303
0.003259 0.003111 0.011353 0.003738 0.001441
0.002073 0.002019 0.009337 0.006297 0.001783
0.002429 0.002698 0.013836 0.006739 0.001660
0.002118 0.002150 0.008253 0.003956 0.001479
0.002788 0.003079 0.009110 0.004346 0.001529
0.001905 0.001927 0.005272 0.003671 0.001490
0.001780 0.001751 0.002766 0.002322 0.001285
0.002648 0.002981 0.014002 0.006229 0.001643
0.003540 0.003683 0.019222 0.006836 0.001708
0.002006 0.001976 0.008823 0.005843 0.001697
0.006338 0.004995 0.019972 0.008180 0.002311
0.005551 0.005533 0.018573 0.008648 0.001941
0.002681 0.002539 0.016323 0.007232 0.001835
0.004439 0.004118 0.007650 0.004133 0.001538
1.794847 1.733518 0.705980 0.076757 0.029425
0.003775 0.003240 0.023541 0.009093 0.001818
0.007178 0.006602 0.017804 0.004893 0.001485
0.002923 0.003247 0.012487 0.004257 0.001508
0.006377 0.005877 0.009971 0.004655 0.001536
0.007920 0.005920 0.021200 0.006602 0.001754
0.003197 0.002834 0.016695 0.008133 0.002010
0.006522 0.006279 0.013909 0.004189 0.001438
0.006934 0.005684 0.008983 0.001872 0.001148
0.006442 0.006070 0.017384 0.004224 0.001463
0.012540 0.010657 0.023760 0.040083 0.015934
0.007066 0.007015 0.032581 0.006616 0.001679
0.003331 0.002864 0.009161 0.003416 0.001440
0.004569 0.004486 0.019342 0.005104 0.001566
0.007532 0.006565 0.015186 0.009140 0.001824
0.009411 0.004027 0.014625 0.007991 0.002006
0.001983 0.001966 0.006448 0.005163 0.001610
0.011597 0.010668 0.025821 0.007568 0.001657
2.946183 2.666322 1.720819 0.342937 0.331693
0.001991 0.002046 0.005957 0.003300 0.001339
0.004688 0.005179 0.198783 0.007213 0.001801
0.005030 0.004162 0.007143 0.004163 0.001529
0.003872 0.004114 0.021200 0.008762 0.001935
0.003481 0.002423 0.010837 0.012479 0.002719
0.002355 0.002113 0.007336 0.007430 0.001754
0.009119 0.004791 0.030835 0.010145 0.001728
0.008062 0.006179 0.020921 0.005025 0.001475
0.003897 0.004156 0.039073 0.041772 0.042516
0.001765 0.001885 0.003140 0.002468 0.001534
0.005082 0.005304 0.027791 0.007854 0.001762
0.003170 0.003494 0.016972 0.005330 0.001514
0.007186 0.006863 0.016144 0.004321 0.001600
0.004467 0.004352 0.011105 0.004611 0.001610
0.009708 0.008663 0.021342 0.005840 0.001632
0.005000 0.004753 0.017711 0.004800 0.001589
0.002729 0.002907 0.011335 0.008247 0.001804
0.003757 0.002834 0.011141 0.007300 0.001739
0.005304 0.005696 0.022828 0.007656 0.001874
0.006103 0.005945 0.019813 0.006656 0.001803
0.003118 0.003029 0.006407 0.004111 0.001458
0.002999 0.002978 0.016080 0.007464 0.001732
0.005822 0.006013 0.023155 0.008206 0.001821
0.006181 0.005989 0.027937 0.006693 0.001618
0.002241 0.002138 0.010136 0.006591 0.001743
0.008703 0.121770 0.019008 0.009770 0.001885
0.012644 0.034825 0.047886 0.538841 0.022210
0.004550 0.004551 0.014300 0.006778 0.001746
0.006994 0.006942 0.016766 0.003902 0.001577
0.012770 0.010410 0.163269 0.191373 8.447451
0.010661 0.009262 0.035522 0.012139 0.001863
0.008804 0.007881 0.022109 0.006511 0.001612
0.003267 0.002892 0.019116 0.008795 0.001695
0.006417 0.006597 0.018860 0.006842 0.001669
0.012748 0.009426 0.024948 0.009427 0.002124
0.005104 0.005366 0.020934 0.009714 0.002132
0.012140 0.010899 0.364399 0.349039 0.346884
0.014650 0.009492 0.012676 0.001944 0.001127
0.010938 0.009504 0.016369 0.003224 0.001292
0.282965 1.401594 0.802159 0.499973 0.097357
0.011936 0.021186 0.105122 0.114806 0.019689
0.004731 0.003871 0.012169 0.005229 0.001644
0.009561 0.008260 0.019908 0.006066 0.001708
0.011824 0.009569 0.150159 0.199141 0.192954
0.013108 0.006297 0.008550 0.005572 0.001812
0.002134 0.002344 0.010928 0.006361 0.001839
0.013154 0.009615 0.050278 0.010207 0.001704
0.926861 0.282799 0.116332 0.061852 0.018028
0.002025 0.002089 0.009709 0.005657 0.001678
0.008050 0.006361 0.023912 0.007384 0.001745
0.003453 0.003052 0.016633 0.008383 0.001909
0.005645 0.005340 0.023326 0.010685 0.002455
0.005875 0.003134 0.011866 0.010634 0.002974
0.005072 0.004118 0.015096 0.007595 0.001839
0.011857 0.008486 0.035023 0.009094 0.001774
0.009117 0.007563 0.021305 0.006777 0.001626
0.003515 0.003325 0.020374 0.004600 0.001391
0.002007 0.002081 0.009060 0.005140 0.001702
0.006969 0.006610 0.043498 0.010462 0.001788
0.006150 0.006341 0.023151 0.006867 0.001696
0.011051 0.010017 0.020294 0.006178 0.001814
0.006199 0.006011 0.016631 0.005382 0.001605
0.011771 0.011475 0.027105 0.045198 0.030751
0.004565 0.004842 0.029849 0.005457 0.001586
0.003799 0.004061 0.024712 0.008842 0.001833
0.008630 0.005456 0.011382 0.007595 0.001755
0.011118 0.010762 0.024774 0.008086 0.001807
0.012840 0.009696 0.024546 0.009275 0.002443
0.004363 0.004706 0.015135 0.004952 0.001603
0.004916 0.004378 0.021282 0.006231 0.001768
0.005228 0.004685 0.015838 0.962370 0.823602
0.554184 2.093383 2.099709 1.866570 0.849808
0.003733 0.003707 0.019757 0.009570 0.001830
0.152694 0.023060 0.031874 0.020318 0.008614
3.122147 4.569641 2.897499 0.030856 0.653835
0.006621 0.006456 0.021633 0.007185 0.001724
0.009908 0.006912 0.038864 0.122908 0.019967
1.287778 1.519036 1.446765 1.061485 0.446461
0.151289 0.043147 0.077703 0.045733 0.016134
0.009282 0.008186 0.032477 0.007181 0.001621
0.005621 0.005593 0.025214 0.008254 0.001806
0.008980 0.008890 0.020781 0.006045 0.001572
0.432966 0.041514 0.085364 0.061294 0.020230
0.005712 0.005740 0.019703 0.010794 0.010083
0.014055 0.010430 0.038125 0.006785 0.001503
0.256342 0.612278 0.134269 0.073624 0.019480
0.013236 0.009411 0.018507 0.004587 0.001502
0.008525 0.008749 0.048042 0.010212 0.008121
0.026313 0.047622 0.041412 0.041888 0.016034
0.006976 0.005920 0.018530 0.006682 0.001777
0.012076 0.010435 0.022734 0.006900 0.001727
0.014246 0.011239 0.018808 0.004365 0.001594
0.039004 0.231363 0.154377 0.113621 0.020791
0.003232 0.002101 0.011267 0.008502 0.002250
0.021841 0.075170 0.039375 0.016202 0.006379
2.004470 1.442500 1.172248 0.128728 0.238953
0.002963 0.002952 0.012921 0.004739 0.001558
0.011615 0.011126 0.022149 0.006976 0.001761
0.004578 0.004311 0.018578 0.011536 0.002324
0.007567 0.006344 0.025109 0.012649 0.002864
0.011914 0.008122 0.015636 0.011994 0.002945
0.006532 0.005246 0.019248 0.011624 0.002541
0.436264 0.316569 0.326737 0.091500 0.016361
0.007515 0.007661 0.023006 0.026948 0.028355
0.005753 0.005411 0.018946 0.006023 0.001649
0.003853 0.002216 0.010210 0.005944 0.001811
0.010829 0.009864 0.053119 0.048953 0.031608
0.006512 0.006899 0.038969 0.007589 0.001744
0.011908 0.011083 0.035597 0.007686 0.002323
0.005193 0.005695 0.023923 0.007010 0.001796
0.027762 0.241156 0.366504 0.270265 0.022925
0.005375 0.015088 0.659908 0.424593 0.022145
0.006375 0.005752 0.023668 0.006907 0.001593
0.011483 0.005205 0.012777 0.007751 0.001751
0.012232 0.010703 0.040644 0.012559 0.008215
0.011920 0.009703 0.027705 0.010214 0.001887
0.005575 0.005339 0.015773 0.004001 0.001361
0.006482 0.004829 0.021048 0.258783 0.195753
0.009051 0.006584 0.024594 0.012803 0.002359
