0.000989 0.000682 0.001490 0.000740 0.000340
0.001387 0.000957 0.001474 0.000583 0.000304
0.001202 0.000606 0.001268 0.000707 0.000338
0.000507 0.000350 0.000738 0.000592 0.000354
0.000822 0.000476 0.000766 0.000485 0.000311
0.000664 0.000452 0.000612 0.000448 0.000313
0.000519 0.000367 0.000440 0.000318 0.000218
0.000480 0.000358 0.000456 0.000335 0.000228
0.001157 0.000604 0.001197 0.000969 0.000444
0.001233 0.000852 0.001328 0.000524 0.000300
0.000285 0.000255 0.000289 0.000354 0.000263
0.001391 0.000750 0.001398 0.001192 0.000484
0.000234 0.000237 0.000249 0.000247 0.000183
0.000531 0.000457 0.000742 0.000412 0.000267
0.000424 0.000383 0.000573 0.000388 0.000257
0.000941 0.000564 0.000898 0.000410 0.000259
0.000471 0.000337 0.000378 0.000344 0.000236
0.000579 0.000399 0.000508 0.000336 0.000227
0.000404 0.000308 0.000324 0.000286 0.000207
0.000518 0.000388 0.000481 0.000326 0.000221
0.000403 0.000303 0.000376 0.000342 0.000240
0.000587 0.000431 0.000652 0.000377 0.000273
0.000801 0.000435 0.000640 0.000497 0.000331
0.000350 0.000275 0.000330 0.000323 0.000222
0.000667 0.000465 0.000673 0.000375 0.000246
0.000845 0.000512 0.000703 0.000361 0.000241
0.001989 0.001501 0.002787 0.001450 0.000508
0.000790 0.000522 0.000810 0.000394 0.000252
0.000790 0.000467 0.000757 0.000418 0.000269
0.000437 0.000358 0.000451 0.000324 0.000231
0.001302 0.000972 0.001700 0.000714 0.000327
0.002096 0.001846 0.003161 0.001536 0.000655
0.000505 0.000368 0.000532 0.000391 0.000263
0.000639 0.000396 0.000507 0.000354 0.000243
0.000376 0.000297 0.000294 0.000267 0.000192
0.000325 0.000285 0.000302 0.000294 0.000210
0.000778 0.000501 0.001268 0.000841 0.000355
0.000569 0.000396 0.000656 0.000462 0.000299
0.001338 0.001149 0.002322 0.001111 0.000375
0.001389 0.001032 0.001980 0.000888 0.000343
0.001388 0.001082 0.002148 0.000756 0.000480
0.000508 0.000344 0.000603 0.000470 0.000303
0.000209 0.000204 0.000232 0.000242 0.000184
0.001186 0.000883 0.001528 0.000647 0.000325
0.000244 0.000263 0.000284 0.000272 0.000192
0.000521 0.000398 0.000538 0.000355 0.000243
0.000147 0.000157 0.000191 0.000216 0.000170
0.000416 0.000362 0.000450 0.000346 0.000228
0.000179 0.000202 0.000234 0.000250 0.000185
0.000387 0.000322 0.000389 0.000324 0.000225
0.001298 0.000845 0.001093 0.000480 0.000322
0.001312 0.000983 0.002174 0.001274 0.000516
0.001117 0.000864 0.001597 0.000638 0.000322
0.000491 0.000308 0.000295 0.000284 0.000218
0.001027 0.000665 0.001342 0.001256 0.000716
0.002218 0.001410 0.002487 0.003792 0.002291
0.000813 0.000571 0.001117 0.000513 0.000311
0.001706 0.001375 0.002738 0.001665 0.000610
0.001346 0.000666 0.001046 0.000505 0.000317
0.001140 0.000678 0.001018 0.000438 0.000275
0.001092 0.000746 0.002075 0.001387 0.000538
0.000903 0.000554 0.001187 0.000818 0.000352
0.001018 0.000606 0.001090 0.000467 0.000289
0.000795 0.000479 0.000629 0.000367 0.000243
0.000567 0.000325 0.000423 0.000459 0.000310
0.001412 0.001117 0.002191 0.001115 0.000385
0.001791 0.001404 0.002112 0.000910 0.000390
0.000376 0.000335 0.000355 0.000304 0.000219
0.001855 0.001525 0.002498 0.001210 0.000421
0.000221 0.000237 0.000250 0.000237 0.000192
0.002298 0.001970 0.003267 0.001285 0.000388
0.000516 0.000443 0.000585 0.000419 0.000313
0.001024 0.000649 0.001004 0.000420 0.000261
0.000812 0.000580 0.001019 0.000471 0.000296
0.000564 0.000403 0.000527 0.000505 0.000332
0.001757 0.001131 0.002143 0.002235 0.001032
0.000604 0.000435 0.000611 0.000382 0.000256
0.000903 0.000556 0.000846 0.000387 0.000246
0.000969 0.000586 0.000935 0.000447 0.000290
0.002096 0.001522 0.004564 0.003108 0.001314
0.000597 0.000465 0.000876 0.000487 0.000309
0.001017 0.000558 0.001061 0.000435 0.000287
0.001237 0.000829 0.001697 0.001068 0.000430
0.001405 0.001109 0.001910 0.000800 0.000343
0.000811 0.000535 0.000889 0.000431 0.000278
0.000380 0.000316 0.000403 0.000325 0.000223
0.000180 0.000187 0.000192 0.000205 0.000184
0.002504 0.002196 0.003151 0.001379 0.000490
0.000933 0.000540 0.001208 0.000827 0.000424
0.000525 0.000364 0.000582 0.000406 0.000265
0.001876 0.001614 0.002772 0.001205 0.000378
0.001007 0.000620 0.001108 0.000453 0.000280
0.001676 0.001334 0.002231 0.001220 0.000482
0.001298 0.000832 0.001620 0.001116 0.000454
0.002361 0.002107 0.003727 0.002027 0.000915
0.001095 0.000710 0.001333 0.000581 0.000318
0.000357 0.000270 0.000307 0.000293 0.000212
0.001638 0.001388 0.002432 0.001052 0.000373
0.000616 0.000382 0.000440 0.000369 0.000258
0.001360 0.001024 0.001929 0.000902 0.000347
0.001308 0.001018 0.001822 0.000764 0.000334
0.001101 0.000803 0.001595 0.000817 0.000353
0.000945 0.000546 0.000854 0.000422 0.000274
0.001497 0.001137 0.001956 0.000780 0.000335
0.000733 0.000474 0.000639 0.000357 0.000235
0.000553 0.000400 0.000524 0.000372 0.000252
0.000965 0.000537 0.000674 0.000367 0.000247
0.001325 0.000932 0.001537 0.000693 0.000326
0.000974 0.000616 0.001359 0.000754 0.000338
0.001024 0.000576 0.001173 0.001101 0.000536
0.002974 0.002896 0.005444 0.002572 0.000980
0.002131 0.001711 0.003289 0.001966 0.000742
0.002024 0.001633 0.002769 0.001127 0.000365
0.001148 0.000866 0.001537 0.000744 0.000341
0.002225 0.001909 0.002978 0.001101 0.000372
0.002029 0.001688 0.002686 0.001092 0.000367
0.000574 0.000362 0.000523 0.000353 0.000237
0.002012 0.001938 0.003629 0.001662 0.000603
0.003082 0.002346 0.006163 0.005196 0.002466
0.001977 0.001589 0.003436 0.001853 0.000727
0.002045 0.001844 0.003319 0.001443 0.000449
0.002526 0.002322 0.004032 0.001742 0.000555
0.000828 0.000515 0.000766 0.000401 0.000263
0.000304 0.000274 0.000261 0.000270 0.000209
0.002717 0.002417 0.003607 0.001784 0.000681
0.000436 0.000357 0.000414 0.000305 0.000231
0.000896 0.000550 0.000856 0.000604 0.000342
0.001528 0.001289 0.002352 0.001159 0.000497
0.000892 0.000603 0.001184 0.000547 0.000328
0.001775 0.001497 0.002647 0.001166 0.000392
0.001070 0.000639 0.001150 0.000608 0.000330
0.001096 0.000638 0.000956 0.000449 0.000285
0.002163 0.001939 0.004387 0.002315 0.001064
0.001870 0.001013 0.002143 0.001552 0.000927
0.003113 0.002978 0.004107 0.001811 0.000762
0.001996 0.001481 0.003098 0.001547 0.000491
0.002230 0.001704 0.003038 0.001880 0.000721
0.001134 0.000567 0.001237 0.000757 0.000344
0.002516 0.002181 0.003414 0.001993 0.001567
0.001076 0.000786 0.001446 0.000622 0.000423
0.002119 0.001774 0.003100 0.001524 0.000528
0.001173 0.000858 0.001414 0.000517 0.000309
0.000406 0.000362 0.000527 0.000388 0.000265
0.000354 0.000334 0.000414 0.000324 0.000221
0.001435 0.001172 0.002318 0.001115 0.000379
0.000670 0.000496 0.000795 0.000430 0.000274
0.001552 0.001293 0.002182 0.001088 0.000387
0.000613 0.000440 0.000668 0.000419 0.000271
0.001378 0.000915 0.001182 0.000468 0.000291
0.001919 0.001480 0.002926 0.001381 0.000455
0.002452 0.002336 0.003940 0.002992 0.001796
0.001581 0.001099 0.002007 0.001116 0.000405
0.001019 0.000664 0.001217 0.000539 0.000307
0.001432 0.001147 0.001994 0.000761 0.000325
0.001637 0.000902 0.003018 0.002665 0.001551
0.000420 0.000308 0.000313 0.000310 0.000219
0.002333 0.002118 0.003643 0.002009 0.000738
0.002713 0.002802 0.005538 0.002597 0.000928
0.001866 0.001695 0.003606 0.001921 0.000695
0.000964 0.000604 0.001421 0.001073 0.000482
0.001139 0.000613 0.000886 0.000431 0.000277
0.000964 0.000649 0.001238 0.000525 0.000303
0.002352 0.002112 0.003890 0.002107 0.001208
0.001932 0.001465 0.003284 0.002054 0.001062
0.002130 0.001308 0.002066 0.000966 0.000422
0.003078 0.002663 0.004417 0.002128 0.000735
0.002363 0.002358 0.006634 0.003722 0.001715
0.002503 0.001611 0.003182 0.002623 0.001553
0.001040 0.000635 0.001387 0.000674 0.000341
0.002688 0.002463 0.004908 0.002850 0.001236
0.003854 0.002746 0.006346 0.006187 0.004504
0.000804 0.000500 0.000762 0.000728 0.000451
0.002118 0.001852 0.003999 0.002186 0.000925
0.000955 0.000688 0.001185 0.000578 0.000316
0.002199 0.002001 0.003336 0.001896 0.000847
0.002761 0.002762 0.004855 0.004859 0.002983
0.002095 0.002056 0.003411 0.002252 0.001043
0.002737 0.002687 0.004727 0.005381 0.002939
0.002136 0.001873 0.003620 0.002092 0.000843
0.003170 0.002977 0.006012 0.002627 0.001129
0.000994 0.000469 0.000841 0.000540 0.000335
0.001360 0.000823 0.001619 0.001326 0.000658
0.003413 0.003024 0.009921 0.004383 0.001711
0.002978 0.002345 0.004484 0.002131 0.000800
0.003299 0.002820 0.005719 0.002895 0.001650
0.001512 0.001102 0.001865 0.001176 0.000531
0.001672 0.001372 0.002371 0.001041 0.000359
0.000710 0.000487 0.000723 0.000407 0.000268
0.001485 0.001294 0.002248 0.000988 0.000379
0.002458 0.002244 0.003996 0.001879 0.000654
0.003668 0.003573 0.007652 0.003551 0.001436
0.001048 0.000683 0.001147 0.000578 0.000327
0.001380 0.001110 0.002284 0.001094 0.000407
0.001690 0.001290 0.002169 0.001268 0.000425
0.003202 0.003157 0.006121 0.002753 0.001057
0.002228 0.001999 0.003518 0.001582 0.000505
0.002991 0.002666 0.004645 0.002357 0.000949
0.001248 0.000903 0.001628 0.000669 0.000320
0.002766 0.002597 0.005378 0.003698 0.001735
0.001370 0.000899 0.002542 0.001643 0.000774
0.001666 0.001303 0.002245 0.001061 0.000372
0.001131 0.000797 0.001327 0.000501 0.000301
0.000925 0.000410 0.000817 0.000630 0.000347
0.001723 0.001116 0.002485 0.001688 0.000611
0.000917 0.000597 0.001268 0.000693 0.000331
0.002696 0.002306 0.003083 0.001110 0.000363
0.002417 0.001751 0.003293 0.002059 0.000733
0.000849 0.000514 0.000719 0.000522 0.000416
0.002123 0.002041 0.003743 0.001497 0.000442
0.002379 0.002215 0.003779 0.001640 0.000526
0.002799 0.002257 0.004115 0.002911 0.001365
0.001935 0.001210 0.002376 0.001365 0.000483
0.003021 0.002678 0.005263 0.003358 0.001599
0.001553 0.001043 0.002539 0.001750 0.000755
0.002189 0.001766 0.002261 0.001068 0.000382
0.001865 0.001403 0.001880 0.000769 0.000338
0.002961 0.002593 0.005060 0.004971 0.002676
0.001253 0.000720 0.001900 0.002092 0.000994
0.002005 0.001680 0.003000 0.001302 0.000428
0.004271 0.004197 0.009083 0.004286 0.001862
0.002089 0.001827 0.003505 0.002807 0.001643
0.003498 0.003558 0.009052 0.004630 0.001917
0.003604 0.003674 0.008465 0.003438 0.001513
0.003022 0.002766 0.007087 0.004512 0.001828
0.003507 0.003604 0.011491 0.005071 0.002004
0.003752 0.003830 0.011762 0.005200 0.002161
0.003567 0.003546 0.007294 0.002985 0.001183
0.004071 0.003979 0.008578 0.002968 0.001188
0.004215 0.003993 0.008168 0.004266 0.001963
0.002372 0.002051 0.003771 0.002264 0.001018
0.003609 0.003268 0.004740 0.002633 0.001097
0.002416 0.002075 0.003314 0.001348 0.000443
0.003635 0.003250 0.006579 0.003283 0.001338
0.002366 0.002132 0.003353 0.001510 0.000733
0.002437 0.002081 0.003604 0.001709 0.000604
0.003696 0.003642 0.007927 0.003674 0.001693
0.003030 0.002700 0.010461 0.005674 0.002254
0.003588 0.003488 0.008456 0.003758 0.002286
0.002745 0.002423 0.003828 0.001465 0.000425
0.002770 0.002424 0.004061 0.001846 0.000608
0.002538 0.002258 0.004284 0.002135 0.000709
0.003028 0.002545 0.005279 0.003124 0.001354
0.002117 0.001724 0.003258 0.001416 0.000460
0.001290 0.001096 0.002221 0.001058 0.000367
0.003960 0.003631 0.006644 0.002952 0.001351
0.002884 0.002565 0.004430 0.002403 0.000885
0.002681 0.002750 0.004238 0.002093 0.000874
0.002166 0.002035 0.003513 0.001594 0.000841
0.002716 0.001861 0.002910 0.001911 0.001276
0.003323 0.003217 0.007546 0.003366 0.001384
0.002490 0.002180 0.006501 0.003817 0.001725
0.002635 0.001995 0.003253 0.002135 0.001722
0.004088 0.003857 0.010006 0.004597 0.001907
0.001618 0.001216 0.001938 0.001183 0.000420
0.003973 0.004035 0.008635 0.004332 0.002460
0.002270 0.002267 0.005414 0.004326 0.001862
0.004967 0.004178 0.009089 0.004089 0.002529
0.003554 0.002678 0.006479 0.004018 0.003487
0.004708 0.004400 0.007295 0.003691 0.001850
0.002104 0.001827 0.003058 0.001463 0.000477
0.003638 0.003618 0.006830 0.004282 0.002020
0.003090 0.002864 0.006648 0.004585 0.002521
0.002452 0.002402 0.004750 0.002753 0.001090
0.003227 0.003016 0.004181 0.002280 0.000909
0.002508 0.002295 0.003919 0.001843 0.000657
0.003892 0.003931 0.010538 0.004292 0.001862
0.003034 0.002890 0.006417 0.003085 0.001565
0.002166 0.001675 0.003433 0.001956 0.000630
0.003620 0.003394 0.005101 0.002929 0.001495
0.002363 0.002287 0.004090 0.001779 0.000573
0.004227 0.004273 0.013175 0.007624 0.005334
0.003324 0.002939 0.007137 0.006084 0.005014
0.005008 0.004218 0.015012 0.006090 0.002484
0.004060 0.004175 0.015776 0.005470 0.002177
0.005390 0.004742 0.013801 0.004887 0.001930
0.003118 0.003018 0.007412 0.005463 0.002643
0.003662 0.003532 0.007012 0.003197 0.001340
0.004770 0.004910 0.011871 0.004999 0.002155
0.003233 0.002771 0.004499 0.002575 0.001156
0.005297 0.004552 0.008845 0.004017 0.001757
0.004121 0.004264 0.012964 0.004842 0.001865
0.005236 0.004826 0.009432 0.003279 0.001309
0.003595 0.003523 0.007337 0.003828 0.001931
0.003748 0.003752 0.011248 0.004245 0.002690
0.005332 0.005392 0.011386 0.004277 0.002119
0.002823 0.002809 0.004877 0.002565 0.001074
0.003322 0.003398 0.009381 0.004992 0.002565
0.004765 0.004881 0.012592 0.004516 0.002255
0.003279 0.003095 0.005150 0.002385 0.000830
0.005104 0.004931 0.009592 0.003683 0.001679
0.004733 0.004729 0.014154 0.004994 0.002078
0.001447 0.001066 0.001868 0.001186 0.000408
0.004715 0.004775 0.015778 0.006515 0.003236
0.003370 0.003260 0.004567 0.002741 0.001287
0.003326 0.003020 0.009999 0.005768 0.003071
0.004165 0.004172 0.014283 0.004732 0.001694
0.005014 0.004867 0.012391 0.003788 0.001717
0.004410 0.004355 0.008194 0.003199 0.001413
0.004273 0.004333 0.014522 0.006135 0.002537
0.002611 0.002769 0.007256 0.003459 0.001347
0.003511 0.003201 0.006952 0.003949 0.002103
0.004221 0.004016 0.010017 0.003411 0.001414
0.003465 0.003300 0.007133 0.002975 0.001214
0.003126 0.002751 0.005121 0.003093 0.001608
0.003767 0.003720 0.011973 0.004400 0.001695
0.003650 0.003678 0.010047 0.004324 0.002243
0.003968 0.004018 0.017954 0.008839 0.003782
0.003002 0.002961 0.008803 0.005153 0.002306
0.003357 0.003138 0.006010 0.002786 0.001523
0.004265 0.004220 0.013390 0.004545 0.001709
0.003511 0.003145 0.008252 0.005291 0.002010
0.003369 0.003135 0.006679 0.002911 0.001089
0.003852 0.003978 0.010123 0.004404 0.001915
0.005090 0.004757 0.013644 0.005044 0.002167
0.005168 0.003948 0.007196 0.015584 0.007677
0.003211 0.002429 0.003398 0.002459 0.002194
0.004464 0.004444 0.009877 0.003470 0.001616
0.001848 0.001203 0.002450 0.002462 0.001690
0.002504 0.001970 0.005979 0.004326 0.001765
0.003286 0.003524 0.010056 0.003663 0.001465
0.004937 0.004793 0.014552 0.004836 0.001801
0.003016 0.002776 0.004508 0.002106 0.000775
0.003518 0.003439 0.010789 0.005092 0.002333
0.004019 0.003582 0.008837 0.004298 0.001995
0.002398 0.002473 0.006699 0.003625 0.001472
0.003656 0.003604 0.008843 0.003432 0.001416
0.004963 0.005075 0.018542 0.005299 0.002596
0.004088 0.003553 0.006841 0.004699 0.003337
0.003749 0.002882 0.011004 0.005073 0.001987
0.004373 0.004405 0.018608 0.006207 0.002335
0.005321 0.005362 0.017609 0.006373 0.002743
0.002414 0.001747 0.003497 0.002114 0.000792
0.013070 0.010831 0.017533 0.004745 0.001839
0.004110 0.004280 0.018307 0.008211 0.003543
0.005863 0.005673 0.018974 0.005682 0.002203
0.002799 0.002683 0.007444 0.003625 0.001441
0.003745 0.003641 0.007545 0.003258 0.001287
0.004008 0.004214 0.015032 0.006220 0.002793
0.002970 0.002544 0.010091 0.006886 0.003670
0.005834 0.005798 0.013674 0.004492 0.002204
0.003663 0.003552 0.010171 0.003916 0.001605
0.004670 0.004839 0.014995 0.007100 0.003397
0.006159 0.005857 0.015882 0.004441 0.001783
0.004697 0.004748 0.018638 0.005202 0.001969
0.003876 0.004106 0.011783 0.003972 0.001900
0.004862 0.005110 0.017302 0.004655 0.001722
0.004912 0.004287 0.017150 0.006952 0.002863
0.004823 0.003437 0.012110 0.011408 0.005233
0.003006 0.002727 0.006425 0.003118 0.001316
0.005194 0.005150 0.018017 0.006040 0.001983
0.008076 0.007804 0.014700 0.003127 0.001348
0.003357 0.003180 0.006097 0.002512 0.000902
0.004348 0.004542 0.016472 0.006646 0.003017
0.003799 0.003047 0.003869 0.004082 0.002728
0.004164 0.004245 0.016765 0.006639 0.003044
0.003630 0.003199 0.013418 0.006796 0.002742
0.003703 0.003259 0.008175 0.005969 0.003690
0.006945 0.004872 0.018769 0.009550 0.003335
0.004964 0.005023 0.018537 0.005540 0.002323
0.003740 0.003903 0.015378 0.005353 0.001964
0.003043 0.003028 0.005597 0.002224 0.000767
0.005563 0.005470 0.016567 0.004118 0.001641
0.004000 0.003912 0.014487 0.005318 0.002107
0.007345 0.007062 0.013304 0.003216 0.001330
0.004185 0.003839 0.010971 0.005241 0.002724
0.005944 0.005680 0.016695 0.004238 0.001470
0.004832 0.004867 0.014684 0.004731 0.002134
0.003767 0.003540 0.012571 0.007302 0.003864
0.004248 0.004037 0.017686 0.007977 0.003117
0.003741 0.003684 0.011950 0.004734 0.002067
0.004168 0.004229 0.012970 0.005459 0.002303
0.003458 0.002980 0.008642 0.004497 0.002129
0.002938 0.002696 0.005258 0.003290 0.001496
0.004098 0.004102 0.018065 0.007138 0.003096
0.005051 0.005000 0.024103 0.008620 0.003497
0.003703 0.003406 0.012160 0.006936 0.003181
0.008023 0.006305 0.024383 0.011349 0.005126
0.006992 0.006939 0.026243 0.011612 0.004329
0.004510 0.004255 0.020019 0.009410 0.004187
0.005939 0.005600 0.011488 0.005244 0.002316
1.839717 1.744224 0.697103 0.066348 0.041009
0.005163 0.004627 0.027960 0.011902 0.004094
0.008926 0.008693 0.022208 0.005695 0.002150
0.004097 0.004346 0.016588 0.005255 0.002180
0.008002 0.007481 0.014109 0.005485 0.002362
0.009569 0.008302 0.025857 0.007704 0.003548
0.004533 0.004477 0.020416 0.011143 0.004571
0.007900 0.007806 0.017618 0.005049 0.002072
0.008082 0.007644 0.012856 0.002965 0.001244
0.008112 0.007785 0.021056 0.005454 0.001894
0.014339 0.013586 0.038097 0.041940 0.018752
0.008736 0.008753 0.037056 0.007784 0.003095
0.004701 0.004481 0.012919 0.004513 0.001961
0.005969 0.005912 0.023700 0.006045 0.002746
0.009279 0.008688 0.018835 0.012068 0.004104
0.010748 0.005777 0.018389 0.010161 0.004528
0.003368 0.003357 0.009754 0.006029 0.002661
0.013615 0.012806 0.030858 0.009706 0.003399
3.020746 2.754724 1.743407 0.246603 0.235799
0.003458 0.003276 0.009492 0.004150 0.001682
0.006240 0.006543 0.035223 0.010187 0.003830
0.006549 0.005681 0.010509 0.004880 0.002215
0.005314 0.004934 0.024795 0.011779 0.004471
0.005095 0.003946 0.013969 0.017609 0.006264
0.004371 0.003943 0.010650 0.009864 0.003651
0.011631 0.007031 0.035022 0.013725 0.003854
0.009032 0.008266 0.026235 0.005931 0.002316
0.005343 0.005429 0.048738 0.041237 0.039029
0.002583 0.002767 0.005910 0.003467 0.002263
0.006592 0.006507 0.034652 0.010612 0.003635
0.004619 0.004797 0.020824 0.006455 0.002434
0.008865 0.008604 0.020196 0.005238 0.002552
0.005839 0.005769 0.015335 0.005694 0.002662
0.010800 0.010772 0.032492 0.006862 0.003035
0.006355 0.006470 0.021998 0.005634 0.002831
0.004458 0.004534 0.014636 0.010873 0.003940
0.005171 0.004651 0.014776 0.009013 0.003533
0.006959 0.006902 0.032157 0.009899 0.004285
0.007591 0.007274 0.024056 0.007875 0.003890
0.004757 0.004823 0.009755 0.005032 0.002057
0.004583 0.004605 0.020151 0.009213 0.003483
0.007505 0.007322 0.028411 0.011978 0.004345
0.007869 0.007726 0.034499 0.008613 0.003095
0.004451 0.003841 0.013935 0.008583 0.003832
0.012987 0.030839 0.020116 0.012484 0.005771
0.013754 0.075042 0.680058 0.458711 0.098078
0.006114 0.006201 0.017716 0.008242 0.003413
0.008706 0.008710 0.027046 0.005067 0.002455
0.013761 0.012205 0.172794 0.186824 1.496790
0.012350 0.011727 0.039020 0.015203 0.004983
0.010647 0.010231 0.026905 0.007244 0.002928
0.004807 0.004634 0.023374 0.011385 0.003183
0.008026 0.008285 0.024242 0.007984 0.003124
0.015098 0.012397 0.039634 0.012275 0.004801
0.006815 0.006456 0.024449 0.013453 0.004775
0.013871 0.013088 0.246432 0.244275 0.238915
0.015315 0.012714 0.016904 0.003339 0.001293
0.012848 0.011827 0.020741 0.004535 0.001639
0.279600 1.229587 0.793678 0.509407 0.107993
0.014119 0.054709 0.113166 0.105381 0.031574
0.006262 0.005390 0.015798 0.006440 0.002941
0.010667 0.010340 0.025789 0.007171 0.003391
0.013893 0.012206 0.139422 0.138633 0.135803
0.015361 0.008660 0.012137 0.006430 0.003850
0.003500 0.003616 0.014378 0.007784 0.004106
0.015562 0.011878 0.054075 0.013401 0.004097
0.976432 0.282783 0.108076 0.057752 0.016002
0.003968 0.003367 0.012830 0.006496 0.003157
0.009060 0.007796 0.033778 0.009050 0.003431
0.004988 0.004694 0.019881 0.011878 0.004146
0.007267 0.006364 0.027305 0.015722 0.005261
0.006936 0.005402 0.015265 0.013940 0.006093
0.006301 0.005434 0.018558 0.010687 0.004587
0.014593 0.010705 0.047434 0.012354 0.003842
0.010215 0.009668 0.025861 0.008625 0.003278
0.004989 0.005030 0.024120 0.005523 0.001764
0.003720 0.003321 0.012647 0.006180 0.003180
0.008292 0.008032 0.046365 0.014141 0.004067
0.007886 0.007856 0.031468 0.008971 0.003116
0.012955 0.012289 0.024247 0.006776 0.003781
0.007945 0.007661 0.020619 0.006186 0.002962
0.013534 0.013509 0.045920 0.046872 0.047861
0.006035 0.006443 0.034338 0.006499 0.002615
0.005102 0.004945 0.030781 0.011470 0.004157
0.009811 0.007252 0.015137 0.009562 0.003417
0.012645 0.012862 0.041028 0.010245 0.003989
0.014248 0.011803 0.033027 0.012468 0.005164
0.006028 0.006000 0.019051 0.006346 0.003006
0.006226 0.005969 0.025437 0.007505 0.003741
0.006911 0.005938 0.019858 0.674745 0.553968
0.552861 2.107497 2.127627 2.049925 0.764969
0.005147 0.004788 0.023965 0.013064 0.004915
0.175141 0.024414 0.040900 0.020652 0.009078
3.160408 4.167630 2.892352 0.134469 0.484520
0.008117 0.008254 0.025920 0.010183 0.003468
0.010692 0.008412 0.072289 0.102361 0.051723
1.318574 1.485326 1.441520 0.701742 0.662088
0.439472 0.042084 0.071000 0.045345 0.016634
0.011127 0.010874 0.037322 0.008766 0.002870
0.007062 0.007002 0.030645 0.011074 0.003889
0.010741 0.011488 0.025356 0.006887 0.002776
0.475753 0.040573 0.080628 0.059521 0.018227
0.007457 0.007351 0.023264 0.015036 0.009390
0.016720 0.012565 0.042923 0.008293 0.002685
0.726325 0.607436 0.084990 0.067017 0.020327
0.015611 0.012017 0.023993 0.005523 0.002562
0.010225 0.010515 0.054662 0.009729 0.006384
0.068192 0.039161 0.041062 0.042013 0.025587
0.008724 0.007337 0.022736 0.008237 0.003627
0.013197 0.012689 0.034107 0.009219 0.003699
0.016456 0.014237 0.022682 0.005786 0.002357
0.061470 0.173066 0.120921 0.093991 0.029898
0.004537 0.003506 0.014734 0.011763 0.004882
0.036048 0.076151 0.043196 0.016238 0.005723
2.023609 1.443358 1.206469 0.106571 0.187561
0.004531 0.004691 0.016972 0.005652 0.002368
0.012826 0.013679 0.032713 0.008747 0.003821
0.006192 0.005588 0.022128 0.016669 0.005104
0.009315 0.007827 0.029656 0.018214 0.006056
0.012624 0.010815 0.020653 0.017896 0.006591
0.007709 0.006784 0.023011 0.017037 0.006277
2.158589 0.210355 0.347289 0.081459 0.046878
0.009182 0.009218 0.027431 0.028896 0.027192
0.007106 0.007108 0.023281 0.007246 0.003425
0.005148 0.003865 0.013603 0.006817 0.003896
0.012494 0.012094 0.057669 0.053276 0.036955
0.008216 0.008284 0.042504 0.009617 0.003415
0.013725 0.013355 0.039596 0.009688 0.004858
0.006827 0.007061 0.028350 0.008907 0.004084
0.028603 0.217383 0.360088 0.252294 0.174300
0.006746 0.041955 0.760376 0.379823 0.074404
0.008114 0.007181 0.028474 0.008275 0.002658
0.013866 0.006720 0.016305 0.009848 0.003610
0.012830 0.013406 0.053489 0.016432 0.014163
0.014219 0.011482 0.036701 0.013620 0.005062
0.006966 0.007061 0.019726 0.005011 0.001814
0.007760 0.006798 0.026368 0.217746 0.242551
0.011002 0.008357 0.029175 0.017493 0.005620
