0.151783
0.136924
0.150643
0.101291
0.095516
0.071643
0.069595
0.067219
0.161463
0.154358
0.060707
0.157872
0.060424
0.117892
0.076605
0.101681
0.099950
0.075556
0.131869
0.114338
0.082765
0.078468
0.102441
0.051074
0.141533
0.133524
0.243952
0.114827
0.094551
0.096487
0.199559
0.299110
0.089586
0.103537
0.074483
0.082366
0.130933
0.086545
0.224510
0.253964
0.182631
0.085778
0.051465
0.153859
0.089142
0.099446
0.046655
0.086852
0.077088
0.101446
0.144681
0.156565
0.184468
0.076769
0.141041
0.194835
0.128313
0.406458
0.126228
0.128813
0.175003
0.115675
0.133570
0.100970
0.085204
0.194898
0.176694
0.063215
0.224180
0.043097
0.186794
0.091065
0.175641
0.152290
0.081041
0.210750
0.082254
0.101021
0.125910
0.281981
0.119449
0.138050
0.154503
0.184769
0.112237
0.105747
0.044516
0.261414
0.136671
0.068140
0.208932
0.120658
0.185149
0.150344
0.225675
0.146591
0.068620
0.205146
0.102070
0.193504
0.176704
0.179262
0.128641
0.194731
0.099416
0.109938
0.119316
0.156895
0.145302
0.137759
0.375202
0.283043
0.232870
0.139727
0.331713
0.418651
0.090485
0.270511
0.424492
0.308088
0.224267
0.293615
0.155445
0.063368
0.295217
0.056753
0.145996
0.206188
0.139989
0.207475
0.175822
0.132909
0.311533
0.176023
0.393062
0.281264
0.193661
0.130648
0.215607
0.112913
0.258651
0.168750
0.089142
0.084302
0.205604
0.132813
0.159419
0.099228
0.157081
0.206555
0.305747
0.171026
0.144997
0.201828
0.176713
0.088311
0.362977
0.541099
0.273084
0.158685
0.148491
0.139904
0.231274
0.370835
0.230858
0.235586
0.432175
0.244189
0.147463
0.287711
0.377195
0.112147
0.323563
0.115760
0.339161
0.354217
0.355159
0.367699
0.453267
0.360939
0.117559
0.165813
0.521242
0.393211
0.498158
0.154938
0.242098
0.104163
0.217633
0.242790
0.382243
0.220745
0.208636
0.164947
0.318847
0.333342
0.289581
0.176124
0.302692
0.195601
0.244424
0.184768
0.129997
0.183460
0.150860
0.185281
0.207511
0.112083
0.253671
0.373614
0.268899
0.181405
0.379105
0.220292
0.249930
0.197494
0.232954
0.174731
0.301053
0.473787
0.301480
0.741874
0.549572
0.456285
0.583284
0.607099
0.452345
0.271417
0.528498
0.307102
0.287050
0.270449
0.368442
0.358132
0.262319
0.345203
1.046909
0.532913
0.231113
0.219489
0.308688
0.192138
0.172947
0.163558
0.243485
0.277001
0.282953
0.181669
0.322049
0.328645
0.442805
0.406257
0.533359
0.308015
0.567343
0.358358
0.357038
0.251936
0.398583
0.257471
0.513134
0.345027
0.515922
0.465417
0.340740
0.257576
0.451301
0.161461
0.221193
0.292407
0.499596
0.540632
0.655503
1.054429
0.353499
0.670163
0.588599
0.770607
0.245537
0.346518
0.312225
0.296521
0.382808
0.540636
0.539711
0.348635
0.869672
1.097602
0.343697
0.380070
0.384121
0.165932
0.715640
0.415848
0.607540
0.526769
0.391294
0.302712
0.478667
0.704993
0.380529
0.529674
0.282046
0.283204
0.675808
0.739984
1.030290
0.737246
0.411219
0.458754
0.599703
0.327562
0.653073
0.616119
0.347959
0.222464
0.449786
0.230972
0.306281
0.466699
0.471699
0.372734
0.681410
0.553465
0.417953
0.260148
0.312979
0.476434
0.379702
0.501949
0.487553
0.210613
1.001614
1.042509
0.606605
0.893424
0.272562
0.507396
0.329060
0.818542
0.413020
0.897001
0.495517
0.383341
0.435855
0.481981
0.881320
0.592592
0.516769
0.813272
0.674345
0.278405
0.517279
0.210870
0.774864
0.277221
0.562348
1.781345
0.561270
0.623318
0.427631
0.757951
0.396670
0.376719
0.482380
0.671446
0.932844
0.815890
0.493149
0.464630
0.916012
0.528997
0.773868
0.785073
0.469468
0.714651
0.569554
0.752924
0.731330
0.315919
1.502420
1.563763
0.909908
1.340136
0.408843
0.761094
0.493590
1.227813
0.619530
1.345501
0.743275
0.575011
0.653782
0.722971
1.321980
0.888888
0.775153
1.219908
1.011518
0.417607
0.775918
0.316306
1.162296
0.415832
0.843521
2.672018
0.841905
0.934977
0.641446
1.136927
0.595005
0.565079
0.723570
1.007169
1.399266
1.223835
0.739724
0.696945
1.374018
0.793496
1.160802
1.177610
0.625957
0.952868
0.759405
1.003898
0.975107
0.421226
2.003227
2.085018
1.213210
1.786848
0.545124
1.014792
0.658120
1.637084
0.826040
1.794002
0.991034
0.766681
0.871709
0.963962
1.762639
1.185184
1.033538
1.626545
1.348690
0.556809
1.034558
0.421741
1.549728
0.554442
1.124695
3.562690
1.122540
1.246636
0.855261
1.515902
0.793340
0.753439
0.964761
1.342892
1.865688
1.631779
0.986299
0.929260
1.832024
1.057994
1.547736
1.570146
0.782447
1.191085
0.949256
1.254873
1.218884
0.526532
2.504034
2.606272
1.516513
2.233560
0.681405
1.268489
0.822650
2.046355
1.032550
2.242502
1.238792
0.958352
1.089636
1.204952
2.203299
1.481480
1.291922
2.033181
1.685863
0.696012
1.293197
0.527176
1.937160
0.693053
1.405869
4.453363
1.403175
1.558295
1.069076
1.894878
0.991675
0.941798
1.205951
1.678615
2.332110
2.039724
1.232874
1.161575
2.290030
1.322493
1.934670
1.962683
