0.002135 0.001577 0.002412 0.002347 0.001348
0.002795 0.001794 0.002645 0.002198 0.001137
0.002507 0.001516 0.002316 0.002098 0.001310
0.001410 0.001023 0.001586 0.001836 0.001139
0.001908 0.001251 0.001821 0.001649 0.001136
0.001621 0.001188 0.001624 0.001339 0.000932
0.001390 0.001046 0.001336 0.001117 0.000666
0.001330 0.001024 0.001298 0.001155 0.000701
0.002365 0.001696 0.002132 0.002396 0.001525
0.002527 0.001809 0.002475 0.002038 0.001116
0.000984 0.000742 0.000946 0.001057 0.000741
0.002848 0.001717 0.002305 0.002671 0.001477
0.000878 0.000713 0.000897 0.000757 0.000423
0.001289 0.001217 0.001663 0.001483 0.000873
0.001210 0.000989 0.001507 0.001309 0.000783
0.002083 0.001471 0.001988 0.001525 0.000872
0.001308 0.000906 0.001232 0.001102 0.000672
0.001487 0.001070 0.001466 0.001156 0.000647
0.001199 0.000843 0.001163 0.000955 0.000583
0.001378 0.001088 0.001427 0.001133 0.000634
0.001203 0.000839 0.001211 0.001116 0.000687
0.001504 0.001188 0.001554 0.001381 0.000827
0.001865 0.001256 0.001504 0.001588 0.001168
0.001116 0.000837 0.001036 0.001029 0.000663
0.001625 0.001292 0.001689 0.001324 0.000746
0.001923 0.001343 0.001764 0.001340 0.000766
0.003905 0.002542 0.003831 0.003505 0.001904
0.001827 0.001465 0.001801 0.001519 0.000844
0.001860 0.001288 0.001665 0.001532 0.000912
0.001249 0.001020 0.001298 0.001127 0.000683
0.002641 0.001978 0.002778 0.002426 0.001297
0.003946 0.002718 0.004340 0.003763 0.001735
0.001377 0.001115 0.001440 0.001311 0.000769
0.001627 0.001114 0.001484 0.001175 0.000713
0.001150 0.000848 0.001090 0.000862 0.000539
0.000999 0.000870 0.001001 0.000916 0.000596
0.001846 0.001328 0.002001 0.002321 0.001464
0.001419 0.001056 0.001600 0.001512 0.000901
0.002667 0.002179 0.003256 0.003097 0.001634
0.002779 0.001980 0.002940 0.002712 0.001434
0.002796 0.002019 0.003235 0.002648 0.001528
0.001345 0.001007 0.001369 0.001556 0.001066
0.000849 0.000605 0.000812 0.000726 0.000468
0.002442 0.001834 0.002669 0.002223 0.001220
0.000846 0.000751 0.000955 0.000859 0.000532
0.001342 0.001147 0.001424 0.001248 0.000746
0.000526 0.000400 0.000552 0.000567 0.000419
0.001142 0.001029 0.001298 0.001153 0.000691
0.000694 0.000517 0.000810 0.000752 0.000486
0.001161 0.000853 0.001212 0.001092 0.000688
0.002654 0.001697 0.002294 0.001740 0.001113
0.002733 0.002033 0.003269 0.002951 0.001777
0.002370 0.001882 0.002689 0.002246 0.001149
0.001354 0.001019 0.001066 0.000894 0.000605
0.002230 0.001676 0.002353 0.002453 0.002093
0.004340 0.002597 0.003382 0.005270 0.004477
0.001867 0.001473 0.002159 0.001837 0.001010
0.003323 0.002249 0.003886 0.003705 0.002122
0.002771 0.001656 0.001980 0.001875 0.001170
0.002399 0.001562 0.002090 0.001739 0.000960
0.002334 0.001765 0.002740 0.003183 0.001943
0.001911 0.001391 0.002224 0.002145 0.001212
0.002199 0.001659 0.002078 0.001843 0.001031
0.001846 0.001215 0.001658 0.001301 0.000765
0.001530 0.000953 0.001142 0.001392 0.001075
0.002815 0.002086 0.003116 0.003007 0.001651
0.003468 0.002352 0.003327 0.002684 0.001332
0.001143 0.000808 0.001250 0.000969 0.000540
0.003556 0.002470 0.003735 0.002931 0.001529
0.000832 0.000566 0.000904 0.000733 0.000480
0.004368 0.003090 0.004450 0.003771 0.001719
0.001334 0.001146 0.001648 0.001368 0.000925
0.002197 0.001477 0.002127 0.001612 0.000859
0.001841 0.001419 0.002120 0.001708 0.000946
0.001456 0.001087 0.001486 0.001590 0.001060
0.003451 0.002161 0.003008 0.003972 0.002206
0.001518 0.001163 0.001598 0.001293 0.000700
0.002035 0.001600 0.001883 0.001524 0.000818
0.002117 0.001431 0.002018 0.001619 0.000947
0.004048 0.002595 0.004968 0.006198 0.003272
0.001502 0.001241 0.001858 0.001730 0.001115
0.002233 0.001490 0.002120 0.001761 0.000943
0.002534 0.001692 0.002661 0.002736 0.001659
0.002809 0.002053 0.003090 0.002401 0.001343
0.001870 0.001449 0.001869 0.001642 0.000933
0.001151 0.000909 0.001187 0.001104 0.000682
0.000705 0.000543 0.000667 0.000564 0.000453
0.004713 0.003088 0.004627 0.003467 0.001697
0.002076 0.001532 0.001979 0.002254 0.001588
0.001399 0.001063 0.001355 0.001403 0.000871
0.003605 0.002499 0.004035 0.003422 0.001675
0.002163 0.001579 0.002105 0.001819 0.000979
0.003260 0.002396 0.003448 0.003016 0.001808
0.002639 0.001971 0.002463 0.002695 0.001731
0.004431 0.003110 0.004935 0.004470 0.002488
0.002335 0.001726 0.002322 0.002076 0.001187
0.001126 0.000814 0.001081 0.000955 0.000595
0.003184 0.002395 0.003664 0.003072 0.001605
0.001571 0.001017 0.001305 0.001204 0.000809
0.002751 0.001999 0.003077 0.002689 0.001456
0.002659 0.002067 0.002841 0.002521 0.001341
0.002307 0.001859 0.002696 0.002282 0.001222
0.002092 0.001508 0.001917 0.001524 0.000923
0.002972 0.001997 0.002995 0.002608 0.001341
0.001738 0.001278 0.001664 0.001269 0.000726
0.001336 0.001186 0.001391 0.001273 0.000790
0.002116 0.001339 0.001771 0.001337 0.000797
0.002672 0.001982 0.002639 0.002304 0.001296
0.002168 0.001531 0.002385 0.002167 0.001316
0.002212 0.001642 0.002038 0.002459 0.001818
0.005598 0.003902 0.007061 0.005230 0.002231
0.004141 0.002850 0.004446 0.003960 0.001867
0.003881 0.002693 0.003855 0.003376 0.001604
0.002347 0.001940 0.002604 0.002336 0.001378
0.004212 0.003044 0.004227 0.003432 0.001624
0.003842 0.002708 0.003892 0.003149 0.001624
0.001486 0.001090 0.001408 0.001254 0.000755
0.003798 0.003028 0.004832 0.004202 0.002125
0.005993 0.003181 0.005973 0.008784 0.005143
0.003883 0.002581 0.004621 0.003930 0.002221
0.003872 0.002858 0.004614 0.003679 0.001684
0.004771 0.003458 0.005468 0.004458 0.002095
0.001907 0.001419 0.001769 0.001489 0.000871
0.000962 0.000837 0.000916 0.000788 0.000535
0.005108 0.003335 0.005130 0.003911 0.001897
0.001243 0.000872 0.001330 0.001039 0.000618
0.001995 0.001536 0.001918 0.001878 0.001297
0.003005 0.002150 0.003540 0.002810 0.001483
0.002007 0.001563 0.002148 0.001980 0.001219
0.003433 0.002421 0.003886 0.002943 0.001517
0.002268 0.001628 0.002170 0.001978 0.001099
0.002321 0.001481 0.001979 0.001707 0.000980
0.004127 0.002907 0.005703 0.004670 0.002828
0.003375 0.002457 0.003199 0.003242 0.002011
0.005439 0.004316 0.005866 0.004642 0.002233
0.003848 0.002439 0.003933 0.003920 0.001935
0.004287 0.002907 0.004193 0.003833 0.002151
0.002449 0.001371 0.002251 0.002165 0.001126
0.004754 0.003146 0.004740 0.004115 0.002899
0.002080 0.001845 0.002482 0.002119 0.001491
0.004031 0.002653 0.004038 0.003843 0.001985
0.002466 0.001898 0.002519 0.002057 0.001131
0.001180 0.000921 0.001439 0.001300 0.000807
0.001028 0.000949 0.001218 0.001112 0.000677
0.002833 0.002222 0.003469 0.002870 0.001521
0.001640 0.001345 0.001818 0.001507 0.000893
0.003031 0.002376 0.003373 0.002716 0.001332
0.001557 0.001142 0.001667 0.001396 0.000883
0.002779 0.001760 0.002391 0.001769 0.000992
0.003718 0.002545 0.003885 0.003633 0.001822
0.004545 0.003263 0.005496 0.004857 0.003037
0.003159 0.002122 0.003066 0.002916 0.001658
0.002192 0.001620 0.002315 0.001887 0.001107
0.002857 0.002247 0.003046 0.002626 0.001295
0.003229 0.002060 0.003993 0.004622 0.002847
0.001227 0.000926 0.001132 0.000997 0.000585
0.004355 0.003013 0.004985 0.004465 0.002347
0.005068 0.003925 0.006747 0.006104 0.002792
0.003568 0.002667 0.004813 0.004048 0.001955
0.002138 0.001446 0.002280 0.002555 0.001761
0.002393 0.001658 0.001930 0.001644 0.000945
0.002098 0.001570 0.002259 0.002012 0.001126
0.004452 0.003034 0.005026 0.004681 0.002822
0.003802 0.002392 0.004379 0.004390 0.002325
0.004159 0.002659 0.003244 0.002562 0.001551
0.005882 0.003965 0.005746 0.005102 0.002435
0.004501 0.003434 0.007658 0.006935 0.003725
0.004306 0.003192 0.004276 0.004684 0.002799
0.002228 0.001587 0.002307 0.002197 0.001312
0.005084 0.003493 0.005926 0.005980 0.003161
0.007504 0.003551 0.006129 0.009133 0.007434
0.001895 0.001391 0.001783 0.001827 0.001565
0.004003 0.002959 0.004876 0.004867 0.002527
0.002144 0.001503 0.002352 0.001979 0.001088
0.004160 0.003109 0.004705 0.003900 0.002476
0.004982 0.003980 0.006346 0.007079 0.004379
0.003995 0.003153 0.004814 0.004400 0.002785
0.005183 0.003927 0.005925 0.008233 0.004408
0.004044 0.002972 0.004824 0.004210 0.001994
0.006127 0.004150 0.007194 0.006360 0.002966
0.002227 0.001374 0.001867 0.001821 0.001244
0.002779 0.001829 0.002533 0.002792 0.002043
0.006566 0.004060 0.009473 0.009899 0.004053
0.005653 0.003352 0.005667 0.005076 0.002473
0.006170 0.003671 0.006736 0.006310 0.003511
0.002998 0.002191 0.002915 0.002677 0.001837
0.003257 0.002460 0.003561 0.002819 0.001440
0.001635 0.001394 0.001771 0.001469 0.000887
0.002604 0.002382 0.003303 0.002926 0.001577
0.004618 0.003166 0.005270 0.004707 0.002247
0.007058 0.004689 0.008927 0.007295 0.003438
0.002223 0.001660 0.002242 0.001995 0.001200
0.002789 0.001985 0.003441 0.002774 0.001429
0.003290 0.002174 0.003373 0.003070 0.001756
0.006073 0.004320 0.007849 0.006392 0.002975
0.004211 0.002976 0.004839 0.003682 0.001714
0.005712 0.003894 0.006154 0.005205 0.002707
0.002553 0.001996 0.002748 0.002181 0.001172
0.005195 0.003678 0.006620 0.006387 0.003033
0.002485 0.002110 0.003623 0.003350 0.001893
0.003252 0.002419 0.003392 0.002825 0.001502
0.002357 0.001757 0.002464 0.002008 0.001087
0.001922 0.001493 0.001520 0.001884 0.001332
0.003442 0.002299 0.003571 0.003554 0.001678
0.002031 0.001639 0.002256 0.002105 0.001255
0.005124 0.003174 0.004608 0.003219 0.001542
0.004317 0.003040 0.004001 0.004505 0.002361
0.001929 0.001332 0.001784 0.001464 0.001260
0.003719 0.003173 0.004880 0.004253 0.001864
0.004479 0.003265 0.005281 0.004147 0.001872
0.005345 0.003467 0.005496 0.005341 0.003290
0.003814 0.002054 0.003487 0.003135 0.001484
0.005769 0.003912 0.006577 0.005986 0.002858
0.003068 0.001930 0.003267 0.003644 0.002314
0.004176 0.002617 0.003669 0.002881 0.001633
0.003620 0.002272 0.003194 0.002458 0.001360
0.005606 0.003544 0.006164 0.007795 0.005155
0.002511 0.001919 0.002754 0.003776 0.002151
0.003826 0.002700 0.004043 0.003609 0.001768
0.008262 0.005061 0.010676 0.009046 0.004239
0.003539 0.003048 0.004642 0.004729 0.002891
0.005977 0.004886 0.009648 0.008563 0.003647
0.006881 0.004588 0.010243 0.006821 0.003340
0.005749 0.003849 0.008017 0.008138 0.003590
0.006661 0.004663 0.012359 0.009718 0.004178
0.007310 0.005061 0.011455 0.011010 0.004836
0.006880 0.004610 0.009103 0.006455 0.002889
0.007949 0.004876 0.010499 0.006462 0.002927
0.008174 0.005301 0.010074 0.007573 0.003579
0.004441 0.002900 0.004606 0.004741 0.002741
0.006901 0.004198 0.006389 0.005583 0.002970
0.004563 0.002955 0.004504 0.003765 0.001751
0.006998 0.004214 0.007608 0.006727 0.003023
0.003981 0.003384 0.004707 0.003800 0.001856
0.004627 0.003156 0.004697 0.004248 0.002113
0.007087 0.004601 0.009290 0.007553 0.003826
0.005671 0.003709 0.009316 0.011699 0.004995
0.006959 0.004519 0.009726 0.007416 0.004058
0.005238 0.003738 0.005150 0.004252 0.001847
0.005267 0.003459 0.005346 0.004662 0.002187
0.004772 0.003257 0.005559 0.004934 0.002345
0.005784 0.003437 0.006026 0.006431 0.003370
0.004106 0.002589 0.004578 0.003402 0.001517
0.002597 0.001955 0.003386 0.002739 0.001283
0.007738 0.004904 0.008544 0.006528 0.003318
0.005459 0.003886 0.005734 0.004808 0.002433
0.004906 0.003916 0.006101 0.004514 0.002387
0.004112 0.003201 0.004675 0.004091 0.002030
0.005278 0.003256 0.004185 0.003573 0.002855
0.006344 0.004358 0.008106 0.007829 0.003418
0.004737 0.002996 0.006599 0.007625 0.003946
0.004620 0.003332 0.004490 0.004007 0.002880
0.007940 0.004954 0.010283 0.009740 0.004396
0.003167 0.002071 0.002940 0.002940 0.001717
0.007643 0.004875 0.011174 0.007377 0.003890
0.004180 0.003337 0.006020 0.007655 0.004275
0.008027 0.006057 0.010984 0.007449 0.003811
0.006796 0.004019 0.007333 0.007370 0.004736
0.009256 0.005083 0.008589 0.007120 0.003134
0.003989 0.002936 0.004311 0.003770 0.001898
0.006883 0.005013 0.007600 0.007691 0.004389
0.005938 0.003921 0.007056 0.008149 0.004856
0.004167 0.003568 0.006133 0.005234 0.002712
0.006078 0.003919 0.006123 0.004780 0.002602
0.004762 0.003467 0.005281 0.004544 0.002166
0.007523 0.005240 0.010979 0.009659 0.004249
0.005727 0.004135 0.007116 0.006994 0.003321
0.003946 0.003008 0.004605 0.004084 0.001703
0.006893 0.004305 0.007049 0.005591 0.003396
0.004531 0.003443 0.005359 0.004633 0.002132
0.008326 0.005256 0.014751 0.009750 0.008636
0.005693 0.004373 0.006873 0.009902 0.006858
0.010073 0.005435 0.013597 0.014006 0.005424
0.007953 0.005060 0.018195 0.012362 0.004731
0.008761 0.006417 0.016422 0.009625 0.003446
0.005105 0.004357 0.008103 0.009243 0.004107
0.007021 0.004457 0.008181 0.007263 0.003382
0.009414 0.005670 0.013804 0.009246 0.004443
0.006132 0.003563 0.005664 0.005429 0.002978
0.008169 0.006388 0.009470 0.008738 0.003748
0.008067 0.005592 0.015101 0.010935 0.004003
0.009135 0.006396 0.011874 0.006725 0.003181
0.006877 0.004685 0.008834 0.006838 0.003320
0.007255 0.004963 0.011515 0.010178 0.003958
0.009453 0.006619 0.013777 0.009554 0.004537
0.005426 0.003971 0.006808 0.005340 0.002753
0.006266 0.004441 0.010518 0.008532 0.005193
0.009421 0.005680 0.015686 0.008031 0.004805
0.006209 0.004497 0.006893 0.005014 0.002305
0.010177 0.005639 0.011616 0.007873 0.003691
0.009542 0.006016 0.015643 0.011880 0.004666
0.002879 0.001992 0.002895 0.002826 0.001621
0.007857 0.006106 0.016659 0.013675 0.006336
0.006293 0.004182 0.006692 0.005537 0.003130
0.006313 0.004053 0.009314 0.010941 0.005805
0.008149 0.005014 0.013812 0.012633 0.004184
0.009964 0.006369 0.013600 0.010029 0.003934
0.007499 0.005785 0.010090 0.007480 0.003270
0.008356 0.005264 0.016518 0.012859 0.005518
0.004891 0.003820 0.007661 0.007648 0.003461
0.006818 0.004269 0.008198 0.006810 0.004368
0.008289 0.005276 0.011574 0.008674 0.003552
0.006637 0.004605 0.008010 0.007198 0.003208
0.005924 0.003889 0.006171 0.006185 0.003522
0.007341 0.004913 0.011901 0.010782 0.004080
0.007022 0.004926 0.010064 0.009536 0.004439
0.007554 0.005181 0.017952 0.017408 0.006753
0.004899 0.004210 0.009414 0.009186 0.003757
0.006428 0.004227 0.007195 0.006472 0.003127
0.008363 0.005106 0.015496 0.009716 0.004177
0.006735 0.004090 0.008943 0.009340 0.004345
0.006454 0.004098 0.007417 0.006973 0.003034
0.007493 0.005237 0.011249 0.009390 0.004365
0.008546 0.006357 0.013484 0.012101 0.004816
0.010306 0.005175 0.007983 0.019689 0.009886
0.006181 0.003288 0.004607 0.004326 0.003326
0.008761 0.005843 0.011556 0.008727 0.003685
0.003551 0.002504 0.003371 0.003915 0.003290
0.004685 0.003120 0.006991 0.007609 0.003068
0.006332 0.004685 0.010430 0.009269 0.003653
0.008470 0.006243 0.017473 0.011279 0.004255
0.005739 0.003699 0.006096 0.004517 0.001899
0.006717 0.004622 0.011554 0.009206 0.004543
0.006918 0.005250 0.010504 0.007678 0.003527
0.004341 0.003528 0.007718 0.006913 0.003190
0.007034 0.004605 0.010240 0.007163 0.002903
0.009727 0.005924 0.022165 0.011337 0.005059
0.007907 0.004728 0.007987 0.007712 0.005765
0.007397 0.004180 0.009907 0.011473 0.004460
0.008508 0.005809 0.020592 0.013465 0.005115
0.010746 0.006461 0.018778 0.014637 0.005838
0.004770 0.002845 0.004581 0.004303 0.002189
0.017518 0.012784 0.022044 0.013140 0.004236
0.006859 0.005573 0.017526 0.016692 0.006605
0.010157 0.007009 0.022969 0.011790 0.004577
0.005234 0.003696 0.007698 0.007882 0.003606
0.007324 0.004964 0.008752 0.007452 0.003375
0.006596 0.005554 0.015524 0.012330 0.005944
0.005714 0.003617 0.010335 0.011695 0.005214
0.010946 0.006453 0.017300 0.008369 0.004720
0.007137 0.004731 0.010355 0.009514 0.003869
0.009121 0.005661 0.017231 0.013727 0.005477
0.011541 0.006706 0.017491 0.012579 0.004182
0.009449 0.005768 0.018895 0.015210 0.004624
0.006713 0.005436 0.012326 0.010291 0.003819
0.009535 0.006082 0.020644 0.010882 0.004021
0.007956 0.006052 0.017598 0.014711 0.005907
0.009990 0.004287 0.010020 0.016294 0.009788
0.005832 0.003717 0.007716 0.006621 0.003173
0.008409 0.006513 0.020728 0.012887 0.004357
0.010096 0.008952 0.018035 0.011161 0.003149
0.006388 0.004159 0.007286 0.006348 0.002741
0.007624 0.005818 0.016085 0.015696 0.006160
0.007308 0.004105 0.005273 0.006037 0.004030
0.007062 0.005609 0.015018 0.015873 0.006137
0.006544 0.004725 0.010770 0.014947 0.005811
0.007150 0.004375 0.008689 0.009092 0.006531
0.010983 0.007536 0.015374 0.021638 0.007114
0.008139 0.006294 0.019025 0.015202 0.005116
0.006859 0.005241 0.017434 0.011183 0.004104
0.005802 0.004175 0.007163 0.005851 0.002491
0.010492 0.006362 0.020193 0.010183 0.003780
0.007798 0.004973 0.016782 0.012231 0.004862
0.009441 0.008299 0.016014 0.010059 0.003241
0.008163 0.004732 0.012524 0.008900 0.005400
0.011228 0.006465 0.020471 0.010301 0.003767
0.009642 0.005648 0.014007 0.012719 0.004159
0.007185 0.004781 0.010495 0.014051 0.005815
0.008368 0.005363 0.014527 0.018252 0.006673
0.007194 0.004740 0.012954 0.010944 0.004522
0.008307 0.005560 0.013755 0.011279 0.004699
0.006709 0.004212 0.008583 0.009178 0.004538
0.005594 0.003686 0.006394 0.006462 0.003575
0.007990 0.005453 0.015717 0.016997 0.006376
0.010218 0.006103 0.023265 0.021522 0.007217
0.007274 0.004439 0.012728 0.012136 0.006357
0.013135 0.008628 0.026776 0.023944 0.009316
0.011667 0.007912 0.028674 0.026544 0.008730
0.009177 0.005379 0.019890 0.018196 0.008343
0.008820 0.007045 0.012460 0.010387 0.003986
13.674023 1.316610 2.801285 0.634263 0.050286
0.010296 0.005603 0.027462 0.028814 0.008964
0.011426 0.009752 0.028651 0.014098 0.005012
0.006479 0.005630 0.016502 0.014017 0.004743
0.014030 0.008033 0.016822 0.012092 0.005085
0.012384 0.009988 0.029709 0.022016 0.006876
0.009372 0.005648 0.020734 0.019539 0.006884
0.013167 0.008885 0.017804 0.014491 0.004711
0.014234 0.007508 0.015607 0.007978 0.002905
0.010403 0.009011 0.025866 0.012461 0.003360
0.024139 0.012020 0.709593 0.018701 0.004177
0.010585 0.009581 0.042731 0.027488 0.006399
0.008725 0.005916 0.015773 0.009337 0.004365
0.011167 0.007077 0.027763 0.015270 0.005859
0.011799 0.009889 0.019077 0.021273 0.006278
0.019260 0.006181 0.015356 0.019451 0.008700
0.006356 0.004381 0.009886 0.011183 0.005507
0.016251 0.013902 0.029614 0.027365 0.007506
17.245406 1.445010 5.317047 1.338093 0.051964
0.006653 0.004362 0.009562 0.009287 0.003989
0.011749 0.007481 0.024456 0.030163 0.007614
0.010422 0.007492 0.011827 0.010016 0.004739
0.008464 0.006614 0.019447 0.025882 0.009163
0.010305 0.005530 0.010019 0.027299 0.013055
0.008656 0.004911 0.011313 0.015661 0.008140
0.027330 0.011222 0.027497 0.039690 0.010088
0.016008 0.007905 0.025466 0.021871 0.004826
0.007749 0.006636 0.019050 0.014622 0.004695
0.004946 0.003840 0.007011 0.006495 0.004201
0.011990 0.007535 0.037764 0.024504 0.005659
0.009311 0.005858 0.023823 0.013736 0.004229
0.010779 0.009642 0.022523 0.015179 0.004954
0.011060 0.006448 0.017711 0.010888 0.005521
0.017717 0.010546 0.038184 0.018459 0.004660
0.011480 0.006853 0.027504 0.012699 0.005808
0.008953 0.005508 0.015706 0.018390 0.006475
0.010943 0.005441 0.013467 0.017280 0.007434
0.008988 0.008015 0.031484 0.025878 0.008268
0.011523 0.008461 0.022119 0.021158 0.007219
0.009300 0.005595 0.012764 0.010420 0.004426
0.009175 0.005645 0.017826 0.020685 0.007341
0.009927 0.008465 0.025316 0.026004 0.009126
0.011778 0.008816 0.039864 0.027259 0.006295
0.008741 0.004924 0.014634 0.014433 0.006122
3.725713 0.033284 0.050910 0.021525 0.013081
0.022076 0.013241 7.337960 1.293571 0.198308
0.009226 0.007317 0.018944 0.020503 0.007266
0.010333 0.009669 0.026301 0.015597 0.004006
0.030899 0.013289 2.134994 0.034412 0.021573
0.017483 0.012676 0.037468 0.030193 0.011348
0.012637 0.011208 0.034605 0.018621 0.006307
0.009697 0.005562 0.018440 0.029748 0.007724
0.010605 0.009122 0.027034 0.021319 0.006712
0.022305 0.014376 0.049642 0.032716 0.009679
0.009056 0.007827 0.023277 0.025060 0.006774
0.015930 0.014188 0.037688 0.032809 0.007220
0.029942 0.011053 0.021533 0.009779 0.002677
0.015709 0.013059 0.024764 0.015929 0.004006
1.005035 0.057304 10.967492 2.003252 0.102446
0.016739 0.014262 5.625790 0.556410 0.015045
0.009047 0.007250 0.017826 0.011460 0.004743
0.017989 0.009995 0.028883 0.017871 0.006604
0.016999 0.013860 0.025289 0.026907 0.011208
0.029724 0.008039 0.010906 0.012266 0.005619
0.005997 0.004942 0.012686 0.014735 0.006514
0.026267 0.015054 0.050929 0.045252 0.010004
9.252280 0.117073 2.221286 0.055776 0.029752
0.007721 0.004515 0.010945 0.013185 0.006277
0.016614 0.008335 0.027000 0.025125 0.007341
0.009946 0.005604 0.020151 0.023217 0.008026
0.010385 0.008165 0.026243 0.032719 0.011250
0.013418 0.005423 0.015361 0.020856 0.011397
0.012551 0.006609 0.018937 0.019400 0.008344
0.028091 0.014343 0.045179 0.041584 0.009091
0.017462 0.009417 0.024516 0.024501 0.005577
0.009815 0.005855 0.023043 0.020203 0.004508
0.007179 0.004378 0.011241 0.013038 0.005600
0.014957 0.008611 0.048615 0.033838 0.006680
0.009686 0.008851 0.032341 0.024358 0.005989
0.014975 0.013227 0.029200 0.016883 0.006941
0.009952 0.008806 0.024415 0.014541 0.006021
0.022100 0.012632 0.584176 0.027232 0.009434
0.010901 0.007049 0.044384 0.017916 0.005887
0.010609 0.006533 0.025977 0.028883 0.008747
0.018798 0.007347 0.016391 0.018332 0.007584
0.015674 0.013314 0.048946 0.031587 0.008288
0.024506 0.012405 0.028769 0.030563 0.010017
0.009126 0.007260 0.019620 0.015180 0.004665
0.012368 0.006537 0.030735 0.016948 0.006596
0.009825 0.007635 0.016146 0.033209 0.014832
0.981477 0.068039 13.149561 3.913705 1.633935
0.009937 0.006420 0.022753 0.023471 0.007239
4.860639 0.023117 0.970067 0.046063 0.026570
21.309864 1.873568 15.689951 1.388588 0.062161
0.012132 0.009185 0.021193 0.027828 0.007544
0.019467 0.008918 3.689339 0.031123 0.016275
21.726596 1.319954 3.590994 1.617898 0.303787
6.581367 0.042145 0.685744 0.053245 0.033757
0.012895 0.011619 0.047696 0.027424 0.006651
0.012535 0.007543 0.031003 0.024691 0.008126
0.016804 0.011625 0.032538 0.020366 0.006065
7.722582 0.022945 0.829511 0.047134 0.031288
0.009786 0.008465 0.022198 0.026658 0.008263
0.028436 0.016105 0.041904 0.036844 0.007362
7.872025 0.441571 1.315194 0.049946 0.032096
0.024854 0.015016 0.025753 0.019689 0.005496
0.015536 0.011045 0.076688 0.036738 0.006858
7.626361 0.022320 2.211019 0.067746 0.046344
0.011304 0.009318 0.020289 0.020893 0.006921
0.022455 0.011787 0.036752 0.021349 0.006613
0.021534 0.016105 0.032110 0.016301 0.005248
10.624632 0.064134 0.549914 0.047940 0.034871
0.008400 0.005262 0.014744 0.019140 0.007004
4.000604 0.059439 0.084172 0.048025 0.017950
13.257437 0.925939 4.833535 0.375419 0.033047
0.008952 0.005605 0.019972 0.012440 0.005142
0.023317 0.014042 0.029996 0.022890 0.007541
0.010527 0.007088 0.021417 0.030997 0.010078
0.013131 0.009942 0.034210 0.037421 0.012716
0.022347 0.009112 0.021099 0.029390 0.009869
0.014744 0.007267 0.023078 0.028204 0.009532
14.780635 0.089204 2.403981 0.100830 0.052478
0.015399 0.009602 0.034251 0.026864 0.008168
0.013432 0.007475 0.024745 0.021107 0.005187
0.008566 0.006044 0.014906 0.013728 0.006488
0.021775 0.011322 2.254642 0.036873 0.030445
0.009896 0.009193 0.042881 0.032278 0.007404
0.015096 0.014084 0.045129 0.027347 0.008931
0.010158 0.008047 0.028062 0.022065 0.007785
0.028254 0.031943 9.455202 0.633997 0.044489
0.012227 0.007360 6.734029 1.289384 0.191918
0.014765 0.007535 0.024377 0.026627 0.006251
0.028664 0.007483 0.014976 0.020674 0.007830
0.022481 0.012853 0.472926 0.031949 0.005510
0.020326 0.014181 0.031138 0.035351 0.010760
0.011708 0.007992 0.021305 0.016200 0.004365
0.013835 0.006994 0.027029 0.039016 0.006862
0.016188 0.011091 0.023616 0.037791 0.012017
