0.775164 0.971124 1.201640 1.596246 2.049648
1.016662 1.130145 1.367374 1.638487 1.750768
1.508659 1.795779 1.725053 1.704298 2.151775
1.151667 1.297560 1.309734 1.319248 2.272637
1.430958 1.620584 1.554324 1.316685 1.920554
1.354124 1.546365 1.150982 1.174693 1.932729
0.640648 0.776717 0.812168 1.013902 1.184084
0.519077 0.610798 0.818036 0.994780 1.248148
1.559967 1.864496 1.911872 1.727314 2.589653
0.670928 0.808246 1.245368 1.536052 1.766816
1.089115 1.249122 1.186924 0.780140 1.606423
1.647268 1.903277 2.117784 1.808112 2.558116
0.634092 0.691538 0.610145 0.726993 0.916720
0.795735 0.753482 1.014967 1.290356 1.522286
0.919276 1.170424 1.218284 1.131855 1.480381
0.881459 0.948259 1.139806 1.353239 1.493085
0.563783 0.693800 0.770094 0.971063 1.304011
0.494142 0.612412 0.848875 1.107125 1.260654
0.761268 0.725235 0.819265 0.952867 1.116775
0.685012 0.804606 0.896017 1.079424 1.222202
0.618896 0.830804 0.913807 0.967508 1.399240
1.129839 1.374843 1.369474 1.243667 1.619924
1.594467 1.984146 1.649215 1.329808 2.076244
0.803745 0.895938 0.701584 0.917743 1.200645
0.546587 0.655266 0.903876 1.216442 1.376471
0.671155 0.797601 1.029552 1.226470 1.343332
2.305689 2.374444 2.452018 2.171360 2.515799
1.092467 1.226202 1.118390 1.266547 1.436344
0.864056 1.059949 1.109925 1.260150 1.568122
0.723650 0.756981 0.864544 1.060959 1.246176
1.209861 1.282770 1.666716 1.798739 2.085098
1.329330 1.661035 2.187732 2.273264 2.932811
1.012783 1.213590 1.364945 1.101378 1.585529
1.028901 1.200597 1.276567 1.224007 1.434511
0.467492 0.583906 0.729859 0.825775 1.000928
0.537574 0.660858 0.800319 0.878479 1.108438
1.326316 1.604838 1.527602 1.588646 2.191022
1.451262 1.908944 1.719703 1.302404 1.798778
1.112511 1.295338 1.612177 1.909587 2.252783
0.983440 0.970317 1.266007 1.758478 2.087858
1.979656 2.203752 2.420803 1.935455 2.708907
1.153507 1.412124 1.500888 1.175657 1.820903
0.546937 0.646164 0.649838 0.682363 0.967522
0.740686 0.831824 1.400556 1.663850 2.015318
0.743625 0.824589 0.777035 0.799891 1.111955
0.900514 1.091372 0.972239 1.099439 1.358592
0.541392 0.580677 0.540753 0.518618 0.811632
0.560174 0.662601 0.770283 1.020823 1.184066
0.736934 0.913427 0.687921 0.745397 0.965491
0.597239 0.665398 0.769936 0.966965 1.229702
1.509642 1.565204 1.541725 1.427555 2.067565
1.641659 2.071351 1.943137 2.045683 2.637186
1.088115 1.116055 1.222436 1.659154 1.853452
0.666685 0.929815 1.053198 0.843428 1.284723
1.863669 2.241676 2.154061 1.658341 2.846654
3.614632 4.343456 4.022625 3.790933 4.327766
1.267098 1.458616 1.161113 1.563328 1.928164
1.266048 1.595962 1.941644 2.010218 2.571372
1.261265 1.429276 1.441651 1.505392 1.909141
1.155396 1.300709 1.221809 1.442390 1.623358
1.504414 1.613732 1.882385 1.853595 2.536260
1.973933 2.319113 2.473120 1.790828 2.284550
0.763052 1.015355 1.191273 1.417488 1.705844
0.667411 0.801896 1.017940 1.201809 1.347972
1.745615 1.793383 1.297651 0.935750 1.892616
1.585692 1.625929 1.450899 1.778925 2.267092
1.582588 1.748095 1.755080 1.828354 2.445810
0.723151 0.756428 0.873834 1.027621 1.199575
1.076185 1.275635 1.819026 2.016885 2.428117
0.885332 1.103048 0.826585 0.746189 1.061302
1.108316 1.386377 1.708780 2.106180 2.343513
1.150981 1.210175 1.708373 1.697105 2.008116
1.040894 0.999635 1.221748 1.419351 1.496323
0.926462 1.051831 1.181459 1.489064 1.801817
1.389016 1.636277 1.688241 1.261009 2.146426
2.232173 2.398817 2.483525 2.150434 3.238659
0.822834 0.954752 0.946452 1.156193 1.485527
0.667659 0.802337 1.069688 1.259349 1.381638
1.020190 1.207809 1.216694 1.336400 1.755585
2.842066 3.766613 3.582842 2.969883 3.370940
1.307430 1.338497 1.718464 1.340201 1.970278
1.299664 1.555344 1.568622 1.593131 1.723196
1.756185 2.003013 2.040995 1.794252 2.470130
1.100144 1.079582 1.419035 1.819066 2.070889
0.808991 0.945019 1.114060 1.381150 1.658107
0.587713 0.555919 0.723563 0.980013 1.240450
0.807873 0.801352 0.718413 0.530067 1.004798
1.174684 1.357857 2.153002 2.164614 2.600308
1.724110 2.131568 2.120502 1.639403 2.358250
1.157200 1.298450 0.917089 1.149399 1.509124
0.830347 1.119813 1.521262 2.033881 2.248461
0.654088 0.861951 1.108327 1.456643 1.618897
1.077020 1.381164 1.950021 1.992765 2.448725
1.436424 1.765496 2.130826 1.635296 2.497765
2.036098 2.057973 2.337268 2.435601 3.098938
1.410841 1.423360 1.337653 1.479249 2.042819
0.714953 0.853688 0.857588 0.905596 1.199037
0.959268 1.163181 1.596004 2.008340 2.322448
0.795837 0.943061 0.958931 1.049606 1.443246
1.002113 1.165905 1.373870 1.943632 2.127865
0.677676 0.905939 1.409469 1.656985 1.965537
1.383096 1.640867 1.400946 1.737204 2.304773
0.788417 0.969440 1.334845 1.371468 1.641418
0.884723 1.119717 1.625131 1.844729 2.030643
0.588295 0.711282 1.014498 1.189525 1.316577
0.641310 0.815677 1.031654 1.163229 1.428344
0.681358 0.921021 1.315626 1.302237 1.461500
1.230813 1.400952 1.467013 1.585921 1.994836
1.247432 1.510748 1.588337 1.599704 2.080735
1.784438 2.350262 2.217348 1.627433 2.651637
1.648769 1.985394 2.361653 2.649908 2.983907
1.696408 2.126873 2.207876 2.245612 2.893262
0.928942 1.119882 1.633550 2.062130 2.217008
0.865928 1.024174 1.437626 1.663170 2.078352
1.324892 1.575055 1.880654 2.013861 2.252399
1.165439 1.408056 1.835292 1.993552 2.212502
0.938295 1.101324 1.100603 1.165825 1.375725
1.284374 1.561635 1.896617 2.395775 2.701629
3.802288 3.967394 4.950936 3.894180 4.133914
1.661655 1.849812 2.223053 2.318411 2.985169
1.083926 1.350746 1.570027 2.111642 2.361949
1.193030 1.500998 1.914866 2.374151 2.487378
0.638901 0.792723 1.155614 1.279919 1.519455
0.884938 1.040549 0.862315 0.786636 1.185592
1.303092 1.437262 2.319143 2.276409 2.835126
1.130399 1.418554 1.079585 1.062145 1.398723
1.557205 1.713318 1.406029 1.426448 2.136446
1.625405 1.819915 1.558567 1.975523 2.575453
1.502620 1.590531 1.258941 1.558380 2.044951
1.194748 1.497226 1.619759 2.038590 2.308292
0.863319 1.026198 1.224673 1.547430 1.978605
0.844171 0.991706 1.289973 1.454136 1.600788
1.769972 2.246166 2.452844 2.519556 3.132861
2.096854 2.337674 2.699770 2.216130 3.373386
1.748680 1.936547 2.607645 2.418486 3.038260
1.271840 1.614448 1.743126 2.122206 2.436653
2.116275 2.334271 2.023426 2.236136 2.866147
1.716214 1.719754 1.418673 1.659173 2.064247
3.155618 3.106816 3.447711 3.243515 4.028229
1.944537 1.955549 1.894492 1.660214 2.377499
1.123088 1.526137 1.833553 2.198736 2.563020
0.843262 1.026756 1.428479 1.557379 1.824812
1.230805 1.326311 0.966760 1.121860 1.557702
0.671860 0.750670 0.808960 0.988798 1.210061
1.140124 1.432722 1.515677 2.034620 2.294186
0.944277 1.035647 1.062858 1.439516 1.554523
1.061214 1.305717 1.674561 1.818877 2.377323
1.017970 1.373012 1.310033 1.277778 1.569196
1.078817 1.219106 1.561833 1.540507 1.760130
1.359177 1.699749 1.825126 2.189979 2.428598
2.190475 2.371600 2.623464 2.674561 4.129070
1.944753 1.944036 2.074777 1.924130 2.367977
1.058721 1.142580 1.481957 1.614574 1.850926
1.014919 1.143760 1.467734 1.742025 1.944557
3.391384 3.941979 3.086783 2.796731 3.716689
0.749730 0.786406 0.814572 0.954741 1.210029
1.381813 1.759089 2.372542 2.507772 3.007708
2.036620 2.257313 2.320472 2.599092 2.922781
1.306767 1.625319 1.756584 2.415633 2.817621
1.566126 1.735968 1.729545 1.613817 2.544834
1.051745 1.109907 1.381453 1.355377 1.657208
0.792401 0.917184 1.097414 1.483748 1.786837
2.546476 2.978757 3.171583 2.555389 3.457402
2.488126 2.994323 2.405531 2.543545 3.283607
1.801130 2.057060 2.203985 1.981747 2.483557
2.259435 2.438167 2.627211 2.373210 2.803159
2.196531 2.359520 3.944205 2.943258 3.664247
2.935145 3.211933 3.639995 3.504643 4.408172
1.441506 1.665457 1.552231 1.612809 2.203347
2.874582 3.069966 3.101180 2.758282 3.326816
5.084012 5.983082 6.309600 5.943700 5.584832
2.341381 2.342184 2.141766 1.625900 2.570258
2.349645 2.434816 2.787553 2.356629 3.119254
1.449925 1.615458 1.420460 1.585733 1.941561
1.977190 2.099415 2.582811 2.377890 2.998609
2.765988 3.124568 3.001689 2.688992 4.921697
1.831887 2.272482 2.561109 2.404771 3.176664
3.323355 3.670444 3.215532 2.948919 4.809183
1.752123 1.826848 2.123938 2.322666 2.982059
2.247034 2.840893 2.806052 2.659457 3.232499
1.359475 1.568543 1.504050 1.422716 2.143021
2.116775 2.250138 2.120250 1.871596 2.718137
2.766475 3.234105 3.599929 3.288808 3.822440
1.614995 2.302172 2.946380 2.534979 3.205981
2.702247 3.143556 4.253070 3.692197 3.885776
1.892602 2.405255 1.866369 1.834969 2.588393
1.735327 1.775641 1.762098 1.889676 2.157963
1.031130 1.093555 1.558804 1.459539 1.640157
1.913691 2.019745 2.088779 2.008775 2.448472
2.018596 2.128763 2.361259 2.449261 2.762581
1.790911 2.341911 2.652032 2.990800 3.324975
1.014949 1.276665 1.213274 1.460064 2.077762
1.938937 2.110346 1.935195 2.106689 2.499015
2.018656 1.806364 1.783343 2.023034 2.404002
1.392401 1.650862 2.587041 2.893268 2.974785
0.947677 1.132657 1.705583 2.184650 2.459503
1.839354 2.532296 3.312382 2.566771 3.110200
1.201046 1.255299 1.438672 1.679385 1.916667
2.303649 2.668927 2.635257 2.814176 3.734045
2.339157 2.264230 2.498885 2.326878 3.094933
1.145035 1.355665 1.704632 1.947178 2.336404
1.105086 1.241884 1.385638 1.490783 1.801321
1.182921 1.584822 1.594395 1.548878 2.093329
2.283854 2.279545 1.933151 2.282231 2.668744
0.844714 1.041752 1.424084 1.631666 2.036441
1.360866 1.509677 2.043494 2.046911 2.269141
2.694894 3.234918 2.922303 2.365600 2.692975
1.823336 1.940310 2.551812 1.968263 2.692029
1.238385 1.487596 1.776330 2.236430 2.328111
1.195428 1.398220 2.089928 2.293144 2.578775
3.061688 3.763750 3.413389 2.704964 3.543023
2.143412 2.264950 1.941276 2.096161 2.470458
1.771276 2.773355 3.726210 2.732987 3.622400
2.014438 2.437223 2.131281 2.253180 2.910253
1.086439 1.261018 1.983056 1.822752 2.278359
1.040130 1.254990 1.698353 1.708190 2.045289
4.478694 5.215914 4.603861 4.693997 4.557028
2.480381 3.057841 2.948761 2.025788 3.375812
1.592532 1.713866 1.734665 2.039679 2.396001
2.109228 2.709195 3.169490 3.189959 4.002092
2.548152 2.723875 3.031801 2.568295 4.079080
1.810434 2.239090 2.374594 3.148285 3.863653
1.990915 1.880775 2.635483 3.045819 3.595573
2.275486 2.547316 3.292432 3.055111 3.797370
2.610611 3.121400 2.976287 3.154151 3.904215
2.799945 3.243804 5.169801 3.174179 4.003010
1.384711 1.826912 2.489639 2.860919 3.163713
2.275659 2.454537 2.453434 2.888326 3.138222
2.365301 2.526224 3.333067 2.988388 3.943520
1.705801 2.142190 2.869916 2.446758 3.174730
1.976593 2.077002 3.175092 2.635707 3.236263
1.832492 1.719736 1.968723 2.215931 2.419925
2.452201 2.563946 3.778000 2.843605 3.244854
1.467040 1.788241 2.115906 2.307865 3.060722
2.085865 2.380897 2.368062 2.316299 2.817801
2.314883 2.713277 3.576667 3.307071 3.712296
3.976873 4.542986 4.838417 3.371203 3.913407
4.005613 4.437939 4.509445 3.116541 4.515346
1.374813 1.614952 1.965318 2.260634 2.319703
1.704715 1.929314 2.510281 2.395207 2.599393
1.413480 1.615578 2.604761 2.583686 2.695256
2.152255 2.783192 3.587232 2.649869 3.332229
1.847467 1.986938 1.795786 2.217851 2.389317
1.372833 1.380110 1.442126 2.019473 2.375331
2.233305 2.367635 2.970703 3.114708 3.477221
1.500093 1.998342 2.281011 2.666096 2.949407
1.967873 2.347628 2.685934 2.587977 3.068725
2.427395 2.702429 2.338042 2.217430 3.200594
2.520787 2.851398 3.095266 2.837200 3.658535
2.890538 3.231699 2.649429 2.993962 3.695433
2.411189 2.241895 3.605148 3.002215 3.743840
2.976869 2.916863 2.882195 2.237392 4.233107
2.427614 3.340771 4.023813 3.070280 3.900010
1.511011 1.653915 1.598781 1.746602 2.343292
3.205115 2.980695 3.541425 3.423594 4.538513
3.872848 4.613863 4.380854 3.372995 3.779804
2.920545 2.913926 3.441925 3.765726 4.636737
3.756476 4.506995 5.041570 3.933405 5.354296
1.831632 2.331740 3.340165 2.760162 3.811204
1.639231 1.684381 1.848820 2.121288 2.349957
2.946019 3.202735 3.841713 3.221618 3.833547
3.615477 4.193034 3.785193 4.040321 4.614051
2.240129 2.391015 2.688077 2.766114 3.378662
2.211771 2.477000 2.887529 2.438399 3.228378
1.375898 1.740529 2.071770 2.509484 2.762611
1.950855 2.536189 2.966208 3.071778 3.616658
2.730733 3.477817 3.328750 2.945259 3.654996
2.055942 2.576735 2.096724 2.467441 2.601363
2.748630 2.633856 3.594102 3.190709 3.809762
1.689187 1.969989 1.871628 2.286529 2.523300
4.848936 6.118870 6.307090 6.598817 5.395718
5.735453 6.768046 6.412471 5.380985 6.166877
3.017330 3.646976 10.276160 3.415254 4.076329
3.177664 3.504986 4.352254 3.386800 4.107922
2.434351 2.634449 3.230489 3.267645 3.818994
4.257157 4.510055 4.172682 3.298461 4.512240
2.236052 2.809940 3.130674 2.771882 3.297834
2.158746 2.156817 3.184390 3.192981 4.021986
2.236355 2.516299 2.986600 2.849346 3.509479
3.665041 3.844469 3.490977 3.344257 3.792829
2.312557 2.935058 4.470523 3.223487 3.750817
2.082860 1.999685 2.858483 3.175634 3.252590
2.859000 3.772738 4.426201 3.171327 3.990329
3.227561 3.535711 3.934799 3.152341 5.068395
2.217689 2.717061 5.052648 4.096546 3.940887
1.943046 2.165523 2.899617 2.700425 3.138833
3.907871 4.564451 3.961023 3.209917 4.333924
4.754728 3.608376 3.537916 3.167143 4.054169
1.863534 2.095577 2.398960 2.654017 2.906652
2.001600 2.427295 3.068110 3.414919 3.635039
2.323617 2.480841 4.568281 3.406098 3.983983
2.131031 2.301279 2.107519 1.982038 2.456287
3.411135 3.990133 6.307330 5.624715 4.609949
2.169928 2.515058 3.045771 2.719881 3.439991
4.438969 4.843834 4.877503 4.953355 4.847164
2.447663 3.235768 3.892685 3.125072 3.700049
2.137586 2.195627 3.748284 3.181227 3.554116
1.840354 2.426278 2.921952 2.851113 3.392491
3.362314 3.241639 4.314991 4.033035 4.290809
1.844908 2.556318 2.990088 2.916707 3.516515
2.047537 2.669158 3.591888 3.843212 3.876021
2.168253 2.436258 3.140114 3.165717 3.469388
2.073360 2.353718 2.842933 2.815796 3.182072
2.313898 2.674685 3.389468 3.234018 3.682963
2.478601 2.925405 4.052745 3.071079 3.631761
2.607895 2.992278 3.402665 4.298589 4.319961
4.525899 4.274326 6.218103 6.066731 4.943156
2.483472 2.890939 3.239256 3.512815 4.171079
3.395839 3.631982 3.315344 2.819148 3.892479
3.447067 3.775296 3.640673 3.119767 3.563538
2.777197 3.186974 3.592518 3.318732 3.881527
1.717937 2.170249 3.112066 2.855826 3.118025
2.643409 2.902035 3.973018 3.226387 3.756825
2.603748 2.843405 3.405922 3.421453 3.970986
7.076370 6.687440 6.186220 7.006172 6.242304
3.736774 4.542903 3.351165 2.896481 4.831626
3.118825 3.122026 3.057662 3.175330 3.541420
3.618304 4.016709 3.447707 3.822123 3.984906
3.242382 3.552026 3.545289 2.969589 3.708994
2.370799 2.815596 3.466851 3.086427 3.386441
2.641328 2.867865 4.284189 3.145821 3.678317
1.787095 2.250359 2.348352 2.478772 2.760831
2.320357 2.877488 2.681725 3.239649 4.224764
2.207567 2.371035 3.308947 3.198090 3.924025
1.990213 2.957751 3.949240 2.943841 3.503792
2.276879 2.572242 2.830966 2.969819 3.390261
4.063228 4.547757 4.557786 4.841892 4.323073
3.686547 3.913578 4.181595 5.890244 4.915549
4.493551 4.364981 4.419141 3.543225 4.044267
3.940104 3.845094 4.047035 4.782812 4.321956
3.152359 3.396374 4.071621 3.566867 4.577096
2.556375 2.952838 2.627999 2.554495 2.926696
5.624588 4.773400 4.038940 3.476999 3.701205
3.840326 4.600826 4.760201 4.595604 4.764235
4.298560 3.165364 3.716300 3.733442 3.988915
2.336315 2.845978 3.301345 2.867111 3.537176
2.280175 2.871221 3.308746 2.978210 3.204470
4.262282 5.135316 5.295428 5.220589 4.285290
4.655688 4.266015 4.624471 3.647914 5.473088
2.973329 2.854173 5.597993 3.375793 4.042374
2.249918 2.974780 3.374736 3.074280 3.475152
3.979024 4.033564 4.651036 5.016383 4.874357
3.021738 2.412913 4.303246 3.207597 3.584173
2.527644 3.256227 3.819532 3.285959 3.789368
2.405936 2.692821 4.394703 3.103889 3.924441
2.735435 2.371939 3.842888 3.243726 3.639137
5.330078 5.104273 6.845005 4.260494 4.467794
7.598176 7.461012 8.275143 7.863592 6.145304
2.623999 2.736305 3.530237 2.987972 3.381994
3.959862 4.495949 4.230781 3.710098 3.896729
4.719979 3.495881 3.516110 3.198878 3.410395
1.622425 2.156995 2.942541 2.593060 2.811088
3.457657 3.370369 5.421315 4.701282 4.500687
2.820684 3.256785 3.555550 2.985137 5.044561
3.841435 5.061450 4.334104 4.767399 4.771984
3.500817 4.410366 4.540450 3.364678 4.664831
5.095186 5.305885 4.569167 4.993041 5.019804
5.483077 5.119901 5.787025 4.737326 4.705529
3.291020 3.532592 4.960659 3.524682 4.105395
2.959657 3.338274 4.763014 3.408575 3.848321
2.751417 2.683888 2.498510 2.649860 2.932608
4.097182 2.818565 6.350226 3.097216 3.642107
2.586221 3.412340 4.163318 3.298851 3.941765
3.414509 2.162421 3.501924 3.076554 3.324053
2.639476 3.340450 4.555329 4.611180 4.404895
3.062198 2.979768 3.956096 3.170909 3.380636
2.736929 3.399589 4.006960 3.419708 4.413841
3.320899 4.211087 4.716721 3.970902 5.164742
4.517175 6.100098 4.732171 3.678171 4.499076
4.144442 4.628339 4.365711 3.774548 4.021539
3.889204 4.246642 3.847865 4.078387 4.493528
2.946722 3.389128 4.232037 4.241799 4.246147
2.373261 2.734525 3.520333 2.911185 3.409772
3.928092 4.522997 5.607365 4.593398 5.224534
4.075975 4.451503 5.786649 5.101768 5.027929
4.746091 5.634938 5.399335 3.583550 4.677213
7.526171 7.877139 6.404502 8.221604 5.727796
6.732045 5.668965 7.665843 7.185928 5.433302
4.728827 6.505716 9.195685 5.981090 5.094283
2.790151 3.230059 10.795978 3.467674 4.218341
25.905437 103.442947 8.716955 4.570431 4.461245
6.492968 7.098486 7.401149 5.611456 4.923839
3.134114 3.665882 4.464421 3.766006 3.951954
3.709499 3.720133 4.380660 3.796410 4.120943
3.869616 4.590402 6.545356 4.161789 4.165995
5.634074 5.690366 8.119621 7.241536 4.794954
4.093585 4.517711 4.797081 4.289228 5.755696
4.548486 3.738613 3.600386 4.500707 3.787631
3.387996 2.732586 2.698384 2.986053 3.227280
5.700485 5.165090 4.087029 3.840981 4.127942
3.821283 5.395604 6.086468 3.421462 4.053879
3.965573 4.211640 6.943462 4.438320 4.563281
3.657148 4.357432 4.502286 3.639608 4.512508
3.666177 4.665476 5.786474 5.132074 4.282242
6.824064 6.462197 12.770999 6.464105 6.213708
5.043113 5.388690 11.014157 5.600629 6.217683
4.124651 4.383922 4.416127 3.751174 4.533172
4.697060 4.715359 4.514824 4.090474 4.854961
43.066985 57.875243 33.951470 15.670446 4.748047
2.334691 2.844079 3.448406 2.947664 3.665038
3.992468 4.557053 28.639726 6.891401 4.957422
3.971599 4.409416 3.919137 3.909691 4.095145
5.949560 7.619968 7.004446 7.028369 5.823197
6.355927 6.746496 6.657297 5.466969 5.856291
6.615361 8.079154 7.206406 4.601022 5.058615
8.930714 8.436332 7.562701 4.822167 4.617270
3.719381 6.218671 4.904503 3.483378 4.361529
4.129574 4.700424 3.781308 4.482479 4.111258
3.560224 3.817522 3.394955 3.983423 4.489228
4.533795 4.489184 5.204539 4.461976 5.023893
3.330172 2.955197 4.602689 3.518726 4.187320
4.709081 2.997167 4.375142 4.256782 4.444620
3.376362 3.547898 4.506251 4.016439 5.024957
4.763982 4.488643 4.699660 3.661245 4.692368
5.248135 4.669893 5.213009 3.869847 4.510781
4.498175 5.542519 5.973589 5.690841 5.322973
5.563976 6.456220 5.219768 3.547724 4.555765
7.429643 8.675917 8.474650 6.914363 5.423323
6.282080 6.114716 7.262108 6.820471 5.074698
3.347268 3.668059 4.281923 3.700122 4.051929
4.043398 4.227025 6.921246 5.027673 4.686975
5.957230 6.610980 10.487065 4.673900 5.519786
4.389404 5.236561 5.090327 4.388339 4.746563
5.969801 6.853336 5.610052 4.826274 4.912081
29.272393 12.401402 9.155170 6.721502 5.801556
11.437078 117.761034 34.588957 54.572500 5.122474
5.680099 6.081372 8.259768 5.906359 4.771827
3.899010 3.979232 76.813909 5.769728 4.780772
7.391421 12.298412 15.411499 4.344352 12.471466
7.026040 6.870113 12.895203 7.334780 5.161172
4.119840 4.505771 4.909493 3.799981 4.492942
5.115916 4.842442 7.208159 4.592140 4.729077
4.210216 5.118457 5.781269 4.735595 4.431137
8.684785 8.518492 9.990220 9.115526 5.413465
4.251246 5.472228 5.927008 5.212718 5.438446
6.032621 7.116162 9.802844 5.930878 4.757073
3.049447 3.338415 2.653943 3.224961 3.320015
6.227254 5.620213 4.221718 3.580722 3.750133
11.117504 30.490677 37.262838 9.833147 4.639318
5.503785 6.208482 11.180259 12.119669 4.825774
4.727611 6.523674 4.850869 4.637829 4.720824
3.767010 4.247307 6.608571 6.156132 5.331494
5.804218 6.286454 19.265962 15.426023 5.856203
4.639583 5.069821 5.034954 3.901350 5.517151
5.342119 5.792939 4.690679 4.781580 5.529955
7.343217 7.199931 6.796337 6.289714 4.964105
96.934268 81.271987 16.891687 5.474526 4.765880
4.670534 5.639098 4.826499 3.483969 4.458479
5.084001 7.331471 20.009831 3.956875 4.817312
6.443707 7.339660 9.250500 6.304887 5.019103
7.796965 8.573805 8.351981 8.550202 6.167184
7.108234 7.742933 6.639864 5.537056 6.330940
6.256200 6.500040 7.181326 5.355770 5.587062
15.599970 11.314375 7.600633 4.705621 4.870313
5.582663 5.376895 5.139648 5.479235 4.964112
4.122213 4.310289 4.136960 3.688962 3.551457
4.478355 4.617178 4.477154 5.197960 5.328886
5.441228 6.401559 5.462379 4.424609 5.002936
3.776275 5.814867 8.407099 5.096921 4.739257
4.950974 4.031931 5.639718 6.110709 5.147968
4.323326 4.557076 4.761060 4.460865 4.384209
5.770098 5.463179 5.169141 3.854757 5.510547
6.335882 6.044348 4.880856 4.751426 4.962784
6.240864 8.918727 5.723588 5.680647 5.000131
4.801677 5.218921 5.810335 3.754415 4.518723
10.164806 7.099889 7.147670 5.819794 5.085292
8.186003 8.368106 10.054762 8.767522 5.891537
3.915981 4.539882 3.939585 4.459879 4.869597
5.490365 5.073382 4.704930 4.963420 5.245950
6.531367 6.573915 6.598519 4.158265 4.764017
14.585051 21.598842 19.002599 17.535177 9.316103
5.978928 7.233146 7.555994 6.738954 5.203259
23.718284 17.148788 35.883558 5.519692 5.728220
32.349026 37.527870 17.829097 9.327540 4.983084
6.139208 7.108253 14.528155 5.058590 4.990285
5.911619 13.859081 12.816178 5.589551 4.761607
65.028876 30.273672 12.897155 10.537086 4.758960
12.307591 7.545759 7.075168 5.521936 4.872534
5.074428 5.120480 5.677577 4.092291 4.382996
6.158406 6.530372 7.638886 7.072304 5.253160
4.236512 4.435081 5.126877 5.107701 4.349828
41.103962 10.283213 8.133004 8.124906 5.571322
4.884184 5.438962 6.158069 8.256995 6.092104
5.833596 7.426092 9.173678 7.914726 4.848466
41.185763 22.009319 21.148687 3.536573 3.944250
5.356243 5.736296 13.920028 5.314695 4.464577
6.325298 6.595311 8.660679 4.632980 4.641063
26.067496 8.398031 5.858920 3.909790 4.917990
5.107332 6.765625 7.151398 6.131662 4.847424
4.613534 4.639207 6.353266 5.565260 5.374937
6.922040 6.437792 5.629639 5.149814 5.111602
11.080053 45.668746 6.504555 4.626367 6.549684
5.631797 5.306623 5.647770 4.757529 5.491281
42.942093 79.159572 9.456109 8.391231 5.239604
110.858933 18.097140 13.625632 5.948984 4.126669
5.372759 4.711146 4.168499 3.428529 4.359587
4.830833 4.500958 46.097042 6.328765 5.092685
6.645729 6.863526 7.758008 6.115500 5.413119
8.812304 11.013375 10.292611 9.164109 5.983484
9.341948 8.597158 7.581483 5.441128 6.252128
9.774042 8.181013 8.816112 6.455136 5.736368
22.749840 24.154209 18.595108 5.373468 5.024340
6.899521 7.110038 12.897838 5.588535 4.675264
6.479731 7.244537 10.090704 6.086496 5.148500
4.751920 5.302689 6.989835 4.079766 5.718757
7.638728 26.851785 34.399875 5.161171 4.882121
5.243526 5.925378 6.973122 6.319085 4.789894
4.514270 4.641640 7.024094 6.262249 5.648807
7.732510 9.814213 7.980462 4.936441 5.224030
9.454895 18.295506 11.983569 10.000814 5.017256
7.303075 41.774196 42.010901 40.015751 5.914154
7.819185 6.569983 5.650840 3.500396 4.257597
4.684265 5.408616 5.981634 4.369704 4.921000
7.044657 7.829598 6.020611 4.084172 4.114197
10.303110 10.412860 8.535729 8.919303 6.231546
3.864569 3.936909 4.287261 4.211551 3.843173
5.513710 6.075353 5.891448 4.528575 14.926629
7.934023 7.733705 10.878060 5.260952 5.261371
