0.002412
0.002795
0.002507
0.001836
0.001908
0.001624
0.001390
0.001330
0.002396
0.002527
0.001057
0.002848
0.000897
0.001663
0.001507
0.002083
0.001308
0.001487
0.001199
0.001427
0.001211
0.001554
0.001865
0.001116
0.001689
0.001923
0.003905
0.001827
0.001860
0.001298
0.002778
0.004340
0.001440
0.001627
0.001150
0.001001
0.002321
0.001600
0.003256
0.002940
0.003235
0.001556
0.000849
0.002669
0.000955
0.001424
0.000567
0.001298
0.000810
0.001212
0.002654
0.003269
0.002689
0.001354
0.002453
0.005270
0.002159
0.003886
0.002771
0.002399
0.003183
0.002224
0.002199
0.001846
0.001530
0.003116
0.003468
0.001250
0.003735
0.000904
0.004450
0.001648
0.002197
0.002120
0.001590
0.003972
0.001598
0.002035
0.002117
0.006198
0.001858
0.002233
0.002736
0.003090
0.001870
0.001187
0.000705
0.004713
0.002254
0.001403
0.004035
0.002163
0.003448
0.002695
0.004935
0.002335
0.001126
0.003664
0.001571
0.003077
0.002841
0.002696
0.002092
0.002995
0.001738
0.001391
0.002116
0.002672
0.002385
0.002459
0.007061
0.004446
0.003881
0.002604
0.004227
0.003892
0.001486
0.004832
0.008784
0.004621
0.004614
0.005468
0.001907
0.000962
0.005130
0.001330
0.001995
0.003540
0.002148
0.003886
0.002268
0.002321
0.005703
0.003375
0.005866
0.003933
0.004287
0.002449
0.004754
0.002482
0.004038
0.002519
0.001439
0.001218
0.003469
0.001818
0.003373
0.001667
0.002779
0.003885
0.005496
0.003159
0.002315
0.003046
0.004622
0.001227
0.004985
0.006747
0.004813
0.002555
0.002393
0.002259
0.005026
0.004390
0.004159
0.005882
0.007658
0.004684
0.002307
0.005980
0.009133
0.001895
0.004876
0.002352
0.004705
0.007079
0.004814
0.008233
0.004824
0.007194
0.002227
0.002792
0.009899
0.005667
0.006736
0.002998
0.003561
0.001771
0.003303
0.005270
0.008927
0.002242
0.003441
0.003373
0.007849
0.004839
0.006154
0.002748
0.006620
0.003623
0.003392
0.002464
0.001922
0.003571
0.002256
0.005124
0.004505
0.001929
0.004880
0.005281
0.005496
0.003814
0.006577
0.003644
0.004176
0.003620
0.007795
0.003776
0.004043
0.010676
0.004729
0.009648
0.010243
0.008138
0.012359
0.011455
0.009103
0.010499
0.010074
0.004741
0.006901
0.004563
0.007608
0.004707
0.004697
0.009290
0.011699
0.009726
0.005238
0.005346
0.005559
0.006431
0.004578
0.003386
0.008544
0.005734
0.006101
0.004675
0.005278
0.008106
0.007625
0.004620
0.010283
0.003167
0.011174
0.007655
0.010984
0.007370
0.009256
0.004311
0.007691
0.008149
0.006133
0.006123
0.005281
0.010979
0.007116
0.004605
0.007049
0.005359
0.014751
0.009902
0.014006
0.018195
0.016422
0.009243
0.008181
0.013804
0.006132
0.009470
0.015101
0.011874
0.008834
0.011515
0.013777
0.006808
0.010518
0.015686
0.006893
0.011616
0.015643
0.002895
0.016659
0.006692
0.010941
0.013812
0.013600
0.010090
0.016518
0.007661
0.008198
0.011574
0.008010
0.006185
0.011901
0.010064
0.017952
0.009414
0.007195
0.015496
0.009340
0.007417
0.011249
0.013484
0.019689
0.006181
0.011556
0.003915
0.007609
0.010430
0.017473
0.006096
0.011554
0.010504
0.007718
0.010240
0.022165
0.007987
0.011473
0.020592
0.018778
0.004770
0.022044
0.017526
0.022969
0.007882
0.008752
0.015524
0.011695
0.017300
0.010355
0.017231
0.017491
0.018895
0.012326
0.020644
0.017598
0.016294
0.007716
0.020728
0.018035
0.007286
0.016085
0.007308
0.015873
0.014947
0.009092
0.021638
0.019025
0.017434
0.007163
0.020193
0.016782
0.016014
0.012524
0.020471
0.014007
0.014051
0.018252
0.012954
0.013755
0.009178
0.006462
0.016997
0.023265
0.012728
0.026776
0.028674
0.019890
0.012460
13.674023
0.028814
0.028651
0.016502
0.016822
0.029709
0.020734
0.017804
0.015607
0.025866
0.709593
0.042731
0.015773
0.027763
0.021273
0.019451
0.011183
0.029614
17.245406
0.009562
0.030163
0.011827
0.025882
0.027299
0.015661
0.039690
0.025466
0.019050
0.007011
0.037764
0.023823
0.022523
0.017711
0.038184
0.027504
0.018390
0.017280
0.031484
0.022119
0.012764
0.020685
0.026004
0.039864
0.014634
3.725713
7.337960
0.020503
0.026301
2.134994
0.037468
0.034605
0.029748
0.027034
0.049642
0.025060
0.037688
0.029942
0.024764
10.967492
5.625790
0.017826
0.028883
0.026907
0.029724
0.014735
0.050929
9.252280
0.013185
0.027000
0.023217
0.032719
0.020856
0.019400
0.045179
0.024516
0.023043
0.013038
0.048615
0.032341
0.029200
0.024415
0.584176
0.044384
0.028883
0.018798
0.048946
0.030563
0.019620
0.030735
0.033209
13.149561
0.023471
4.860639
21.309864
0.027828
3.689339
21.726596
6.581367
0.047696
0.031003
0.032538
7.722582
0.026658
0.041904
7.872025
0.025753
0.076688
7.626361
0.020893
0.036752
0.032110
10.624632
0.019140
4.000604
13.257437
0.019972
0.029996
0.030997
0.037421
0.029390
0.028204
14.780635
0.034251
0.024745
0.014906
2.254642
0.042881
0.045129
0.028062
9.455202
6.734029
0.026627
0.028664
0.472926
0.035351
0.021305
0.039016
0.037791
