0.0001 3.4e-05 6.9e-05 6.9e-05 6.9e-05
0.000133 3.4e-05 6.9e-05 3.4e-05 6.9e-05
0.0001 3.4e-05 6.9e-05 3.4e-05 6.9e-05
6.7e-05 3.4e-05 6.9e-05 3.4e-05 3.4e-05
0.0001 3.4e-05 6.9e-05 3.4e-05 6.9e-05
0.0002 0.000103 0.000207 0.000172 0.000103
0.0001 3.4e-05 6.9e-05 3.4e-05 6.9e-05
6.7e-05 3.4e-05 3.4e-05 3.4e-05 6.9e-05
0.0001 3.4e-05 3.4e-05 3.4e-05 6.9e-05
0.0001 3.4e-05 3.4e-05 3.4e-05 6.9e-05
6.7e-05 3.4e-05 3.4e-05 3.4e-05 3.4e-05
0.000167 0.000103 0.000172 0.000138 6.9e-05
6.7e-05 3.4e-05 3.4e-05 0.0 3.4e-05
6.7e-05 6.9e-05 3.4e-05 3.4e-05 0.000103
6.7e-05 3.4e-05 3.4e-05 3.4e-05 6.9e-05
0.0001 3.4e-05 3.4e-05 0.0 6.9e-05
0.000133 6.9e-05 0.000138 0.000103 6.9e-05
0.0001 6.9e-05 0.000103 0.000103 6.9e-05
6.7e-05 3.4e-05 6.9e-05 3.4e-05 3.4e-05
6.7e-05 3.4e-05 6.9e-05 3.4e-05 3.4e-05
6.7e-05 3.4e-05 3.4e-05 3.4e-05 3.4e-05
0.0001 3.4e-05 6.9e-05 6.9e-05 6.9e-05
0.0001 3.4e-05 3.4e-05 3.4e-05 6.9e-05
6.7e-05 3.4e-05 3.4e-05 3.4e-05 6.9e-05
0.0001 3.4e-05 3.4e-05 0.0 6.9e-05
0.0001 3.4e-05 3.4e-05 0.0 6.9e-05
0.000133 6.9e-05 6.9e-05 3.4e-05 0.000103
0.0001 3.4e-05 3.4e-05 0.0 6.9e-05
0.000133 6.9e-05 0.000103 0.000103 6.9e-05
6.7e-05 3.4e-05 3.4e-05 3.4e-05 6.9e-05
0.0001 6.9e-05 0.000103 6.9e-05 6.9e-05
0.000133 6.9e-05 0.000138 0.000103 6.9e-05
6.7e-05 3.4e-05 6.9e-05 3.4e-05 3.4e-05
0.0001 3.4e-05 6.9e-05 3.4e-05 3.4e-05
6.7e-05 3.4e-05 3.4e-05 3.4e-05 3.4e-05
3.3e-05 6.9e-05 3.4e-05 3.4e-05 6.9e-05
0.0001 6.9e-05 0.000103 0.000103 0.000103
6.7e-05 3.4e-05 6.9e-05 3.4e-05 3.4e-05
0.000133 6.9e-05 0.000103 6.9e-05 0.000103
0.000133 6.9e-05 0.000103 0.000103 0.000103
0.000133 6.9e-05 0.000103 6.9e-05 6.9e-05
0.000167 0.000103 0.000172 0.000138 0.000103
6.7e-05 3.4e-05 6.9e-05 3.4e-05 3.4e-05
0.000133 6.9e-05 0.000138 0.000103 6.9e-05
6.7e-05 3.4e-05 3.4e-05 3.4e-05 3.4e-05
6.7e-05 3.4e-05 3.4e-05 0.0 6.9e-05
3.3e-05 3.4e-05 0.0 0.0 3.4e-05
3.3e-05 6.9e-05 3.4e-05 3.4e-05 6.9e-05
6.7e-05 3.4e-05 3.4e-05 0.0 3.4e-05
6.7e-05 3.4e-05 3.4e-05 3.4e-05 6.9e-05
0.0004 0.000241 0.000448 0.000379 0.000207
0.000267 0.000172 0.00031 0.000276 0.000138
0.0001 3.4e-05 6.9e-05 3.4e-05 6.9e-05
0.000133 6.9e-05 0.000103 0.000103 6.9e-05
0.000167 0.000103 0.000172 0.000138 0.000103
0.000133 6.9e-05 0.000103 0.000103 0.000241
0.0003 0.000172 0.000345 0.000276 0.000172
0.0004 0.000241 0.000483 0.000414 0.000207
0.000167 0.000103 0.000172 0.000138 0.000103
0.000133 3.4e-05 3.4e-05 0.0 6.9e-05
0.0001 6.9e-05 0.000103 0.000103 0.000103
0.0001 6.9e-05 0.000103 0.000103 6.9e-05
0.0001 3.4e-05 3.4e-05 3.4e-05 6.9e-05
0.000133 6.9e-05 0.000138 0.000103 6.9e-05
0.000133 6.9e-05 0.000138 0.000103 0.000103
0.0002 0.000103 0.000207 0.000172 0.000103
0.000133 3.4e-05 3.4e-05 3.4e-05 6.9e-05
0.0001 3.4e-05 6.9e-05 3.4e-05 3.4e-05
0.000133 3.4e-05 6.9e-05 3.4e-05 6.9e-05
6.7e-05 3.4e-05 6.9e-05 3.4e-05 3.4e-05
0.0002 0.000103 0.000207 0.000172 0.000103
6.7e-05 3.4e-05 3.4e-05 3.4e-05 3.4e-05
0.0001 3.4e-05 3.4e-05 3.4e-05 6.9e-05
0.000133 6.9e-05 0.000138 0.000103 6.9e-05
0.000167 0.000103 0.000207 0.000172 0.000103
0.000167 0.000103 0.000172 0.000172 6.9e-05
0.0001 3.4e-05 3.4e-05 3.4e-05 3.4e-05
0.0001 3.4e-05 3.4e-05 3.4e-05 6.9e-05
0.000167 6.9e-05 0.000138 0.000138 6.9e-05
0.000133 6.9e-05 6.9e-05 6.9e-05 0.000103
6.7e-05 3.4e-05 3.4e-05 3.4e-05 6.9e-05
0.0001 3.4e-05 6.9e-05 3.4e-05 6.9e-05
0.0001 3.4e-05 6.9e-05 6.9e-05 6.9e-05
0.0001 3.4e-05 6.9e-05 3.4e-05 6.9e-05
0.0001 6.9e-05 0.000103 6.9e-05 6.9e-05
6.7e-05 3.4e-05 3.4e-05 0.0 6.9e-05
6.7e-05 3.4e-05 3.4e-05 3.4e-05 3.4e-05
0.000133 6.9e-05 6.9e-05 3.4e-05 6.9e-05
0.0001 6.9e-05 6.9e-05 6.9e-05 6.9e-05
0.0001 6.9e-05 0.000103 6.9e-05 6.9e-05
0.000133 6.9e-05 0.000103 6.9e-05 0.000103
0.0001 6.9e-05 6.9e-05 6.9e-05 6.9e-05
0.0001 3.4e-05 6.9e-05 0.0 0.000103
0.0001 6.9e-05 0.0 3.4e-05 0.000103
0.000133 6.9e-05 0.000103 6.9e-05 0.000103
0.000133 6.9e-05 0.000138 0.000103 6.9e-05
6.7e-05 3.4e-05 6.9e-05 3.4e-05 3.4e-05
0.000167 6.9e-05 0.000138 0.000138 6.9e-05
0.0001 3.4e-05 3.4e-05 0.0 6.9e-05
0.0001 3.4e-05 3.4e-05 0.0 0.000103
0.0001 3.4e-05 3.4e-05 3.4e-05 6.9e-05
0.0001 6.9e-05 6.9e-05 6.9e-05 6.9e-05
0.0001 3.4e-05 3.4e-05 3.4e-05 6.9e-05
0.000133 3.4e-05 3.4e-05 3.4e-05 0.000103
0.0001 3.4e-05 6.9e-05 6.9e-05 6.9e-05
6.7e-05 6.9e-05 3.4e-05 3.4e-05 6.9e-05
0.0001 3.4e-05 3.4e-05 0.0 6.9e-05
0.0001 3.4e-05 3.4e-05 0.0 6.9e-05
0.000133 6.9e-05 0.000138 0.000103 6.9e-05
0.000167 0.000103 0.000207 0.000172 0.000103
0.000167 6.9e-05 0.000172 0.000103 6.9e-05
0.000133 6.9e-05 0.000103 0.000103 6.9e-05
0.000133 6.9e-05 6.9e-05 6.9e-05 0.000103
0.0001 6.9e-05 6.9e-05 6.9e-05 6.9e-05
0.0003 0.000207 0.000345 0.000276 0.000138
0.000133 6.9e-05 0.000138 0.000103 0.000103
0.0001 6.9e-05 0.000103 6.9e-05 6.9e-05
0.0001 6.9e-05 6.9e-05 3.4e-05 0.000103
0.000233 3.4e-05 3.4e-05 0.000345 0.000448
0.000133 3.4e-05 6.9e-05 6.9e-05 0.000103
0.000133 6.9e-05 0.000103 6.9e-05 6.9e-05
0.000133 6.9e-05 6.9e-05 3.4e-05 0.000103
0.000233 0.000138 0.000241 0.000207 0.000103
0.0002 0.000103 0.000207 0.000172 0.000103
0.000133 6.9e-05 6.9e-05 3.4e-05 6.9e-05
0.0001 3.4e-05 6.9e-05 3.4e-05 3.4e-05
0.0001 3.4e-05 6.9e-05 3.4e-05 6.9e-05
0.0001 3.4e-05 6.9e-05 3.4e-05 3.4e-05
0.0001 3.4e-05 6.9e-05 6.9e-05 6.9e-05
0.000133 6.9e-05 0.000138 0.000103 6.9e-05
0.0001 3.4e-05 6.9e-05 3.4e-05 6.9e-05
0.0001 3.4e-05 6.9e-05 6.9e-05 6.9e-05
0.000133 3.4e-05 6.9e-05 6.9e-05 0.000103
6.7e-05 6.9e-05 6.9e-05 6.9e-05 3.4e-05
6.7e-05 6.9e-05 3.4e-05 3.4e-05 6.9e-05
0.000133 3.4e-05 3.4e-05 3.4e-05 0.000103
0.000133 6.9e-05 0.000103 6.9e-05 6.9e-05
0.000133 3.4e-05 0.000103 6.9e-05 3.4e-05
0.0003 0.000207 0.000379 0.00031 0.000172
6.7e-05 6.9e-05 3.4e-05 3.4e-05 6.9e-05
0.000133 3.4e-05 6.9e-05 6.9e-05 0.000103
0.0001 3.4e-05 3.4e-05 3.4e-05 6.9e-05
6.7e-05 3.4e-05 3.4e-05 3.4e-05 3.4e-05
6.7e-05 3.4e-05 3.4e-05 3.4e-05 6.9e-05
0.000267 0.000172 0.00031 0.000241 0.000138
0.000167 0.000103 0.000172 0.000138 6.9e-05
0.0001 3.4e-05 6.9e-05 3.4e-05 6.9e-05
6.7e-05 3.4e-05 6.9e-05 3.4e-05 6.9e-05
0.000133 3.4e-05 3.4e-05 0.0 6.9e-05
0.000133 6.9e-05 3.4e-05 3.4e-05 0.000103
0.000133 0.000103 0.000172 0.000138 6.9e-05
0.0003 0.000172 0.000345 0.000276 0.000172
0.000133 6.9e-05 0.000138 0.000103 6.9e-05
0.0001 6.9e-05 0.000103 0.000103 6.9e-05
0.0001 6.9e-05 3.4e-05 3.4e-05 6.9e-05
6.7e-05 3.4e-05 3.4e-05 0.0 3.4e-05
0.0001 3.4e-05 6.9e-05 3.4e-05 6.9e-05
0.000367 0.000241 0.000483 0.000379 0.000207
0.000133 6.9e-05 0.000138 0.000103 6.9e-05
0.0001 3.4e-05 6.9e-05 6.9e-05 0.000103
0.0001 3.4e-05 3.4e-05 3.4e-05 6.9e-05
0.0001 3.4e-05 6.9e-05 6.9e-05 6.9e-05
0.000167 0.000103 0.000172 0.000138 0.000103
0.0005 0.00031 0.000655 0.000586 0.00031
0.000267 0.000172 0.000276 0.000241 0.000138
0.000167 0.000103 0.000138 0.000103 0.000103
0.000133 6.9e-05 0.00031 0.00031 0.000103
3.3e-05 6.9e-05 6.9e-05 0.000103 3.4e-05
0.0001 3.4e-05 6.9e-05 6.9e-05 6.9e-05
0.0002 0.000103 0.000241 0.000207 0.000138
0.000367 0.000207 0.000414 0.000586 0.001
0.000133 6.9e-05 0.000138 0.000138 0.000103
0.000167 0.000103 0.000172 0.000172 0.000103
0.000133 6.9e-05 0.000103 6.9e-05 6.9e-05
0.000233 0.000138 0.000276 0.000207 0.000138
0.0002 0.000138 0.000241 0.000414 0.000138
0.0002 0.000138 0.000241 0.000207 0.000138
0.0001 6.9e-05 6.9e-05 0.000483 3.4e-05
0.0002 0.000103 0.000207 0.000172 0.000103
0.000267 0.000172 0.000379 0.00031 0.000172
0.0001 3.4e-05 3.4e-05 0.0 6.9e-05
0.000133 3.4e-05 6.9e-05 6.9e-05 0.000103
0.0002 0.000103 0.00031 0.000621 0.00031
0.0002 6.9e-05 0.000138 0.000103 0.000103
0.000167 6.9e-05 6.9e-05 0.000103 6.9e-05
0.000133 6.9e-05 0.000103 6.9e-05 0.000103
0.0001 6.9e-05 6.9e-05 3.4e-05 6.9e-05
6.7e-05 3.4e-05 3.4e-05 3.4e-05 6.9e-05
0.0001 6.9e-05 6.9e-05 6.9e-05 6.9e-05
0.000133 6.9e-05 3.4e-05 3.4e-05 0.000103
0.000133 0.000103 0.000345 0.000138 0.000138
0.0001 3.4e-05 6.9e-05 3.4e-05 6.9e-05
0.0006 0.000379 0.000724 0.000621 0.00031
0.0008 0.000483 0.000966 0.000793 0.000414
0.000133 6.9e-05 0.000207 0.000103 0.000103
0.000133 6.9e-05 6.9e-05 3.4e-05 6.9e-05
0.000333 0.000207 0.000414 0.000345 0.000172
0.000167 0.000103 0.000207 0.000172 0.000103
0.000133 6.9e-05 0.000103 0.000172 3.4e-05
3.3e-05 6.9e-05 6.9e-05 6.9e-05 3.4e-05
0.000167 0.000103 0.000172 0.000138 6.9e-05
0.0001 3.4e-05 6.9e-05 6.9e-05 6.9e-05
6.7e-05 6.9e-05 6.9e-05 3.4e-05 0.000103
0.0002 0.000138 0.000241 0.000207 0.000103
0.0001 3.4e-05 6.9e-05 3.4e-05 6.9e-05
0.000167 6.9e-05 6.9e-05 6.9e-05 6.9e-05
0.000133 6.9e-05 0.000138 0.000103 0.000103
0.0001 6.9e-05 0.000103 6.9e-05 3.4e-05
0.0001 6.9e-05 3.4e-05 3.4e-05 0.000103
0.000133 6.9e-05 6.9e-05 3.4e-05 6.9e-05
0.000133 6.9e-05 0.000138 0.000103 0.000103
0.000167 3.4e-05 0.000103 6.9e-05 6.9e-05
0.000167 0.000103 0.000172 0.000172 6.9e-05
0.000133 6.9e-05 0.000138 0.000103 0.000103
0.000167 3.4e-05 6.9e-05 3.4e-05 0.000103
0.000167 6.9e-05 0.000138 0.000103 0.000103
0.000233 0.000138 0.000276 0.000414 0.00031
0.0003 0.000172 0.000345 0.00031 0.000172
0.000167 0.000103 0.000172 0.000138 0.000103
0.0003 0.000103 0.000345 0.000276 0.000276
6.7e-05 6.9e-05 6.9e-05 6.9e-05 3.4e-05
6.7e-05 0.000103 0.000483 0.000172 6.9e-05
0.000167 0.000103 0.000448 3.4e-05 6.9e-05
0.000133 6.9e-05 0.000448 0.000345 0.000103
0.0002 0.000138 0.001034 0.000448 0.000172
0.000167 0.000138 0.00031 0.00069 0.000448
0.000167 0.000103 0.00031 0.000103 6.9e-05
0.000267 0.000103 0.000483 3.4e-05 6.9e-05
0.0002 0.000138 0.000138 0.000138 6.9e-05
0.0002 0.000103 0.000172 0.000138 0.000103
0.000167 0.000103 0.000172 0.000138 6.9e-05
0.000167 6.9e-05 0.000138 0.000103 6.9e-05
0.0002 6.9e-05 0.000103 6.9e-05 6.9e-05
6.7e-05 6.9e-05 6.9e-05 6.9e-05 6.9e-05
0.0002 0.000103 0.000207 0.000172 0.000103
0.0002 0.000103 0.000379 0.000241 0.000138
0.000433 0.000276 0.000793 0.001034 0.000552
0.001167 0.00069 0.001793 0.001586 0.00069
0.000167 0.000103 0.000207 0.000172 0.000103
0.000133 6.9e-05 0.000103 6.9e-05 0.000103
0.000133 6.9e-05 6.9e-05 6.9e-05 0.000103
0.0002 3.4e-05 6.9e-05 0.000138 0.000172
0.000167 3.4e-05 0.000103 6.9e-05 6.9e-05
0.0001 3.4e-05 6.9e-05 6.9e-05 3.4e-05
0.000233 0.000103 0.000207 0.000207 0.000103
0.0002 0.000138 0.000241 0.000207 0.000103
0.000133 0.000103 0.000138 0.000103 6.9e-05
0.000233 0.000138 0.000276 0.000241 0.000138
0.0003 0.000207 0.000345 0.000276 0.000172
0.000133 6.9e-05 0.000207 0.000241 0.000103
0.000167 3.4e-05 0.000103 0.000379 0.000276
6.7e-05 6.9e-05 3.4e-05 3.4e-05 3.4e-05
0.000233 0.000103 0.000207 0.000517 0.00031
0.000167 0.000103 0.000172 0.000138 0.000103
0.000233 6.9e-05 0.000724 0.000103 0.000138
0.0001 6.9e-05 0.000103 0.000241 0.00031
0.000133 0.000345 0.000483 0.000207 3.4e-05
0.000133 0.000103 0.000241 0.000241 6.9e-05
0.000533 0.000207 0.000517 0.000414 0.000138
0.0002 0.000138 0.000241 0.000207 0.000138
0.0001 0.000103 3.4e-05 0.000241 0.000276
0.000167 6.9e-05 0.000138 0.000379 0.000379
0.0002 0.000138 0.000241 0.000207 0.000103
0.000167 6.9e-05 0.000103 6.9e-05 6.9e-05
0.000133 6.9e-05 0.000138 0.000103 6.9e-05
0.000267 0.000207 0.000517 0.000552 0.00031
0.0001 6.9e-05 6.9e-05 0.000207 0.000103
0.0001 6.9e-05 0.000103 0.000103 6.9e-05
0.000267 0.000172 0.00031 0.000241 0.000138
0.000167 0.000103 0.000172 0.000138 0.000103
0.001067 0.000621 0.001862 0.001724 0.001379
0.0005 0.000345 0.000793 0.001 0.000621
0.000533 0.000276 0.000724 0.001138 0.000586
0.0003 0.000103 0.001724 0.000621 0.000379
0.0002 0.00031 0.001276 0.000138 6.9e-05
3.3e-05 0.000103 0.000517 0.00069 3.4e-05
0.000233 0.000103 0.000276 0.00031 0.000138
0.000533 6.9e-05 0.000793 0.000172 0.000276
0.000267 0.000138 0.000276 0.000241 0.000138
0.000433 0.000448 0.000552 0.000517 0.000207
0.000233 0.000207 0.000759 0.00069 0.000276
0.000333 0.000241 0.000448 0.000241 0.000103
0.000167 0.000138 0.000345 0.000207 6.9e-05
0.0002 0.000138 0.000379 0.00069 0.000172
0.000833 0.000586 0.00131 0.001138 0.000448
0.000233 0.000138 0.00031 0.000241 0.000138
0.000567 0.000379 0.001034 0.000966 0.000517
0.000733 0.000207 0.001172 0.000517 0.000379
0.0002 0.000138 0.000241 0.000207 0.000103
0.000667 0.000172 0.000586 0.000345 0.000172
0.000267 0.00031 0.000448 0.001172 0.000379
0.000133 3.4e-05 3.4e-05 3.4e-05 6.9e-05
0.000267 0.000345 0.000586 0.001483 0.000862
0.0003 0.000172 0.000379 0.000276 0.000172
0.0002 0.000103 0.000276 0.000517 0.000586
0.000333 0.000138 0.000483 0.001207 0.000345
0.000433 0.00031 0.000483 0.000621 0.000207
0.000167 0.000241 0.000276 0.000276 0.000103
0.000267 0.000103 0.00131 0.000448 0.000483
0.000133 6.9e-05 0.000103 0.000276 0.000138
0.000367 0.000241 0.000586 0.000483 0.000276
0.000367 0.000207 0.000621 0.000483 0.000172
0.000167 0.000103 0.000172 0.000241 0.000103
0.000133 6.9e-05 0.000103 0.000103 0.000103
0.000567 0.000345 0.001034 0.001103 0.000379
0.0002 0.000138 0.000379 0.000483 0.00031
0.000167 6.9e-05 0.002207 0.000931 0.000552
0.000133 0.000103 0.000724 0.000586 0.000103
0.0002 0.000103 0.000207 0.000207 0.000103
0.0003 0.000138 0.001172 0.000345 0.00031
0.0002 6.9e-05 0.000655 0.000448 0.000207
0.0002 6.9e-05 6.9e-05 0.000241 0.000103
0.0001 0.000138 0.000172 0.000586 0.00031
6.7e-05 0.000414 0.000138 0.001034 0.000414
0.000533 0.000276 0.000724 0.002345 0.000517
0.0003 0.000172 0.000345 0.00031 0.000172
0.0005 0.000345 0.000759 0.00069 0.000241
0.0002 0.000103 0.000207 0.000172 0.000103
0.0001 6.9e-05 0.000207 0.000483 3.4e-05
0.000133 0.000103 0.000345 0.000759 0.000207
0.000267 0.00031 0.000931 0.000793 0.00031
0.000467 0.00031 0.000552 0.000448 0.000241
0.000167 0.000103 0.000759 0.000207 0.000276
0.000167 0.000172 0.00069 0.000345 0.000103
0.0001 6.9e-05 0.000345 0.000345 6.9e-05
0.000167 0.000138 0.000724 0.00031 0.000103
0.0011 0.000586 0.002448 0.001724 0.000621
0.0005 0.000276 0.000655 0.00069 0.000414
0.0003 0.000172 0.000517 0.000621 0.000379
0.000233 0.000207 0.001966 0.000414 0.00031
0.000433 0.000414 0.000828 0.00131 0.000655
0.000133 6.9e-05 3.4e-05 3.4e-05 6.9e-05
0.003567 0.002379 0.001138 0.001207 0.000379
0.0003 0.000241 0.001034 0.000966 0.00069
0.0005 0.000345 0.001897 0.000483 0.000345
0.000133 6.9e-05 0.000172 0.000345 0.000172
0.000167 0.000103 0.000276 0.000207 0.000138
3.3e-05 0.000172 0.001138 0.000483 0.000552
0.000133 6.9e-05 0.001103 0.001103 0.000276
0.001267 0.000276 0.001345 6.9e-05 0.000345
0.000233 0.000138 0.000379 0.000621 0.000241
0.000533 3.4e-05 0.001345 0.00031 0.000241
0.0009 0.000276 0.000621 0.001103 0.00031
0.0005 3.4e-05 0.000517 0.001552 0.000414
0.000233 0.000207 0.000414 0.000759 0.000172
0.0006 0.000138 0.002 0.000379 0.000207
0.000167 0.00031 0.002 0.000655 0.000483
0.000633 6.9e-05 0.000103 0.00069 0.001586
0.000167 6.9e-05 0.00031 6.9e-05 0.000103
0.000233 0.000276 0.001655 0.000862 0.00031
0.001133 0.001103 0.001862 0.001483 0.000414
0.002 0.001138 0.002759 0.002172 0.000966
0.000333 0.000241 0.000862 0.000931 0.000655
0.000433 0.000241 0.000448 0.000414 0.000207
0.000133 0.000207 0.000276 0.001276 0.000793
0.0001 0.000138 0.000207 0.000828 0.000621
0.000367 0.000207 0.000552 0.000621 0.000655
0.000733 0.000897 0.000655 0.001621 0.000966
3.3e-05 0.000414 0.001 0.001897 0.000552
6.7e-05 0.000138 0.001655 0.000172 0.000172
0.0002 0.000138 0.000276 0.000207 0.000103
0.000733 0.000172 0.001966 0.000621 0.000207
0.000267 0.000172 0.001207 0.000862 0.000448
0.000133 0.000862 0.000414 0.000828 0.000138
0.0005 0.000276 0.001 0.000759 0.000483
0.000967 0.000345 0.001552 0.000828 0.000276
0.000767 0.000103 0.000655 0.000862 0.00031
0.000267 0.000172 0.000448 0.000586 0.000276
0.000333 0.000207 0.000655 0.001828 0.001103
0.0007 0.000414 0.001379 0.001241 0.000517
0.0003 0.000207 0.000517 0.00069 0.00031
0.0003 0.000207 0.000483 0.000621 0.000345
0.000167 0.000103 0.000172 0.000172 0.000138
0.000133 0.000138 0.000138 0.001655 0.000862
0.000733 0.000379 0.001621 0.001655 0.000862
0.000933 0.000552 0.001793 0.001828 0.000862
0.000733 0.000931 0.002 0.00131 0.001345
0.000133 0.000897 0.000655 0.001966 0.00131
0.0004 6.9e-05 0.002103 0.00069 0.001
0.000167 0.000517 0.000172 0.000483 0.000207
    
0.000633 0.000276 0.002517 0.002276 0.001414
0.0004 0.000897 0.001207 0.001241 0.000517
3.3e-05 0.000241 6.9e-05 0.001483 0.000414
0.0016 0.000241 0.000517 0.000931 0.000517
0.000633 0.001345 0.002069 0.002448 0.000931
0.0003 0.000138 0.002517 0.000552 0.000517
    
0.002333 0.000552 0.001379 0.000345 0.000138
0.0003 0.000793 0.001931 0.000966 0.000138
    
    
0.0003 0.000241 0.001 0.000379 0.000276
0.000833 0.000207 0.002345 0.000448 0.000586
0.000367 0.00131 0.001138 0.001276 0.000241
0.003467 0.000345 0.000966 0.001448 0.001586
0.000167 6.9e-05 0.000483 0.000103 0.000483
    
    
0.001933 0.001103 0.003069 0.002621 0.001103
    
0.000367 0.000586 0.000483 0.000552 0.000414
0.0003 0.000345 0.000897 0.00231 0.001414
0.000567 0.00031 0.000724 0.001621 0.002138
0.000367 0.000138 0.00069 0.000552 0.000931
0.012667 0.003034 0.001724 0.004103 0.002172
0.002567 0.000379 6.9e-05 0.002483 0.000517
    
0.000233 0.000172 0.000345 0.00031 0.000172
0.001567 0.00069 0.006207 0.000552 0.000276
0.000533 6.9e-05 0.002345 0.000586 0.000241
0.000633 0.001345 0.001379 0.001828 0.000483
0.000867 0.000448 0.00169 0.001069 0.000517
0.0034 0.001276 0.004655 0.000897 0.00031
0.001 0.000207 0.002759 0.000586 0.000552
0.000333 6.9e-05 0.001172 0.000241 0.000552
0.001 0.000241 0.000828 0.001103 0.001172
0.0005 0.001 0.002724 0.003448 0.001414
0.000967 0.000862 0.00169 0.002103 0.001103
0.000467 0.000241 0.000655 0.000586 0.000379
0.000533 0.000207 0.001103 0.001931 0.001172
0.0004 0.001034 0.001897 0.002655 0.001207
0.000533 0.001034 0.022345 0.006483 0.000724
0.000967 0.000517 0.001862 0.001828 0.000793
    
    
6.7e-05 0.000586 0.001034 0.000724 0.000931
    
    
0.001233 0.001276 0.002759 0.001172 0.002034
0.000367 0.001414 0.002517 0.00169 0.000931
0.0005 3.4e-05 0.001586 0.002759 0.001621
0.000333 0.000862 0.001034 0.001793 0.001034
0.007433 0.003966 0.019897 0.00769 0.002241
0.000167 0.000759 0.002034 0.000621 0.000414
    
0.012333 0.002103 0.003 0.00069 6.9e-05
0.002067 0.002034 0.000552 0.002 0.00031
    
    
0.000467 0.000552 0.001172 0.000724 0.000276
0.003133 0.000724 0.00269 0.000448 0.000655
    
0.0134 0.000897 0.000793 0.000724 0.000345
0.000233 0.000207 0.000793 0.00069 0.000483
0.011267 0.005345 0.021586 0.011862 0.002621
    
0.0014 0.000793 0.002483 0.002379 0.001103
    
0.000733 0.000276 0.003172 0.001069 0.001069
0.0005 0.00069 0.001448 0.002621 0.001828
0.001533 0.00031 0.00169 0.001172 0.001138
0.001033 0.000483 0.002103 0.001379 0.001
0.002233 0.002897 0.016172 0.006172 0.002069
0.003167 0.000517 0.002172 0.001897 0.000345
    
0.000233 0.000138 0.000379 0.000862 0.000483
0.002567 0.000793 0.013138 0.002 0.000448
0.0005 0.001103 0.000586 0.002483 0.000483
0.002033 0.002241 0.002517 0.001897 0.000966
0.001233 0.000966 0.00231 0.001931 0.000793
    
0.001067 0.000345 0.007517 0.000517 0.000621
0.0005 0.00031 0.000517 0.002586 0.001379
0.003533 0.000552 0.001517 0.000828 0.001207
0.0001 0.002379 0.016586 0.007103 0.001724
0.003467 0.00331 0.001862 0.003069 0.00231
0.0003 0.000621 0.000517 0.001172 0.000207
0.0012 0.000207 0.002759 0.000793 0.000621
    
    
0.000533 0.000345 0.00231 0.001241 0.000621
    
    
0.000633 0.000966 0.00031 0.001517 0.000828
    
    
    
0.001333 0.002069 0.021345 0.005414 0.001172
0.001467 0.000276 0.004172 0.000103 0.001
0.001767 0.001034 0.000586 0.001793 0.000759
    
    
    
    
0.010233 0.004207 0.001655 0.002724 0.000724
    
    
0.000467 0.001138 0.000724 0.001724 0.000862
0.005367 0.001655 0.004793 0.000241 0.000586
0.0041 0.003276 0.003379 0.001966 0.000448
    
0.000333 0.000241 0.001552 0.000828 0.000414
    
    
0.0013 0.00069 0.002759 0.002034 0.000724
    
0.0007 0.00031 0.003448 0.002241 0.001345
0.000767 0.000793 0.002207 0.002862 0.002172
0.005233 0.000966 0.003241 0.00231 0.000793
0.001533 0.000621 0.003172 0.002207 0.001138
13.9799 0.04131 2.05369 0.092172 0.051517
0.002167 0.000276 0.003759 0.001103 0.001517
0.0019 0.000517 0.001862 0.001724 0.000207
0.0005 0.000379 0.001241 0.000966 0.000517
    
0.000633 0.001345 0.008897 0.005241 0.001103
0.002767 0.003276 0.011207 0.005379 0.001379
0.0012 0.000862 0.002103 0.002276 0.001069
    
    
    
0.0113 0.000793 0.001448 0.00131 0.001276
    
    
0.000933 0.000414 0.000483 0.001552 0.000379
    
0.0026 0.001966 0.000759 0.002483 0.002172
