0.000192 0.000018 0.000385 0.000394 0.000125
0.000373 0.000036 0.000416 0.000313 0.000094
0.000331 0.000020 0.000290 0.000358 0.000187
0.000088 0.000009 0.000083 0.000256 0.000167
0.000194 0.000011 0.000153 0.000199 0.000125
0.000089 0.000006 0.000085 0.000094 0.000114
0.000054 0.000005 0.000038 0.000039 0.000006
0.000049 0.000006 0.000040 0.000044 0.000010
0.000427 0.000028 0.000247 0.000524 0.000286
0.000307 0.000028 0.000339 0.000273 0.000093
0.000020 0.000005 0.000010 0.000030 0.000041
0.000501 0.000039 0.000351 0.000654 0.000305
0.000012 0.000004 0.000007 0.000006 0.000003
0.000068 0.000009 0.000122 0.000109 0.000039
0.000036 0.000006 0.000066 0.000091 0.000031
0.000200 0.000015 0.000178 0.000153 0.000039
0.000039 0.000005 0.000030 0.000044 0.000014
0.000065 0.000005 0.000056 0.000052 0.000010
0.000027 0.000005 0.000016 0.000020 0.000004
0.000056 0.000006 0.000056 0.000048 0.000007
0.000031 0.000006 0.000020 0.000039 0.000018
0.000073 0.000007 0.000088 0.000096 0.000044
0.000136 0.000009 0.000074 0.000180 0.000164
0.000022 0.000006 0.000021 0.000029 0.000008
0.000099 0.000006 0.000100 0.000099 0.000021
0.000153 0.000011 0.000118 0.000095 0.000018
0.000933 0.000091 0.001019 0.000998 0.000345
0.000146 0.000010 0.000138 0.000130 0.000030
0.000152 0.000010 0.000113 0.000137 0.000047
0.000042 0.000008 0.000040 0.000041 0.000011
0.000359 0.000038 0.000471 0.000412 0.000166
0.000888 0.000122 0.001254 0.001038 0.000427
0.000074 0.000007 0.000050 0.000086 0.000040
0.000096 0.000007 0.000067 0.000054 0.000023
0.000023 0.000005 0.000013 0.000011 0.000002
0.000031 0.000006 0.000013 0.000015 0.000004
0.000174 0.000014 0.000235 0.000405 0.000163
0.000111 0.000012 0.000098 0.000162 0.000085
0.000388 0.000050 0.000736 0.000665 0.000195
0.000369 0.000038 0.000602 0.000532 0.000157
0.000427 0.000051 0.000792 0.000467 0.000351
0.000084 0.000009 0.000063 0.000173 0.000101
0.000018 0.000004 0.000006 0.000004 0.000001
0.000283 0.000033 0.000422 0.000350 0.000140
0.000014 0.000004 0.000009 0.000009 0.000002
0.000076 0.000008 0.000060 0.000062 0.000018
0.000011 0.000003 0.000006 0.000005 0.000002
0.000060 0.000011 0.000048 0.000049 0.000010
0.000008 0.000004 0.000009 0.000007 0.000002
0.000036 0.000008 0.000024 0.000033 0.000009
0.000331 0.000033 0.000315 0.000229 0.000147
0.000462 0.000043 0.000679 0.000782 0.000355
0.000284 0.000034 0.000454 0.000358 0.000110
0.000067 0.000006 0.000011 0.000014 0.000006
0.000331 0.000024 0.000321 0.000636 0.000464
0.001202 0.000105 0.000715 0.002444 0.001388
0.000147 0.000011 0.000240 0.000263 0.000107
0.000588 0.000066 0.000943 0.001059 0.000419
0.000417 0.000024 0.000214 0.000243 0.000109
0.000264 0.000019 0.000219 0.000189 0.000060
0.000308 0.000031 0.000527 0.000753 0.000308
0.000292 0.000021 0.000282 0.000428 0.000257
0.000249 0.000019 0.000232 0.000209 0.000086
0.000123 0.000009 0.000091 0.000085 0.000019
0.000093 0.000011 0.000026 0.000117 0.000110
0.000397 0.000045 0.000686 0.000656 0.000228
0.000622 0.000073 0.000695 0.000544 0.000218
0.000039 0.000010 0.000036 0.000023 0.000007
0.000664 0.000089 0.000873 0.000709 0.000248
0.000018 0.000005 0.000010 0.000007 0.000003
0.001018 0.000133 0.001283 0.000943 0.000265
0.000061 0.000008 0.000114 0.000102 0.000121
0.000190 0.000016 0.000227 0.000169 0.000038
0.000165 0.000012 0.000235 0.000207 0.000079
0.000082 0.000008 0.000058 0.000175 0.000151
0.000799 0.000076 0.000641 0.001427 0.000696
0.000080 0.000009 0.000080 0.000084 0.000030
0.000215 0.000016 0.000161 0.000123 0.000025
0.000176 0.000015 0.000180 0.000183 0.000086
0.001045 0.000111 0.001579 0.002399 0.000893
0.000092 0.000010 0.000152 0.000232 0.000133
0.000269 0.000018 0.000250 0.000206 0.000070
0.000391 0.000034 0.000441 0.000618 0.000293
0.000401 0.000046 0.000588 0.000471 0.000172
0.000145 0.000014 0.000164 0.000181 0.000063
0.000044 0.000008 0.000027 0.000036 0.000008
0.000011 0.000003 0.000007 0.000005 0.000002
0.001111 0.000150 0.001330 0.000893 0.000309
0.000234 0.000016 0.000257 0.000411 0.000245
0.000058 0.000007 0.000072 0.000110 0.000039
0.000642 0.000082 0.001015 0.000849 0.000242
0.000204 0.000016 0.000251 0.000196 0.000064
0.000609 0.000075 0.000746 0.000712 0.000266
0.000485 0.000038 0.000396 0.000543 0.000256
0.000997 0.000150 0.001514 0.001349 0.000713
0.000283 0.000022 0.000323 0.000297 0.000135
0.000030 0.000006 0.000010 0.000017 0.000004
0.000528 0.000071 0.000886 0.000704 0.000245
0.000088 0.000010 0.000039 0.000054 0.000029
0.000391 0.000043 0.000611 0.000554 0.000177
0.000379 0.000044 0.000532 0.000442 0.000136
0.000289 0.000025 0.000438 0.000433 0.000172
0.000204 0.000017 0.000162 0.000167 0.000058
0.000405 0.000043 0.000631 0.000472 0.000124
0.000110 0.000007 0.000095 0.000082 0.000015
0.000085 0.000009 0.000057 0.000072 0.000024
0.000186 0.000014 0.000132 0.000089 0.000025
0.000362 0.000040 0.000423 0.000365 0.000153
0.000279 0.000019 0.000317 0.000390 0.000180
0.000273 0.000022 0.000227 0.000562 0.000339
0.001412 0.000273 0.002598 0.001729 0.000595
0.001024 0.000117 0.001201 0.001248 0.000471
0.000782 0.000103 0.000992 0.000718 0.000170
0.000333 0.000030 0.000398 0.000385 0.000159
0.000968 0.000134 0.001206 0.000781 0.000237
0.000751 0.000113 0.001028 0.000665 0.000188
0.000086 0.000009 0.000054 0.000072 0.000018
0.000796 0.000133 0.001553 0.001215 0.000431
0.001764 0.000171 0.002301 0.004676 0.001416
0.000893 0.000095 0.001226 0.001225 0.000533
0.000816 0.000119 0.001295 0.000988 0.000273
0.001190 0.000186 0.001765 0.001317 0.000387
0.000156 0.000013 0.000135 0.000108 0.000038
0.000026 0.000007 0.000014 0.000009 0.000004
0.001268 0.000188 0.001609 0.001149 0.000437
0.000038 0.000007 0.000041 0.000033 0.000013
0.000187 0.000014 0.000149 0.000320 0.000191
0.000465 0.000051 0.000783 0.000674 0.000291
0.000176 0.000016 0.000267 0.000275 0.000137
0.000600 0.000077 0.000936 0.000705 0.000237
0.000241 0.000020 0.000267 0.000319 0.000116
0.000236 0.000017 0.000195 0.000174 0.000067
0.000869 0.000135 0.001798 0.001556 0.000767
0.001023 0.000061 0.000694 0.000938 0.000699
0.001860 0.000255 0.001961 0.001280 0.000581
0.000735 0.000086 0.001054 0.000973 0.000327
0.001033 0.000121 0.001137 0.001161 0.000541
0.000346 0.000022 0.000243 0.000373 0.000147
0.001137 0.000148 0.001397 0.001393 0.001116
0.000279 0.000024 0.000398 0.000361 0.000249
0.000773 0.000109 0.001131 0.000929 0.000300
0.000325 0.000033 0.000394 0.000271 0.000087
0.000046 0.000008 0.000052 0.000084 0.000041
0.000032 0.000006 0.000031 0.000038 0.000007
0.000531 0.000060 0.000766 0.000693 0.000233
0.000108 0.000013 0.000152 0.000150 0.000046
0.000570 0.000069 0.000705 0.000580 0.000199
0.000138 0.000015 0.000114 0.000127 0.000045
0.000366 0.000037 0.000347 0.000239 0.000089
0.000744 0.000085 0.001069 0.000869 0.000276
0.001357 0.000186 0.001849 0.001798 0.001096
0.000565 0.000055 0.000662 0.000689 0.000302
0.000275 0.000021 0.000287 0.000298 0.000103
0.000495 0.000057 0.000627 0.000478 0.000141
0.000858 0.000072 0.001058 0.001709 0.001220
0.000034 0.000006 0.000015 0.000022 0.000007
0.001122 0.000158 0.001528 0.001424 0.000566
0.001357 0.000271 0.002740 0.001855 0.000669
0.000709 0.000098 0.001324 0.001212 0.000461
0.000224 0.000020 0.000339 0.000528 0.000277
0.000324 0.000024 0.000171 0.000172 0.000065
0.000180 0.000017 0.000278 0.000260 0.000096
0.000960 0.000144 0.001562 0.001380 0.000860
0.000762 0.000085 0.001258 0.001447 0.000750
0.001134 0.000098 0.000644 0.000579 0.000305
0.001788 0.000254 0.001969 0.001372 0.000509
0.001069 0.000202 0.003009 0.003218 0.001253
0.001562 0.000109 0.001062 0.001867 0.001311
0.000205 0.000019 0.000345 0.000364 0.000201
0.001298 0.000203 0.002121 0.002041 0.000829
0.002562 0.000321 0.002387 0.005231 0.003309
0.000190 0.000014 0.000159 0.000321 0.000321
0.001016 0.000133 0.001564 0.001532 0.000740
0.000236 0.000025 0.000323 0.000327 0.000110
0.000934 0.000151 0.001443 0.001165 0.000605
0.001579 0.000274 0.002459 0.003508 0.001817
0.000929 0.000153 0.001534 0.001398 0.000722
0.001729 0.000271 0.002195 0.004643 0.001807
0.000898 0.000136 0.001504 0.001337 0.000557
0.001818 0.000298 0.003179 0.001946 0.000788
0.000268 0.000017 0.000154 0.000249 0.000141
0.000431 0.000033 0.000424 0.000681 0.000411
0.001922 0.000319 0.005906 0.004759 0.001215
0.001528 0.000225 0.002018 0.001407 0.000571
0.001866 0.000309 0.002905 0.002043 0.001347
0.000481 0.000054 0.000558 0.000660 0.000313
0.000662 0.000089 0.000804 0.000646 0.000225
0.000121 0.000014 0.000143 0.000125 0.000046
0.000475 0.000053 0.000741 0.000638 0.000262
0.001062 0.000160 0.001702 0.001402 0.000422
0.002282 0.000378 0.004193 0.003234 0.001103
0.000252 0.000022 0.000260 0.000323 0.000150
0.000478 0.000047 0.000725 0.000644 0.000238
0.000595 0.000069 0.000740 0.000778 0.000261
0.001795 0.000328 0.003388 0.002123 0.000748
0.000897 0.000135 0.001403 0.001049 0.000297
0.001694 0.000242 0.002080 0.001744 0.000736
0.000382 0.000038 0.000469 0.000376 0.000125
0.001403 0.000238 0.002425 0.002864 0.001084
0.000504 0.000053 0.000791 0.000879 0.000547
0.000628 0.000075 0.000724 0.000667 0.000232
0.000268 0.000023 0.000335 0.000279 0.000104
0.000287 0.000019 0.000112 0.000286 0.000142
0.000782 0.000068 0.000766 0.001093 0.000378
0.000226 0.000018 0.000298 0.000362 0.000153
0.001271 0.000164 0.001315 0.000768 0.000254
0.001632 0.000145 0.001167 0.001449 0.000459
0.000185 0.000011 0.000136 0.000131 0.000268
0.000919 0.000135 0.001542 0.001104 0.000288
0.001053 0.000170 0.001697 0.001178 0.000359
0.001625 0.000191 0.001742 0.002018 0.001027
0.000870 0.000070 0.000746 0.000782 0.000275
0.001693 0.000254 0.002214 0.002367 0.001079
0.000484 0.000050 0.000765 0.000965 0.000503
0.000844 0.000107 0.000859 0.000632 0.000231
0.000656 0.000073 0.000652 0.000423 0.000126
0.001881 0.000247 0.002177 0.004402 0.001945
0.000499 0.000037 0.000422 0.001353 0.000704
0.000743 0.000103 0.001097 0.000894 0.000301
0.002721 0.000474 0.005999 0.004024 0.001395
0.001003 0.000154 0.001319 0.001695 0.001129
0.002253 0.000369 0.004715 0.004804 0.001346
0.002138 0.000400 0.005599 0.003041 0.001135
0.001620 0.000267 0.003162 0.004491 0.001281
0.002298 0.000413 0.007446 0.005884 0.001531
0.002519 0.000428 0.008159 0.005515 0.001388
0.002189 0.000374 0.004552 0.002337 0.000881
0.002600 0.000423 0.005779 0.002821 0.000873
0.002940 0.000452 0.006060 0.003867 0.001325
0.000915 0.000148 0.001447 0.001431 0.000683
0.002227 0.000305 0.002277 0.001901 0.000842
0.000991 0.000143 0.001371 0.000959 0.000307
0.002145 0.000346 0.003622 0.002588 0.001032
0.001239 0.000148 0.001484 0.001020 0.000525
0.001104 0.000157 0.001470 0.001171 0.000457
0.002152 0.000402 0.005307 0.003328 0.001238
0.001486 0.000309 0.005842 0.007000 0.001312
0.002085 0.000399 0.005018 0.003684 0.001813
0.001626 0.000198 0.001685 0.001139 0.000284
0.001544 0.000189 0.001767 0.001403 0.000431
0.001136 0.000166 0.001816 0.001646 0.000509
0.001526 0.000223 0.002199 0.002214 0.000787
0.000883 0.000104 0.001303 0.000847 0.000281
0.000354 0.000043 0.000706 0.000543 0.000193
0.002594 0.000386 0.004332 0.001953 0.000972
0.001686 0.000219 0.001797 0.001667 0.000630
0.001429 0.000254 0.002188 0.001423 0.000673
0.001028 0.000134 0.001397 0.001075 0.000604
0.001752 0.000182 0.001080 0.001051 0.001088
0.001916 0.000341 0.004186 0.003005 0.001138
0.001071 0.000192 0.002797 0.003202 0.000865
0.001752 0.000178 0.001338 0.001078 0.001171
0.002622 0.000449 0.006664 0.004537 0.001412
0.000478 0.000056 0.000587 0.000600 0.000252
0.002367 0.000456 0.006886 0.003615 0.001655
0.001245 0.000227 0.002278 0.003742 0.001129
0.003959 0.000468 0.006389 0.003562 0.001696
0.002675 0.000393 0.003580 0.003481 0.002333
0.003095 0.000463 0.004488 0.002624 0.001216
0.000908 0.000130 0.001257 0.001006 0.000316
0.002474 0.000398 0.003462 0.003600 0.001405
0.001743 0.000293 0.003256 0.003805 0.001442
0.001214 0.000200 0.002020 0.001876 0.000855
0.001639 0.000277 0.002148 0.001590 0.000727
0.001195 0.000184 0.001717 0.001361 0.000473
0.002693 0.000460 0.007430 0.004167 0.001293
0.001885 0.000293 0.003170 0.002313 0.001200
0.001115 0.000126 0.001242 0.001326 0.000367
0.002069 0.000344 0.002803 0.001908 0.001196
0.001168 0.000175 0.001795 0.001134 0.000334
0.003351 0.000529 0.010348 0.006593 0.003857
0.002176 0.000411 0.003324 0.006755 0.004589
0.003891 0.000539 0.010985 0.008008 0.001708
0.002508 0.000474 0.013217 0.007265 0.001596
0.004307 0.000494 0.011788 0.005877 0.001371
0.001842 0.000333 0.003089 0.005483 0.001731
0.002050 0.000368 0.003875 0.002493 0.000954
0.003273 0.000489 0.009032 0.005429 0.001621
0.001801 0.000255 0.001944 0.001712 0.000873
0.003967 0.000439 0.005330 0.003974 0.001399
0.003002 0.000489 0.010525 0.005433 0.001361
0.003845 0.000495 0.007190 0.003020 0.001009
0.002236 0.000375 0.004167 0.003100 0.001338
0.002420 0.000420 0.008299 0.004479 0.001828
0.003885 0.000502 0.010124 0.004166 0.001302
0.001611 0.000277 0.002604 0.001827 0.000795
0.001819 0.000394 0.005745 0.004436 0.001632
0.003077 0.000496 0.011457 0.004388 0.001387
0.002189 0.000303 0.002556 0.001688 0.000594
0.003562 0.000467 0.006979 0.003691 0.001263
0.003633 0.000495 0.013034 0.005942 0.001501
0.000497 0.000048 0.000556 0.000729 0.000297
0.003194 0.000534 0.014198 0.007716 0.001967
0.001656 0.000340 0.002541 0.001879 0.000873
0.001842 0.000320 0.005784 0.006184 0.001849
0.002624 0.000509 0.011079 0.006412 0.001284
0.003972 0.000480 0.010246 0.004110 0.001181
0.003090 0.000450 0.005683 0.002721 0.001096
0.002865 0.000484 0.011787 0.007688 0.001892
0.001219 0.000246 0.003811 0.002947 0.001026
0.002154 0.000317 0.003504 0.002991 0.001352
0.002938 0.000483 0.007570 0.003816 0.001173
0.002115 0.000345 0.003996 0.002367 0.000899
0.001900 0.000259 0.002292 0.002051 0.001243
0.002459 0.000430 0.008755 0.005087 0.001330
0.002339 0.000415 0.006436 0.004152 0.001452
0.002549 0.000514 0.010567 0.013484 0.003017
0.001682 0.000291 0.004517 0.005378 0.001604
0.001894 0.000316 0.003132 0.001977 0.001253
0.002786 0.000463 0.010654 0.005259 0.001280
0.001932 0.000304 0.004160 0.005577 0.001570
0.001775 0.000304 0.003474 0.002239 0.000761
0.002629 0.000449 0.007741 0.004293 0.001318
0.003704 0.000457 0.010099 0.006053 0.001406
0.005696 0.000550 0.002772 0.015067 0.006331
0.001920 0.000222 0.001346 0.001385 0.001622
0.003653 0.000480 0.007724 0.003299 0.001224
0.000943 0.000093 0.000868 0.001311 0.001360
0.001628 0.000194 0.002243 0.003969 0.001161
0.002004 0.000394 0.006877 0.003957 0.000986
0.003429 0.000504 0.012515 0.005873 0.001387
0.001883 0.000250 0.002095 0.001420 0.000473
0.002162 0.000374 0.006540 0.005350 0.001696
0.003057 0.000398 0.005921 0.003932 0.001378
0.001257 0.000216 0.003065 0.003205 0.001101
0.002700 0.000401 0.005501 0.003361 0.001025
0.003336 0.000498 0.016783 0.007111 0.001741
0.002782 0.000401 0.003137 0.003851 0.002211
0.002532 0.000365 0.006592 0.006393 0.001359
0.003265 0.000503 0.014641 0.009768 0.001798
0.004435 0.000557 0.016544 0.008241 0.001850
0.001365 0.000150 0.001370 0.001463 0.000589
0.013374 0.000853 0.016443 0.006537 0.001302
0.002799 0.000535 0.014874 0.011294 0.002580
0.004247 0.000530 0.018212 0.008201 0.001655
0.001292 0.000262 0.003929 0.003204 0.001095
0.002552 0.000400 0.004695 0.002825 0.001009
0.002699 0.000562 0.010876 0.008835 0.001980
0.002097 0.000323 0.005290 0.007932 0.002419
0.003836 0.000520 0.012902 0.004431 0.001547
0.002300 0.000400 0.006765 0.004207 0.001080
0.003123 0.000508 0.012406 0.009483 0.002285
0.004530 0.000520 0.014614 0.005810 0.001283
0.003347 0.000503 0.016923 0.007715 0.001457
0.002691 0.000462 0.009178 0.004558 0.001365
0.003413 0.000549 0.014873 0.007222 0.001360
0.003915 0.000540 0.011699 0.010789 0.002239
0.004502 0.000472 0.006891 0.011878 0.003888
0.001545 0.000256 0.003069 0.002572 0.000981
0.003738 0.000599 0.015297 0.009029 0.001547
0.005396 0.000555 0.013612 0.004815 0.001010
0.001825 0.000320 0.003269 0.001934 0.000626
0.003020 0.000505 0.013775 0.009801 0.002114
0.002723 0.000382 0.001830 0.002529 0.001756
0.002839 0.000505 0.012131 0.009223 0.001912
0.002919 0.000383 0.007391 0.009735 0.001976
0.002271 0.000413 0.004840 0.004966 0.002493
0.007362 0.000698 0.012649 0.016595 0.002472
0.003362 0.000520 0.016711 0.007679 0.001468
0.002534 0.000473 0.012138 0.007452 0.001439
0.001710 0.000305 0.003159 0.001642 0.000570
0.003791 0.000515 0.014953 0.005873 0.001237
0.002493 0.000476 0.011515 0.006786 0.001532
0.004816 0.000550 0.011645 0.003895 0.001031
0.002677 0.000427 0.007804 0.004933 0.001725
0.004195 0.000505 0.015939 0.006658 0.001179
0.003281 0.000485 0.011555 0.006396 0.001664
0.002661 0.000433 0.007240 0.009505 0.002779
0.002964 0.000459 0.011483 0.011689 0.002032
0.002266 0.000416 0.009138 0.005495 0.001348
0.003105 0.000543 0.011243 0.006393 0.001720
0.002186 0.000308 0.004857 0.004403 0.001331
0.001596 0.000237 0.002351 0.002228 0.001109
0.002758 0.000520 0.013045 0.010287 0.002251
0.003776 0.000604 0.022935 0.012875 0.002490
0.002603 0.000429 0.007726 0.008541 0.002542
0.009695 0.000858 0.019636 0.018765 0.003692
0.006305 0.000799 0.026656 0.018699 0.003014
0.003382 0.000517 0.012641 0.014160 0.003511
0.003936 0.000515 0.008164 0.005138 0.001594
14.896345 1.114716 2.311164 0.650301 0.023348
0.004545 0.000703 0.022610 0.018901 0.003105
0.006190 0.000738 0.023413 0.008568 0.001543
0.002623 0.000535 0.014380 0.007472 0.001389
0.006279 0.000555 0.012765 0.006481 0.001349
0.007977 0.000840 0.023286 0.013600 0.002303
0.004013 0.000515 0.013573 0.014920 0.003382
0.006398 0.000609 0.013930 0.007238 0.001391
0.005816 0.000423 0.010311 0.004381 0.000922
0.005822 0.000765 0.019998 0.008876 0.001264
0.011686 0.000732 0.829867 0.018737 0.009090
0.005689 0.000698 0.047252 0.014628 0.002165
0.003787 0.000478 0.011302 0.004928 0.001659
0.004388 0.000612 0.021182 0.011650 0.001871
0.007172 0.000951 0.013667 0.017623 0.003291
0.011242 0.001221 0.012538 0.013307 0.003314
0.001868 0.000339 0.005061 0.006522 0.001987
0.011147 0.000489 0.021797 0.017218 0.002412
18.622025 1.698183 4.102080 1.053621 0.030289
0.001995 0.000358 0.005798 0.004151 0.001231
0.005600 0.000607 0.026913 0.013375 0.003004
0.005068 0.000518 0.007033 0.005024 0.001418
0.003816 0.000549 0.016405 0.017573 0.003250
0.004475 0.000582 0.005479 0.023656 0.004892
0.003010 0.000518 0.006591 0.013750 0.003174
0.025522 0.001419 0.024681 0.030735 0.003222
0.007194 0.000924 0.023122 0.012184 0.001681
0.003487 0.000670 0.016968 0.009667 0.002930
0.001387 0.000262 0.003071 0.002149 0.001734
0.004422 0.000652 0.029560 0.020721 0.002473
0.003346 0.000510 0.017874 0.010303 0.001640
0.005957 0.000508 0.019040 0.007495 0.001610
0.004298 0.000524 0.012927 0.007141 0.002065
0.007128 0.000671 0.031330 0.013723 0.001926
0.004412 0.000612 0.021927 0.009007 0.002005
0.003377 0.000574 0.010812 0.014274 0.002912
0.004887 0.000527 0.010883 0.012412 0.002475
0.004425 0.000575 0.030107 0.015507 0.003031
0.006534 0.000691 0.019311 0.012756 0.002590
0.003760 0.000523 0.008354 0.005742 0.001610
0.003166 0.000641 0.013783 0.013694 0.002317
0.005361 0.000678 0.022832 0.017420 0.003395
0.006232 0.000847 0.044042 0.015163 0.002371
0.003328 0.000525 0.009248 0.010780 0.003223
4.029130 0.017274 0.035612 0.018000 0.006810
0.017108 0.002114 8.665123 1.488712 0.193271
0.003969 0.000652 0.013311 0.014709 0.002649
0.005558 0.000586 0.022035 0.007135 0.001700
0.029377 0.001512 2.517603 0.028315 0.020260
0.011378 0.001062 0.026700 0.027243 0.003900
0.007876 0.000942 0.028856 0.011760 0.001880
0.003700 0.000534 0.015414 0.021236 0.002447
0.005250 0.000717 0.024593 0.013064 0.002013
0.018267 0.000756 0.051987 0.021014 0.003451
0.004538 0.000581 0.017493 0.020507 0.003541
0.011337 0.000917 0.035658 0.021915 0.003041
0.017996 0.000943 0.013494 0.005937 0.000867
0.011049 0.000975 0.020558 0.008091 0.001324
1.059253 0.176260 12.376452 2.297676 0.106402
0.011250 0.002443 6.605828 0.645005 0.022820
0.004746 0.000548 0.013332 0.007884 0.002027
0.007997 0.000625 0.022468 0.013923 0.002515
0.012294 0.000935 0.023497 0.010002 0.005256
0.019847 0.001779 0.007657 0.007640 0.002690
0.002730 0.000455 0.010283 0.009751 0.002746
0.022054 0.000990 0.053185 0.032924 0.003080
10.068560 0.082130 2.393430 0.022633 0.022548
0.002590 0.000425 0.007795 0.007928 0.002186
0.008263 0.000942 0.022557 0.015589 0.002237
0.004044 0.000507 0.010972 0.019523 0.003239
0.005639 0.000654 0.021895 0.023593 0.004058
0.006490 0.000605 0.010220 0.018481 0.004780
0.006271 0.000726 0.011814 0.015597 0.004030
0.025207 0.001557 0.047908 0.031005 0.003432
0.008224 0.000907 0.018998 0.014965 0.002541
0.003293 0.000777 0.021230 0.010813 0.001313
0.002209 0.000414 0.008221 0.007879 0.002288
0.006769 0.000742 0.038480 0.029528 0.003057
0.004986 0.000603 0.030784 0.014257 0.002289
0.009909 0.000867 0.023426 0.008530 0.002497
0.005294 0.000832 0.018247 0.010557 0.002051
0.009399 0.000785 0.681470 0.027499 0.005486
0.004405 0.000791 0.039869 0.014266 0.002003
0.004594 0.000761 0.024049 0.019141 0.003384
0.010966 0.000818 0.011192 0.013558 0.002610
0.009370 0.000658 0.049851 0.019262 0.002840
0.020832 0.001498 0.024789 0.019710 0.005658
0.004057 0.000578 0.017098 0.007792 0.002197
0.005690 0.000565 0.025493 0.012178 0.002689
0.005673 0.000866 0.013500 0.055510 0.010013
1.001462 0.153225 14.864776 4.980713 1.165897
0.004133 0.000636 0.015421 0.019671 0.003699
5.270116 0.005454 1.104522 0.020593 0.011617
22.961278 2.226047 15.290925 1.442717 0.069583
0.006479 0.000806 0.018573 0.020061 0.002908
0.010672 0.000974 4.353689 0.022801 0.012440
23.472193 1.543090 3.270622 1.501849 0.028651
7.104813 0.006035 0.763168 0.016613 0.009312
0.007998 0.000637 0.052192 0.018342 0.002090
0.004962 0.000754 0.022275 0.020429 0.003110
0.008829 0.000779 0.028653 0.012001 0.001927
8.386978 0.006451 0.914459 0.025513 0.008313
0.005281 0.000851 0.017008 0.023042 0.004839
0.025791 0.001138 0.039899 0.023719 0.002168
8.513646 0.565566 1.431983 0.012708 0.020944
0.020566 0.001174 0.019647 0.010762 0.001666
0.009735 0.001108 0.088517 0.022493 0.002375
8.258796 0.005459 2.551412 0.026838 0.018600
0.007000 0.000638 0.017573 0.012547 0.002609
0.010614 0.000675 0.028605 0.016756 0.002673
0.017285 0.001306 0.025619 0.009282 0.002356
11.485419 0.023584 0.558726 0.012879 0.016720
0.004904 0.000444 0.010207 0.014640 0.003585
4.341754 0.028127 0.040740 0.036617 0.007079
14.443098 0.711280 4.278389 0.385871 0.041827
0.002869 0.000559 0.015189 0.007335 0.001743
0.014824 0.001097 0.021058 0.013375 0.002650
0.005528 0.000690 0.011984 0.026316 0.004725
0.008185 0.000871 0.026560 0.028305 0.004610
0.012087 0.000816 0.013571 0.023580 0.004980
0.009147 0.000768 0.014311 0.022894 0.005124
15.981120 0.040259 2.735506 0.030055 0.011769
0.009005 0.001146 0.026182 0.020748 0.004291
0.006438 0.001005 0.020878 0.011554 0.002755
0.004762 0.000520 0.009380 0.009165 0.002774
0.011018 0.001144 2.644588 0.038302 0.023477
0.005062 0.000690 0.046312 0.020726 0.002316
0.009862 0.000604 0.045009 0.014912 0.003598
0.004356 0.000728 0.026906 0.012663 0.003236
0.017796 0.026486 11.065211 0.754508 0.017613
0.006401 0.001523 7.805902 1.419732 0.107767
0.006426 0.000790 0.021486 0.017262 0.001642
0.019400 0.001488 0.010068 0.014256 0.002584
0.012343 0.001242 0.556354 0.022753 0.007990
0.015612 0.000893 0.026236 0.023759 0.003772
0.005356 0.000743 0.018241 0.007860 0.001457
0.005777 0.000630 0.016416 0.040413 0.005727
0.012547 0.000914 0.019730 0.030749 0.004841
