0.001769
0.001875
0.001691
0.001218
0.001197
0.001225
0.001005
0.001007
0.001679
0.001810
0.000725
0.001648
0.000664
0.001241
0.001093
0.001456
0.000934
0.001093
0.000879
0.001039
0.000890
0.001181
0.001190
0.000779
0.001244
0.001325
0.002675
0.001379
0.001297
0.000996
0.002003
0.002931
0.001062
0.001034
0.000823
0.000793
0.001505
0.001104
0.002372
0.002121
0.002081
0.001012
0.000600
0.001900
0.000747
0.001110
0.000435
0.000987
0.000592
0.000894
0.001701
0.002105
0.001885
0.000815
0.001798
0.002775
0.001549
0.002668
0.001510
0.001572
0.002108
0.001483
0.001579
0.001246
0.000868
0.002300
0.002442
0.000874
0.002601
0.000659
0.003151
0.001108
0.001558
0.001484
0.001152
0.002083
0.001186
0.001454
0.001533
0.003570
0.001351
0.001461
0.001970
0.002183
0.001403
0.000912
0.000503
0.003210
0.001552
0.001016
0.002786
0.001560
0.002399
0.001878
0.003430
0.001742
0.000797
0.002501
0.001004
0.002102
0.002085
0.001934
0.001389
0.002086
0.001233
0.001087
0.001343
0.001914
0.001691
0.001650
0.004623
0.003103
0.002768
0.001907
0.002998
0.002687
0.001032
0.003280
0.004721
0.003034
0.003123
0.003684
0.001325
0.000710
0.003501
0.000967
0.001473
0.002481
0.001615
0.002690
0.001602
0.001498
0.003623
0.001964
0.003953
0.002798
0.002996
0.001565
0.003384
0.001806
0.002857
0.001812
0.001033
0.000942
0.002360
0.001284
0.002387
0.001156
0.001774
0.002702
0.003627
0.002080
0.001667
0.002222
0.002651
0.000865
0.003351
0.004592
0.003210
0.001760
0.001505
0.001638
0.003527
0.002860
0.002396
0.004087
0.004822
0.002482
0.001727
0.004084
0.004734
0.001353
0.003495
0.001572
0.003202
0.004091
0.003272
0.004194
0.003257
0.004836
0.001298
0.001869
0.006048
0.003817
0.004486
0.002216
0.002507
0.001321
0.002410
0.003525
0.005428
0.001644
0.002294
0.002309
0.004934
0.003293
0.004229
0.001925
0.004514
0.002256
0.002411
0.001764
0.001195
0.002458
0.001667
0.003263
0.002782
0.001385
0.003369
0.003467
0.003879
0.002318
0.004483
0.002465
0.002623
0.002291
0.004572
0.001881
0.002878
0.006333
0.003070
0.006021
0.005945
0.005100
0.006784
0.007227
0.005543
0.006152
0.006146
0.003267
0.004340
0.003132
0.005021
0.003128
0.003326
0.005854
0.006158
0.005770
0.003545
0.003671
0.003669
0.004303
0.002887
0.002260
0.005410
0.003858
0.003952
0.003355
0.003102
0.005380
0.004579
0.003192
0.006625
0.002115
0.006194
0.004789
0.006512
0.004573
0.005571
0.002953
0.005180
0.005040
0.004008
0.004078
0.003636
0.006921
0.004984
0.002872
0.004671
0.003706
0.007685
0.004858
0.008208
0.008493
0.008162
0.005135
0.005204
0.007696
0.003934
0.006434
0.007680
0.006728
0.005728
0.006812
0.007718
0.004256
0.005968
0.007659
0.004578
0.006774
0.008377
0.002168
0.008961
0.004317
0.006325
0.007602
0.007654
0.006346
0.008352
0.005166
0.005250
0.006600
0.005379
0.004414
0.007056
0.006586
0.008869
0.005770
0.004966
0.007512
0.005783
0.004935
0.006755
0.008003
0.006939
0.003392
0.006964
0.002409
0.004577
0.006319
0.008264
0.004049
0.006733
0.005946
0.004893
0.005891
0.009651
0.005389
0.006247
0.009508
0.009603
0.003248
0.013010
0.009466
0.010132
0.005159
0.005803
0.008184
0.006691
0.008283
0.006442
0.009016
0.008886
0.009534
0.007202
0.009090
0.008671
0.008311
0.004693
0.009459
0.009431
0.004860
0.008673
0.003917
0.008735
0.007225
0.005844
0.009880
0.009579
0.008264
0.004665
0.009160
0.008069
0.008779
0.006924
0.009406
0.007537
0.007177
0.009058
0.007172
0.007470
0.005765
0.004510
0.009222
0.011919
0.007494
0.012424
0.013477
0.009980
0.007639
1.913106
0.012739
0.011356
0.008654
0.009210
0.013666
0.010355
0.009779
0.008772
0.010671
0.145221
0.017043
0.007946
0.011577
0.011094
0.009108
0.006394
0.018166
1.976447
0.006210
0.012805
0.007286
0.011801
0.010903
0.006827
0.021391
0.011335
0.009424
0.004776
0.015295
0.010341
0.011459
0.008716
0.015925
0.011640
0.009789
0.007948
0.015014
0.011460
0.006866
0.009864
0.013739
0.015929
0.008286
0.744436
1.195980
0.009894
0.012111
0.438093
0.017601
0.013991
0.011489
0.013039
0.023520
0.011767
0.018799
0.014543
0.012864
1.606553
1.034147
0.008966
0.013425
0.013594
0.010546
0.008191
0.026284
1.411143
0.007401
0.014188
0.010444
0.014205
0.009639
0.009962
0.023223
0.011724
0.010474
0.007189
0.019335
0.014735
0.014767
0.010418
0.118306
0.015316
0.013980
0.009586
0.020221
0.017261
0.010054
0.012949
0.011041
1.358310
0.011863
0.783032
0.775519
0.012923
0.748511
3.150811
1.187779
0.018762
0.013633
0.013972
1.403413
0.011688
0.024216
1.270768
0.016906
0.023167
1.086241
0.011869
0.017188
0.017116
2.044346
0.008750
0.786801
1.524725
0.008979
0.016315
0.012458
0.016313
0.016517
0.012507
2.499427
0.013357
0.010848
0.007730
0.452633
0.017957
0.019476
0.013409
1.804445
1.077514
0.012480
0.012700
0.093533
0.019226
0.010210
0.016044
0.017261
