0.000869 0.000337 0.000858 0.000838 0.000762
0.001192 0.000437 0.000903 0.000770 0.000694
0.001084 0.000403 0.000806 0.000815 0.000788
0.000605 0.000264 0.000543 0.000700 0.000787
0.000801 0.000308 0.000627 0.000622 0.000732
0.000637 0.000271 0.000549 0.000497 0.000721
0.000535 0.000251 0.000451 0.000422 0.000550
0.000509 0.000247 0.000446 0.000433 0.000561
0.001190 0.000430 0.000727 0.000942 0.000881
0.001056 0.000393 0.000828 0.000717 0.000701
0.000405 0.000229 0.000342 0.000403 0.000646
0.001247 0.000442 0.000871 0.001070 0.000894
0.000330 0.000212 0.000317 0.000313 0.000480
0.000591 0.000264 0.000580 0.000533 0.000624
0.000493 0.000244 0.000501 0.000505 0.000614
0.000863 0.000328 0.000662 0.000585 0.000629
0.000498 0.000246 0.000418 0.000427 0.000566
0.000578 0.000259 0.000487 0.000452 0.000565
0.000451 0.000236 0.000389 0.000382 0.000528
0.000527 0.000251 0.000482 0.000430 0.000548
0.000460 0.000239 0.000408 0.000433 0.000592
0.000586 0.000261 0.000530 0.000510 0.000646
0.000773 0.000304 0.000517 0.000595 0.000756
0.000421 0.000230 0.000384 0.000396 0.000546
0.000662 0.000275 0.000557 0.000511 0.000597
0.000783 0.000309 0.000599 0.000501 0.000591
0.001752 0.000639 0.001417 0.001430 0.000913
0.000773 0.000309 0.000611 0.000544 0.000616
0.000770 0.000298 0.000565 0.000552 0.000643
0.000472 0.000242 0.000450 0.000428 0.000560
0.001104 0.000405 0.000952 0.000874 0.000758
0.001691 0.000621 0.001605 0.001526 0.000990
0.000589 0.000259 0.000481 0.000502 0.000637
0.000671 0.000281 0.000509 0.000461 0.000611
0.000430 0.000231 0.000378 0.000346 0.000503
0.000437 0.000231 0.000358 0.000361 0.000522
0.000781 0.000302 0.000798 0.000862 0.000799
0.000696 0.000282 0.000546 0.000581 0.000700
0.001156 0.000437 0.001183 0.001191 0.000830
0.001167 0.000432 0.001058 0.000995 0.000776
0.001194 0.000460 0.001243 0.000952 0.000922
0.000633 0.000274 0.000505 0.000591 0.000698
0.000311 0.000209 0.000290 0.000302 0.000487
0.001011 0.000378 0.000911 0.000813 0.000749
0.000340 0.000213 0.000341 0.000345 0.000502
0.000601 0.000261 0.000483 0.000462 0.000588
0.000209 0.000187 0.000238 0.000253 0.000457
0.000507 0.000243 0.000445 0.000430 0.000546
0.000261 0.000200 0.000295 0.000314 0.000491
0.000431 0.000232 0.000414 0.000415 0.000563
0.001125 0.000423 0.000830 0.000631 0.000760
0.001203 0.000439 0.001223 0.001226 0.000924
0.000991 0.000376 0.000933 0.000824 0.000710
0.000562 0.000255 0.000387 0.000359 0.000556
0.000983 0.000365 0.000826 0.000992 0.000997
0.001960 0.000706 0.001354 0.002650 0.002144
0.000755 0.000302 0.000734 0.000720 0.000718
0.001429 0.000506 0.001425 0.001505 0.000944
0.001211 0.000435 0.000700 0.000677 0.000733
0.001012 0.000383 0.000701 0.000622 0.000657
0.000998 0.000380 0.001098 0.001269 0.000917
0.000993 0.000353 0.000791 0.000873 0.000820
0.000935 0.000353 0.000699 0.000660 0.000678
0.000749 0.000303 0.000561 0.000490 0.000591
0.000639 0.000268 0.000437 0.000534 0.000715
0.001177 0.000424 0.001125 0.001147 0.000839
0.001488 0.000526 0.001136 0.001003 0.000844
0.000419 0.000233 0.000431 0.000381 0.000544
0.001525 0.000546 0.001314 0.001272 0.000862
0.000303 0.000206 0.000320 0.000306 0.000508
0.001888 0.000660 0.001663 0.001491 0.000850
0.000590 0.000270 0.000630 0.000525 0.000724
0.000906 0.000348 0.000721 0.000614 0.000628
0.000789 0.000305 0.000716 0.000645 0.000682
0.000611 0.000269 0.000492 0.000607 0.000774
0.001533 0.000545 0.001188 0.001715 0.001298
0.000606 0.000261 0.000523 0.000497 0.000614
0.000902 0.000340 0.000640 0.000540 0.000602
0.000870 0.000334 0.000664 0.000607 0.000692
0.001812 0.000671 0.002206 0.002986 0.001552
0.000651 0.000270 0.000635 0.000650 0.000727
0.000962 0.000346 0.000735 0.000637 0.000679
0.001089 0.000400 0.000937 0.001058 0.000868
0.001173 0.000427 0.001065 0.000948 0.000772
0.000762 0.000308 0.000638 0.000596 0.000662
0.000449 0.000233 0.000418 0.000420 0.000557
0.000256 0.000194 0.000261 0.000255 0.000495
0.002029 0.000742 0.001728 0.001470 0.000904
0.000869 0.000330 0.000734 0.000831 0.000851
0.000543 0.000256 0.000507 0.000520 0.000622
0.001532 0.000543 0.001428 0.001348 0.000830
0.000891 0.000346 0.000722 0.000645 0.000661
0.001430 0.000529 0.001202 0.001164 0.000896
0.001244 0.000455 0.000902 0.001030 0.000883
0.001906 0.000681 0.001805 0.001814 0.001179
0.000994 0.000365 0.000797 0.000739 0.000733
0.000431 0.000232 0.000367 0.000381 0.000540
0.001345 0.000484 0.001311 0.001183 0.000835
0.000625 0.000266 0.000455 0.000452 0.000611
0.001157 0.000434 0.001097 0.001015 0.000792
0.001127 0.000415 0.000985 0.000898 0.000754
0.001034 0.000382 0.000931 0.000889 0.000806
0.000868 0.000341 0.000639 0.000597 0.000661
0.001260 0.000467 0.001088 0.000945 0.000759
0.000694 0.000287 0.000564 0.000494 0.000584
0.000627 0.000266 0.000480 0.000476 0.000597
0.000881 0.000339 0.000626 0.000495 0.000609
0.001127 0.000416 0.000887 0.000814 0.000756
0.000975 0.000352 0.000833 0.000840 0.000786
0.000948 0.000357 0.000716 0.000962 0.000930
0.002371 0.000869 0.002855 0.002609 0.001272
0.001838 0.000676 0.001631 0.001789 0.001048
0.001678 0.000592 0.001401 0.001313 0.000807
0.001091 0.000404 0.000887 0.000823 0.000784
0.001862 0.000661 0.001562 0.001320 0.000838
0.001651 0.000608 0.001437 0.001196 0.000818
0.000609 0.000263 0.000482 0.000475 0.000591
0.001728 0.000630 0.001856 0.001699 0.000940
0.002599 0.000976 0.003063 0.005496 0.002484
0.001724 0.000601 0.001742 0.001802 0.001020
0.001679 0.000589 0.001673 0.001591 0.000869
0.002108 0.000745 0.002015 0.001855 0.000911
0.000772 0.000312 0.000608 0.000536 0.000627
0.000418 0.000229 0.000344 0.000323 0.000526
0.002193 0.000800 0.001934 0.001732 0.000985
0.000462 0.000242 0.000450 0.000414 0.000582
0.000848 0.000325 0.000625 0.000734 0.000770
0.001258 0.000456 0.001260 0.001183 0.000899
0.000826 0.000322 0.000749 0.000708 0.000750
0.001457 0.000521 0.001383 0.001292 0.000844
0.000947 0.000358 0.000752 0.000768 0.000732
0.000975 0.000368 0.000676 0.000612 0.000659
0.001786 0.000629 0.002153 0.002129 0.001340
0.001854 0.000650 0.001239 0.001388 0.001149
0.002915 0.001100 0.002223 0.001875 0.001051
0.001675 0.000586 0.001531 0.001598 0.000888
0.001889 0.000677 0.001535 0.001695 0.001032
0.001072 0.000396 0.000800 0.000851 0.000776
0.002050 0.000739 0.001751 0.001662 0.001581
0.001049 0.000388 0.000886 0.000746 0.000865
0.001729 0.000635 0.001541 0.001548 0.000907
0.001044 0.000394 0.000889 0.000718 0.000703
0.000495 0.000241 0.000481 0.000500 0.000637
0.000448 0.000233 0.000421 0.000423 0.000553
0.001367 0.000491 0.001248 0.001211 0.000846
0.000673 0.000283 0.000617 0.000554 0.000642
0.001410 0.000520 0.001172 0.001132 0.000840
0.000727 0.000284 0.000567 0.000539 0.000644
0.001183 0.000439 0.000853 0.000666 0.000690
0.001616 0.000555 0.001491 0.001465 0.000880
0.002241 0.000810 0.002088 0.002093 0.001837
0.001375 0.000479 0.001119 0.001129 0.000855
0.000975 0.000353 0.000783 0.000751 0.000707
0.001316 0.000473 0.001073 0.000950 0.000742
0.001450 0.000539 0.001590 0.002066 0.001675
0.000464 0.000239 0.000386 0.000394 0.000551
0.001967 0.000742 0.001830 0.001834 0.001027
0.002328 0.000861 0.002887 0.002615 0.001249
0.001572 0.000563 0.001776 0.001856 0.000998
0.000913 0.000341 0.000823 0.000966 0.000898
0.001018 0.000383 0.000664 0.000587 0.000671
0.000850 0.000331 0.000754 0.000712 0.000706
0.001914 0.000670 0.001875 0.001891 0.001403
0.001663 0.000565 0.001692 0.001829 0.001309
0.001930 0.000671 0.001118 0.001083 0.000889
0.002567 0.000987 0.002180 0.002028 0.001057
0.001983 0.000793 0.003480 0.004118 0.001797
0.002359 0.000909 0.001764 0.002059 0.001581
0.000929 0.000351 0.000830 0.000779 0.000787
0.002172 0.000769 0.002305 0.002640 0.001481
0.004013 0.001274 0.003389 0.005923 0.005217
0.000786 0.000311 0.000658 0.000758 0.000896
0.001893 0.000670 0.001942 0.001984 0.001222
0.000915 0.000343 0.000826 0.000741 0.000738
0.001818 0.000676 0.001763 0.001594 0.001141
0.002487 0.000933 0.002590 0.003805 0.003099
0.001828 0.000678 0.001822 0.001821 0.001315
0.002467 0.000935 0.002305 0.005023 0.003110
0.001753 0.000615 0.001824 0.001842 0.001145
0.002624 0.000914 0.003350 0.002806 0.001391
0.000968 0.000354 0.000655 0.000689 0.000767
0.001216 0.000441 0.000911 0.001091 0.000979
0.002848 0.001007 0.006204 0.006136 0.001824
0.002440 0.000975 0.002215 0.002043 0.001109
0.002626 0.001039 0.003130 0.002870 0.001758
0.001280 0.000453 0.001030 0.001053 0.000919
0.001494 0.000540 0.001247 0.001173 0.000812
0.000745 0.000300 0.000649 0.000549 0.000646
0.001372 0.000485 0.001167 0.001111 0.000836
0.001978 0.000709 0.001976 0.001911 0.000958
0.003437 0.001119 0.004329 0.004230 0.001669
0.000939 0.000357 0.000754 0.000724 0.000760
0.001208 0.000430 0.001245 0.001198 0.000866
0.001412 0.000516 0.001210 0.001229 0.000850
0.002685 0.000964 0.003512 0.002838 0.001363
0.001804 0.000635 0.001753 0.001691 0.000895
0.002457 0.000897 0.002253 0.002173 0.001246
0.001154 0.000418 0.000961 0.000828 0.000737
0.002256 0.000832 0.002499 0.003519 0.001821
0.001327 0.000504 0.001423 0.001476 0.001042
0.001410 0.000502 0.001182 0.001151 0.000825
0.000973 0.000369 0.000832 0.000710 0.000705
0.000992 0.000370 0.000599 0.000714 0.000774
0.001533 0.000574 0.001321 0.001562 0.000937
0.000920 0.000343 0.000801 0.000808 0.000762
0.002212 0.000804 0.001723 0.001342 0.000821
0.002353 0.000857 0.001641 0.001897 0.001038
0.000804 0.000312 0.000649 0.000586 0.000856
0.001927 0.000674 0.001868 0.001711 0.000860
0.001947 0.000696 0.001977 0.001736 0.000913
0.002334 0.000889 0.002016 0.002220 0.001582
0.001702 0.000619 0.001301 0.001363 0.000895
0.002471 0.000889 0.002400 0.003202 0.001737
0.001328 0.000497 0.001281 0.001482 0.001059
0.001814 0.000658 0.001355 0.001091 0.000842
0.001562 0.000573 0.001149 0.000880 0.000766
0.002469 0.000935 0.002311 0.004530 0.002693
0.001259 0.000447 0.001121 0.001629 0.001255
0.001643 0.000585 0.001495 0.001427 0.000872
0.004397 0.001338 0.005996 0.005203 0.001921
0.001940 0.000728 0.001821 0.002065 0.001743
0.003799 0.001186 0.004700 0.006237 0.001956
0.003043 0.001078 0.005473 0.004240 0.001694
0.002455 0.000892 0.003920 0.005370 0.001901
0.003554 0.001161 0.007918 0.007540 0.002048
0.003895 0.001160 0.008242 0.007203 0.002157
0.003234 0.001081 0.004571 0.003484 0.001469
0.004110 0.001250 0.005732 0.004045 0.001474
0.004489 0.001319 0.006163 0.004653 0.001953
0.001913 0.000724 0.001812 0.001947 0.001297
0.003188 0.001099 0.002479 0.002222 0.001381
0.001970 0.000711 0.001727 0.001487 0.000878
0.003318 0.001117 0.003734 0.003414 0.001600
0.002193 0.000805 0.001810 0.001511 0.001043
0.002004 0.000710 0.001784 0.001715 0.000969
0.003255 0.001097 0.005308 0.004344 0.001794
0.002429 0.000981 0.006605 0.008291 0.002255
0.003176 0.001115 0.005239 0.004838 0.002074
0.002476 0.000913 0.001980 0.001697 0.000851
0.002354 0.000834 0.002016 0.001873 0.000938
0.002050 0.000731 0.002097 0.002104 0.001017
0.002487 0.000926 0.002436 0.003025 0.001577
0.001802 0.000641 0.001735 0.001583 0.000886
0.001091 0.000418 0.001220 0.001170 0.000827
0.004056 0.001251 0.004486 0.002944 0.001584
0.002544 0.000940 0.002127 0.002180 0.001185
0.002357 0.000887 0.002375 0.001807 0.001170
0.001963 0.000680 0.001753 0.001645 0.001086
0.002446 0.000902 0.001497 0.001454 0.001470
0.002738 0.001002 0.004399 0.004047 0.001621
0.002057 0.000727 0.003407 0.004043 0.001809
0.002511 0.000912 0.001707 0.001630 0.001730
0.004149 0.001249 0.006600 0.006000 0.001945
0.001354 0.000504 0.001056 0.001134 0.000860
0.003796 0.001250 0.006859 0.004350 0.002413
0.002023 0.000867 0.002503 0.004265 0.001899
0.006733 0.001616 0.006313 0.004779 0.002465
0.003861 0.001214 0.003879 0.003929 0.003663
0.005479 0.001506 0.004493 0.003423 0.001889
0.001799 0.000669 0.001614 0.001506 0.000883
0.003937 0.001295 0.003673 0.004137 0.001999
0.002569 0.000964 0.003540 0.004508 0.002466
0.002184 0.000779 0.002288 0.002561 0.001350
0.002578 0.000978 0.002355 0.001949 0.001194
0.002116 0.000750 0.001981 0.001831 0.000971
0.004387 0.001215 0.007300 0.005684 0.001930
0.002714 0.001014 0.003414 0.003401 0.001620
0.002039 0.000719 0.001797 0.001883 0.000955
0.003145 0.001117 0.003004 0.002487 0.001655
0.002083 0.000756 0.002055 0.001850 0.000913
0.004827 0.001335 0.010471 0.007236 0.006498
0.003398 0.001222 0.004707 0.006888 0.005920
0.006397 0.001622 0.011625 0.010059 0.002784
0.004069 0.001228 0.014191 0.009318 0.002259
0.007353 0.001612 0.012120 0.007916 0.002016
0.002863 0.001126 0.004036 0.006577 0.002753
0.003230 0.001100 0.003922 0.003553 0.001597
0.005457 0.001595 0.009379 0.006992 0.002163
0.002620 0.001039 0.002152 0.002201 0.001408
0.006973 0.001631 0.005424 0.004873 0.001840
0.004910 0.001332 0.010631 0.007290 0.001984
0.006615 0.001631 0.007333 0.004245 0.001590
0.003473 0.001111 0.004243 0.004011 0.001927
0.003628 0.001160 0.008466 0.006115 0.002500
0.006478 0.001691 0.010386 0.005635 0.002047
0.002497 0.000908 0.002763 0.002282 0.001344
0.002640 0.001036 0.005939 0.005168 0.002623
0.005503 0.001596 0.011690 0.005856 0.002247
0.003388 0.001137 0.002705 0.002382 0.001139
0.006365 0.001652 0.006955 0.004972 0.001834
0.005855 0.001489 0.013182 0.007817 0.002043
0.001254 0.000486 0.001043 0.001175 0.000859
0.005556 0.001526 0.014890 0.010030 0.003629
0.002654 0.001039 0.002807 0.002279 0.001513
0.002661 0.000986 0.006038 0.007568 0.003270
0.004312 0.001331 0.011922 0.008501 0.001880
0.006194 0.001615 0.010293 0.005674 0.001840
0.005462 0.001407 0.005963 0.003649 0.001655
0.004441 0.001324 0.011880 0.009254 0.002873
0.002204 0.000850 0.003994 0.003908 0.001600
0.003174 0.001094 0.003783 0.003945 0.002008
0.004516 0.001335 0.007450 0.005032 0.001690
0.003228 0.001080 0.004058 0.003467 0.001504
0.002649 0.000988 0.002462 0.002814 0.001733
0.003621 0.001133 0.009106 0.006754 0.001838
0.003680 0.001159 0.006538 0.005638 0.002079
0.004123 0.001304 0.013879 0.016718 0.004440
0.002655 0.001018 0.004976 0.006666 0.002309
0.002719 0.000993 0.003239 0.002917 0.001589
0.004498 0.001337 0.011365 0.007027 0.001859
0.003016 0.001078 0.004489 0.006689 0.002038
0.002743 0.001019 0.003659 0.003353 0.001393
0.004252 0.001230 0.007634 0.005532 0.001979
0.006520 0.001555 0.010704 0.008096 0.002159
0.007599 0.001683 0.004222 0.016435 0.011527
0.002661 0.001023 0.001672 0.001789 0.001954
0.005293 0.001458 0.007803 0.004629 0.001775
0.001736 0.000656 0.001373 0.001601 0.001729
0.002383 0.000852 0.003035 0.004622 0.001857
0.003028 0.001083 0.007091 0.005270 0.001669
0.005975 0.001556 0.013272 0.008166 0.001968
0.002623 0.000975 0.002263 0.002080 0.001069
0.003130 0.001096 0.006690 0.006806 0.002397
0.005231 0.001390 0.005933 0.004798 0.002000
0.002211 0.000797 0.003483 0.004117 0.001674
0.004180 0.001200 0.005721 0.004546 0.001652
0.005715 0.001640 0.018396 0.009811 0.002582
0.004190 0.001282 0.003571 0.004704 0.003572
0.003931 0.001257 0.007322 0.007839 0.001972
0.005265 0.001426 0.016654 0.012913 0.002628
0.007088 0.001661 0.017114 0.010741 0.003069
0.002126 0.000730 0.001783 0.001853 0.001094
0.023706 0.002570 0.018762 0.008836 0.001903
0.004858 0.001318 0.016203 0.014066 0.004328
0.007326 0.001806 0.019239 0.010905 0.002372
0.002237 0.000847 0.004180 0.004114 0.001666
0.003899 0.001206 0.004646 0.003696 0.001563
0.004691 0.001342 0.011016 0.011268 0.003326
0.002683 0.001019 0.005917 0.009548 0.004146
0.007055 0.001878 0.013328 0.006185 0.002148
0.003432 0.001151 0.006990 0.005549 0.001769
0.005167 0.001550 0.012809 0.011360 0.003939
0.007784 0.001919 0.015167 0.008055 0.001920
0.005404 0.001535 0.018753 0.010460 0.002060
0.004643 0.001290 0.009362 0.006131 0.001947
0.005406 0.001663 0.016563 0.010005 0.001929
0.006628 0.001635 0.013554 0.013777 0.003262
0.006610 0.001598 0.007762 0.014056 0.007263
0.002515 0.000905 0.003613 0.003523 0.001546
0.006575 0.001656 0.016799 0.012039 0.002066
0.010472 0.002130 0.015008 0.006527 0.001594
0.002693 0.000996 0.003383 0.002769 0.001228
0.005025 0.001416 0.013898 0.011638 0.003524
0.003824 0.001223 0.002077 0.002857 0.002743
0.004956 0.001333 0.014000 0.012036 0.003462
0.004675 0.001266 0.009011 0.011548 0.002955
0.003452 0.001096 0.005033 0.005741 0.004035
0.010994 0.002033 0.015454 0.018702 0.004230
0.005767 0.001563 0.018233 0.010844 0.002402
0.004337 0.001297 0.013314 0.009900 0.002012
0.002512 0.000925 0.003260 0.002318 0.001088
0.006472 0.001757 0.016065 0.008274 0.001843
0.003924 0.001222 0.012697 0.008814 0.002123
0.009368 0.002038 0.012611 0.005447 0.001615
0.004466 0.001346 0.007953 0.006477 0.002819
0.007394 0.001848 0.016455 0.009070 0.001759
0.005794 0.001605 0.012541 0.008466 0.002289
0.004139 0.001256 0.008208 0.010770 0.004731
0.004620 0.001350 0.013526 0.014906 0.003834
0.003348 0.001115 0.009199 0.007137 0.002014
0.004680 0.001323 0.011418 0.007603 0.002414
0.003146 0.001084 0.005004 0.005566 0.002048
0.002391 0.000838 0.002473 0.003039 0.001683
0.004463 0.001294 0.014752 0.013181 0.003687
0.006281 0.001629 0.025964 0.016924 0.004525
0.003750 0.001224 0.008174 0.009874 0.003768
0.013856 0.002053 0.024554 0.023767 0.006971
0.010256 0.001930 0.028769 0.022220 0.005964
0.005451 0.001443 0.015876 0.017829 0.005768
0.007437 0.001801 0.008823 0.006366 0.002417
268531.946150 3.423721 3.084234 396928.091391 0.071098
0.006484 0.001737 0.025977 0.024545 0.006094
0.011921 0.002206 0.026161 0.011521 0.002242
0.004560 0.001357 0.015435 0.009815 0.002086
0.010498 0.002106 0.013246 0.008323 0.002388
0.013972 0.002309 0.027809 0.018210 0.004174
0.006188 0.001602 0.017226 0.019171 0.006507
0.010440 0.002124 0.015098 0.009953 0.002110
0.010817 0.002200 0.011453 0.005883 0.001543
0.010765 0.002160 0.023371 0.012445 0.001971
0.025558 0.002657 0.840473 0.058547 0.025750
0.011142 0.002017 0.054579 0.020763 0.003618
0.006267 0.001503 0.011394 0.006650 0.002005
0.007261 0.001867 0.024579 0.015902 0.003168
0.013250 0.002362 0.016031 0.020590 0.006176
0.016771 0.002491 0.016679 0.016532 0.006200
0.002674 0.000971 0.004900 0.007686 0.002884
0.022553 0.002447 0.024278 0.023085 0.004601
18.741438 4.501849 4.449601 654995.915787 0.356406
0.002869 0.001023 0.005940 0.005416 0.001817
0.008330 0.001808 0.030396 0.017976 0.004880
0.008853 0.001953 0.007222 0.006346 0.002094
0.006746 0.001687 0.021061 0.022476 0.006620
0.006742 0.001655 0.008126 0.026358 0.009957
0.004932 0.001416 0.006922 0.013868 0.005051
0.035551 0.002395 0.030949 0.036566 0.006085
0.012871 0.002282 0.028682 0.016892 0.002519
0.006346 0.002269 312013.968864 0.014179 0.027577
0.002191 0.000871 0.003305 0.002943 0.002109
0.008093 0.001875 0.035210 0.026530 0.004995
0.005228 0.001502 0.020216 0.013687 0.002793
0.011692 0.002131 0.019609 0.010328 0.002483
0.007195 0.001866 0.013316 0.009164 0.002984
0.014653 0.002229 0.033963 0.019478 0.003602
0.007575 0.001974 0.023668 0.012040 0.003207
0.005116 0.001454 0.011321 0.016631 0.005613
0.007412 0.001667 0.011422 0.014316 0.004552
0.008344 0.001897 0.033461 0.021581 0.005798
0.011303 0.002024 0.022075 0.017170 0.004673
0.005633 0.001577 0.008368 0.006868 0.002091
0.005249 0.001459 0.016267 0.016964 0.004493
0.009863 0.002014 0.025853 0.022593 0.006790
0.010831 0.002175 0.051166 0.021197 0.003962
0.005164 0.001368 0.010254 0.012570 0.005146
4.047087 0.053047 0.055827 0.019105 0.012009
0.025248 0.092476 8.493682 2.384302 0.433759
0.007302 0.001846 0.016002 0.016996 0.004268
0.011289 0.002049 0.022630 0.010292 0.002437
0.039836 0.005181 195282.105915 0.347692 1.641219
0.019130 0.002442 0.033905 0.033842 0.008114
0.015043 0.002350 0.034098 0.015080 0.003492
0.005814 0.001528 0.020528 0.026079 0.004160
0.010104 0.002036 0.025149 0.016484 0.003777
0.032263 0.002998 0.057027 0.028481 0.007064
0.008708 0.001880 0.019788 0.025379 0.007175
0.023348 0.002403 483781.052926 0.027083 0.009695
0.032738 0.002612 0.018007 0.008039 0.001671
0.020703 0.002518 0.023252 0.010884 0.001805
191554.491008 1.310825 12.345775 92306.415920 0.411451
0.023021 0.070561 6.000901 0.819212 0.051301
0.008439 0.001822 0.013764 0.009822 0.003399
0.015118 0.002290 0.023536 0.018470 0.003900
0.023753 0.002518 428096.309577 0.026623 0.016877
0.032836 0.002926 0.010496 0.008848 0.004391
0.004133 0.001303 0.011072 0.011203 0.004908
0.037850 0.002539 0.058727 0.041014 0.006472
296208.882093 1.208648 2.414156 0.094703 0.042723
0.004136 0.001256 0.008416 0.009663 0.003570
0.013913 0.002340 0.025769 0.020935 0.004301
0.006172 0.001658 0.016008 0.023171 0.005418
0.010088 0.002102 0.023488 0.028956 0.008141
0.010127 0.002114 0.011637 0.019554 0.008739
0.009202 0.001948 0.014765 0.018628 0.006181
0.034529 0.002867 0.056473 0.037343 0.005307
0.014524 0.002359 0.023280 0.019606 0.004260
0.005881 0.001644 0.026551 0.015176 0.001936
0.003484 0.001112 0.008910 0.009508 0.003308
0.011369 0.002137 0.049101 0.037256 0.005920
0.009806 0.002021 0.034142 0.019220 0.003946
0.019862 0.002393 0.026015 0.011901 0.004299
0.010243 0.002089 0.022445 0.013791 0.003369
0.020814 0.003442 405152.583881 0.069818 0.036926
0.006755 0.001896 0.046730 0.019127 0.003013
0.006960 0.001778 0.029596 0.025277 0.006044
0.016601 0.002375 0.011870 0.015419 0.004469
0.018378 0.002333 0.054892 0.026229 0.005570
0.033592 0.002825 0.028297 0.026682 0.007573
0.007458 0.001754 0.019039 0.010201 0.003686
0.009017 0.001908 0.027755 0.015996 0.004202
0.009674 0.002143 0.020648 307712.415486 0.849442
271430.574916 2.297003 107395.943517 6.462459 1.827184
0.006523 0.001594 0.018997 0.023646 0.007530
5.255294 0.201508 1.098070 0.034436 0.021186
22.570453 5.103079 282732.821897 340543.734074 0.637048
0.010257 0.002083 0.021381 0.024395 0.004655
0.017080 0.002504 4.165826 0.172858 0.070872
331677.409451 2.865083 4.072954 205641.978411 0.621910
85127.920855 0.455431 15053.400331 0.036687 0.034170
0.015554 0.002536 0.056021 0.023033 0.003575
0.008713 0.001933 0.027901 0.026035 0.005560
0.015347 0.002386 0.029281 0.016798 0.003220
8.415217 0.494301 0.930278 0.039095 0.047983
0.009752 0.002064 0.020408 604663.645444 0.007389
0.041136 0.002617 369046.947839 0.030584 0.003739
167571.882323 1.263407 1.484249 0.043318 0.050045
0.035738 0.002612 0.021759 0.014816 0.002837
0.013160 0.002858 509993.922632 0.029609 0.003761
123829.082883 397523.977121 178367.327668 0.061179 0.044094
0.012550 0.002148 0.019863 0.016719 0.004135
0.021645 0.002423 0.030088 0.023115 0.004833
0.033496 0.002541 0.028024 0.010541 0.002977
423635.024157 0.166175 501132.480572 0.067403 0.069353
0.007147 0.001687 0.010905 0.017430 0.007041
4.344659 0.108922 0.080912 0.043832 0.015683
13.974026 3.272519 4.795587 0.616180 0.278519
0.005007 0.001486 0.016339 0.009913 0.002501
0.022969 0.002683 0.022297 0.019360 0.004880
0.009083 0.001861 0.017049 0.030066 0.008221
0.014051 0.002440 0.031836 0.033871 0.009183
0.020772 0.002620 0.014053 0.027924 0.010417
0.011684 0.002491 0.018473 0.027150 0.009875
15.562016 2.257782 2.670385 0.314421 0.062139
0.012712 0.002244 0.030290 423586.668149 0.005062
0.010213 0.002000 0.025749 0.015757 0.004335
0.007541 0.001694 0.010974 0.010664 0.004252
0.019714 0.002771 2.514467 0.108576 0.050308
0.010205 0.001957 0.050682 0.026859 0.004504
0.021315 0.002311 0.050784 0.021140 0.006410
0.008111 0.001813 0.029955 0.017431 0.005418
0.031062 0.273274 10.307854 1.076032 0.275732
0.008356 0.053040 7.804940 2.137037 0.330057
0.011465 0.002194 0.027360 0.022419 0.003192
0.031652 0.002624 0.012936 0.017535 0.004751
0.021380 0.003678 0.573002 0.050394 0.015925
0.030571 0.002494 0.029995 0.031294 0.007898
0.008423 0.001980 0.020661 0.011226 0.001962
0.010376 0.002013 0.023591 698252.125003 0.035375
0.020816 0.002391 0.024329 0.035917 0.008577
