0.000869
0.001192
0.001084
0.000787
0.000801
0.000721
0.000550
0.000561
0.001190
0.001056
0.000646
0.001247
0.000480
0.000624
0.000614
0.000863
0.000566
0.000578
0.000528
0.000548
0.000592
0.000646
0.000773
0.000546
0.000662
0.000783
0.001752
0.000773
0.000770
0.000560
0.001104
0.001691
0.000637
0.000671
0.000503
0.000522
0.000862
0.000700
0.001191
0.001167
0.001243
0.000698
0.000487
0.001011
0.000502
0.000601
0.000457
0.000546
0.000491
0.000563
0.001125
0.001226
0.000991
0.000562
0.000997
0.002650
0.000755
0.001505
0.001211
0.001012
0.001269
0.000993
0.000935
0.000749
0.000715
0.001177
0.001488
0.000544
0.001525
0.000508
0.001888
0.000724
0.000906
0.000789
0.000774
0.001715
0.000614
0.000902
0.000870
0.002986
0.000727
0.000962
0.001089
0.001173
0.000762
0.000557
0.000495
0.002029
0.000869
0.000622
0.001532
0.000891
0.001430
0.001244
0.001906
0.000994
0.000540
0.001345
0.000625
0.001157
0.001127
0.001034
0.000868
0.001260
0.000694
0.000627
0.000881
0.001127
0.000975
0.000962
0.002855
0.001838
0.001678
0.001091
0.001862
0.001651
0.000609
0.001856
0.005496
0.001802
0.001679
0.002108
0.000772
0.000526
0.002193
0.000582
0.000848
0.001260
0.000826
0.001457
0.000947
0.000975
0.002153
0.001854
0.002915
0.001675
0.001889
0.001072
0.002050
0.001049
0.001729
0.001044
0.000637
0.000553
0.001367
0.000673
0.001410
0.000727
0.001183
0.001616
0.002241
0.001375
0.000975
0.001316
0.002066
0.000551
0.001967
0.002887
0.001856
0.000966
0.001018
0.000850
0.001914
0.001829
0.001930
0.002567
0.004118
0.002359
0.000929
0.002640
0.005923
0.000896
0.001984
0.000915
0.001818
0.003805
0.001828
0.005023
0.001842
0.003350
0.000968
0.001216
0.006204
0.002440
0.003130
0.001280
0.001494
0.000745
0.001372
0.001978
0.004329
0.000939
0.001245
0.001412
0.003512
0.001804
0.002457
0.001154
0.003519
0.001476
0.001410
0.000973
0.000992
0.001562
0.000920
0.002212
0.002353
0.000856
0.001927
0.001977
0.002334
0.001702
0.003202
0.001482
0.001814
0.001562
0.004530
0.001629
0.001643
0.005996
0.002065
0.006237
0.005473
0.005370
0.007918
0.008242
0.004571
0.005732
0.006163
0.001947
0.003188
0.001970
0.003734
0.002193
0.002004
0.005308
0.008291
0.005239
0.002476
0.002354
0.002104
0.003025
0.001802
0.001220
0.004486
0.002544
0.002375
0.001963
0.002446
0.004399
0.004043
0.002511
0.006600
0.001354
0.006859
0.004265
0.006733
0.003929
0.005479
0.001799
0.004137
0.004508
0.002561
0.002578
0.002116
0.007300
0.003414
0.002039
0.003145
0.002083
0.010471
0.006888
0.011625
0.014191
0.012120
0.006577
0.003922
0.009379
0.002620
0.006973
0.010631
0.007333
0.004243
0.008466
0.010386
0.002763
0.005939
0.011690
0.003388
0.006955
0.013182
0.001254
0.014890
0.002807
0.007568
0.011922
0.010293
0.005963
0.011880
0.003994
0.003945
0.007450
0.004058
0.002814
0.009106
0.006538
0.016718
0.006666
0.003239
0.011365
0.006689
0.003659
0.007634
0.010704
0.016435
0.002661
0.007803
0.001736
0.004622
0.007091
0.013272
0.002623
0.006806
0.005933
0.004117
0.005721
0.018396
0.004704
0.007839
0.016654
0.017114
0.002126
0.023706
0.016203
0.019239
0.004180
0.004646
0.011268
0.009548
0.013328
0.006990
0.012809
0.015167
0.018753
0.009362
0.016563
0.013777
0.014056
0.003613
0.016799
0.015008
0.003383
0.013898
0.003824
0.014000
0.011548
0.005741
0.018702
0.018233
0.013314
0.003260
0.016065
0.012697
0.012611
0.007953
0.016455
0.012541
0.010770
0.014906
0.009199
0.011418
0.005566
0.003039
0.014752
0.025964
0.009874
0.024554
0.028769
0.017829
0.008823
396928.091391
0.025977
0.026161
0.015435
0.013246
0.027809
0.019171
0.015098
0.011453
0.023371
0.840473
0.054579
0.011394
0.024579
0.020590
0.016771
0.007686
0.024278
654995.915787
0.005940
0.030396
0.008853
0.022476
0.026358
0.013868
0.036566
0.028682
312013.968864
0.003305
0.035210
0.020216
0.019609
0.013316
0.033963
0.023668
0.016631
0.014316
0.033461
0.022075
0.008368
0.016964
0.025853
0.051166
0.012570
4.047087
8.493682
0.016996
0.022630
195282.105915
0.033905
0.034098
0.026079
0.025149
0.057027
0.025379
483781.052926
0.032738
0.023252
191554.491008
6.000901
0.013764
0.023536
428096.309577
0.032836
0.011203
0.058727
296208.882093
0.009663
0.025769
0.023171
0.028956
0.019554
0.018628
0.056473
0.023280
0.026551
0.009508
0.049101
0.034142
0.026015
0.022445
405152.583881
0.046730
0.029596
0.016601
0.054892
0.033592
0.019039
0.027755
307712.415486
271430.574916
0.023646
5.255294
340543.734074
0.024395
4.165826
331677.409451
85127.920855
0.056021
0.027901
0.029281
8.415217
604663.645444
369046.947839
167571.882323
0.035738
509993.922632
397523.977121
0.019863
0.030088
0.033496
501132.480572
0.017430
4.344659
13.974026
0.016339
0.022969
0.030066
0.033871
0.027924
0.027150
15.562016
423586.668149
0.025749
0.010974
2.514467
0.050682
0.050784
0.029955
10.307854
7.804940
0.027360
0.031652
0.573002
0.031294
0.020661
698252.125003
0.035917
