0.000522 0.000038 0.000545 0.000630 0.000743
0.000941 0.000065 0.000582 0.000560 0.000643
0.000813 0.000062 0.000490 0.000597 0.000778
0.000252 0.000025 0.000239 0.000452 0.000768
0.000465 0.000039 0.000313 0.000372 0.000686
0.000271 0.000024 0.000245 0.000254 0.000661
0.000181 0.000021 0.000165 0.000184 0.000429
0.000163 0.000020 0.000158 0.000194 0.000443
0.000969 0.000076 0.000417 0.000727 0.000928
0.000758 0.000050 0.000504 0.000496 0.000648
0.000084 0.000016 0.000086 0.000160 0.000553
0.001022 0.000071 0.000578 0.000834 0.000955
0.000049 0.000013 0.000072 0.000092 0.000337
0.000225 0.000021 0.000267 0.000295 0.000531
0.000146 0.000020 0.000200 0.000264 0.000517
0.000521 0.000037 0.000346 0.000350 0.000540
0.000152 0.000019 0.000139 0.000187 0.000448
0.000215 0.000023 0.000193 0.000215 0.000448
0.000113 0.000017 0.000116 0.000149 0.000397
0.000173 0.000021 0.000190 0.000194 0.000425
0.000125 0.000018 0.000125 0.000189 0.000483
0.000220 0.000022 0.000226 0.000270 0.000551
0.000420 0.000036 0.000222 0.000346 0.000717
0.000095 0.000017 0.000110 0.000160 0.000422
0.000300 0.000026 0.000249 0.000274 0.000494
0.000426 0.000032 0.000291 0.000265 0.000485
0.001804 0.000187 0.001141 0.001227 0.001003
0.000414 0.000029 0.000300 0.000307 0.000522
0.000416 0.000032 0.000252 0.000312 0.000560
0.000133 0.000019 0.000162 0.000190 0.000438
0.000819 0.000050 0.000636 0.000669 0.000736
0.001669 0.000171 0.001375 0.001387 0.001114
0.000228 0.000022 0.000184 0.000258 0.000548
0.000321 0.000032 0.000213 0.000218 0.000508
0.000099 0.000016 0.000110 0.000120 0.000367
0.000108 0.000016 0.000098 0.000132 0.000391
0.000436 0.000037 0.000491 0.000642 0.000804
0.000352 0.000034 0.000240 0.000335 0.000631
0.000889 0.000061 0.000899 0.000949 0.000865
0.000906 0.000062 0.000753 0.000753 0.000775
0.000970 0.000100 0.000961 0.000731 0.000946
0.000288 0.000030 0.000208 0.000340 0.000637
0.000039 0.000013 0.000057 0.000083 0.000345
0.000696 0.000044 0.000591 0.000609 0.000717
0.000054 0.000014 0.000086 0.000118 0.000364
0.000239 0.000022 0.000189 0.000223 0.000478
0.000020 0.000013 0.000030 0.000052 0.000304
0.000166 0.000020 0.000157 0.000192 0.000423
0.000023 0.000014 0.000056 0.000091 0.000351
0.000099 0.000016 0.000136 0.000177 0.000445
0.000857 0.000061 0.000525 0.000398 0.000720
0.000984 0.000080 0.000963 0.001013 0.001003
0.000673 0.000042 0.000621 0.000624 0.000663
0.000208 0.000023 0.000120 0.000130 0.000432
0.000709 0.000061 0.000509 0.000731 0.001121
0.002198 0.000228 0.001210 0.002802 0.002845
0.000393 0.000028 0.000416 0.000495 0.000668
0.001272 0.000099 0.001186 0.001328 0.001069
0.000976 0.000068 0.000383 0.000445 0.000689
0.000702 0.000050 0.000385 0.000391 0.000581
0.000686 0.000046 0.000822 0.001022 0.001005
0.000700 0.000070 0.000475 0.000642 0.000832
0.000610 0.000043 0.000377 0.000432 0.000614
0.000391 0.000032 0.000257 0.000252 0.000483
0.000289 0.000025 0.000158 0.000278 0.000657
0.000913 0.000055 0.000829 0.000896 0.000882
0.001356 0.000110 0.000826 0.000769 0.000866
0.000101 0.000016 0.000150 0.000150 0.000418
0.001426 0.000121 0.001037 0.001047 0.000909
0.000039 0.000014 0.000073 0.000088 0.000368
0.001959 0.000191 0.001363 0.001345 0.000888
0.000236 0.000026 0.000334 0.000280 0.000659
0.000572 0.000041 0.000405 0.000383 0.000541
0.000442 0.000034 0.000397 0.000416 0.000615
0.000264 0.000027 0.000196 0.000349 0.000744
0.001447 0.000123 0.000961 0.001561 0.001363
0.000244 0.000024 0.000221 0.000257 0.000516
0.000568 0.000037 0.000329 0.000304 0.000503
0.000526 0.000038 0.000347 0.000372 0.000625
0.001949 0.000217 0.002276 0.003177 0.001746
0.000288 0.000027 0.000320 0.000411 0.000678
0.000660 0.000056 0.000415 0.000412 0.000603
0.000825 0.000061 0.000641 0.000818 0.000919
0.000912 0.000058 0.000754 0.000743 0.000761
0.000403 0.000033 0.000326 0.000357 0.000586
0.000119 0.000017 0.000134 0.000182 0.000438
0.000023 0.000013 0.000042 0.000053 0.000348
0.002211 0.000246 0.001500 0.001309 0.000980
0.000531 0.000059 0.000424 0.000610 0.000877
0.000188 0.000022 0.000208 0.000277 0.000529
0.001416 0.000118 0.001170 0.001143 0.000875
0.000555 0.000041 0.000399 0.000419 0.000587
0.001286 0.000114 0.000908 0.000906 0.000966
0.001027 0.000076 0.000596 0.000782 0.000940
0.002000 0.000205 0.001619 0.001784 0.001260
0.000689 0.000050 0.000472 0.000516 0.000695
0.000100 0.000016 0.000098 0.000148 0.000414
0.001143 0.000088 0.001035 0.000945 0.000865
0.000268 0.000026 0.000172 0.000209 0.000511
0.000890 0.000065 0.000798 0.000798 0.000796
0.000858 0.000053 0.000669 0.000678 0.000736
0.000727 0.000041 0.000619 0.000687 0.000809
0.000530 0.000042 0.000325 0.000358 0.000583
0.001034 0.000078 0.000786 0.000723 0.000740
0.000333 0.000028 0.000258 0.000256 0.000476
0.000271 0.000025 0.000190 0.000237 0.000491
0.000546 0.000042 0.000324 0.000257 0.000511
0.000858 0.000055 0.000565 0.000602 0.000734
0.000673 0.000054 0.000518 0.000626 0.000779
0.000627 0.000049 0.000413 0.000725 0.001008
0.002768 0.000331 0.002917 0.002869 0.001337
0.001920 0.000210 0.001451 0.001739 0.001174
0.001642 0.000150 0.001103 0.001111 0.000831
0.000817 0.000050 0.000567 0.000618 0.000778
0.001923 0.000191 0.001267 0.001122 0.000877
0.001604 0.000158 0.001110 0.000959 0.000848
0.000251 0.000024 0.000185 0.000234 0.000484
0.001724 0.000171 0.001630 0.001624 0.001051
0.003239 0.000417 0.003218 0.005881 0.003347
0.001722 0.000160 0.001600 0.001756 0.001177
0.001642 0.000144 0.001473 0.001470 0.000940
0.002344 0.000246 0.001868 0.001867 0.001034
0.000419 0.000033 0.000301 0.000297 0.000536
0.000094 0.000015 0.000090 0.000099 0.000393
0.002500 0.000284 0.001734 0.001655 0.001123
0.000120 0.000019 0.000164 0.000178 0.000463
0.000501 0.000035 0.000309 0.000495 0.000750
0.001020 0.000069 0.000979 0.000941 0.000957
0.000477 0.000033 0.000427 0.000479 0.000716
0.001304 0.000107 0.001122 0.001079 0.000887
0.000624 0.000044 0.000438 0.000543 0.000689
0.000659 0.000048 0.000368 0.000378 0.000584
0.001807 0.000174 0.002156 0.002296 0.001396
0.001952 0.000194 0.000991 0.001165 0.001322
0.003661 0.000495 0.002175 0.001899 0.001216
0.001634 0.000148 0.001317 0.001468 0.000978
0.001982 0.000205 0.001328 0.001584 0.001181
0.000800 0.000064 0.000485 0.000633 0.000761
0.002234 0.000244 0.001498 0.001547 0.001673
0.000753 0.000045 0.000564 0.000534 0.000886
0.001725 0.000176 0.001306 0.001407 0.000999
0.000748 0.000055 0.000575 0.000499 0.000650
0.000158 0.000019 0.000185 0.000257 0.000547
0.000114 0.000017 0.000135 0.000184 0.000433
0.001183 0.000091 0.000977 0.000985 0.000884
0.000311 0.000027 0.000307 0.000315 0.000557
0.001252 0.000106 0.000876 0.000889 0.000874
0.000378 0.000035 0.000258 0.000298 0.000558
0.000934 0.000065 0.000548 0.000432 0.000628
0.001553 0.000127 0.001255 0.001291 0.000951
0.002585 0.000291 0.001945 0.002136 0.002222
0.001201 0.000085 0.000832 0.000886 0.000904
0.000656 0.000043 0.000458 0.000528 0.000652
0.001105 0.000082 0.000761 0.000724 0.000712
0.001473 0.000214 0.001464 0.002112 0.001918
0.000125 0.000017 0.000115 0.000158 0.000429
0.002134 0.000251 0.001668 0.001793 0.001164
0.002716 0.000319 0.002938 0.002870 0.001292
0.001485 0.000135 0.001633 0.001847 0.001124
0.000597 0.000049 0.000512 0.000720 0.000961
0.000717 0.000052 0.000359 0.000348 0.000596
0.000502 0.000035 0.000431 0.000489 0.000654
0.001992 0.000197 0.001692 0.001902 0.001466
0.001639 0.000135 0.001554 0.001777 0.001405
0.002066 0.000200 0.000825 0.000872 0.000930
0.003182 0.000411 0.002064 0.002141 0.001171
0.002114 0.000282 0.003657 0.004501 0.002170
0.002839 0.000369 0.001692 0.002085 0.001678
0.000601 0.000042 0.000511 0.000563 0.000771
0.002444 0.000264 0.002309 0.002871 0.001638
0.004797 0.000645 0.003575 0.006322 0.006133
0.000443 0.000059 0.000351 0.000511 0.000942
0.001975 0.000200 0.001795 0.002043 0.001330
0.000606 0.000053 0.000506 0.000508 0.000700
0.001869 0.000201 0.001558 0.001426 0.001238
0.002995 0.000378 0.002633 0.004088 0.003928
0.001882 0.000200 0.001596 0.001748 0.001364
0.002967 0.000379 0.002419 0.005393 0.003990
0.001766 0.000163 0.001632 0.001801 0.001252
0.003274 0.000365 0.003454 0.003071 0.001488
0.000667 0.000051 0.000341 0.000447 0.000739
0.000981 0.000087 0.000599 0.000799 0.001099
0.003572 0.000431 0.006520 0.006543 0.002310
0.002966 0.000411 0.002134 0.002164 0.001219
0.003318 0.000455 0.003221 0.003116 0.002045
0.001052 0.000070 0.000735 0.000809 0.000996
0.001396 0.000124 0.000964 0.000932 0.000832
0.000385 0.000028 0.000345 0.000305 0.000556
0.001184 0.000088 0.000857 0.000866 0.000866
0.002105 0.000223 0.001857 0.001952 0.001100
0.004217 0.000504 0.004616 0.004651 0.001999
0.000612 0.000043 0.000430 0.000495 0.000731
0.000972 0.000100 0.000973 0.000971 0.000905
0.001242 0.000104 0.000923 0.000987 0.000898
0.003377 0.000393 0.003605 0.003114 0.001456
0.001826 0.000173 0.001572 0.001606 0.000984
0.002979 0.000350 0.002229 0.002378 0.001328
0.000904 0.000055 0.000649 0.000628 0.000701
0.002606 0.000307 0.002642 0.003818 0.002277
0.001148 0.000106 0.001219 0.001298 0.001194
0.001262 0.000095 0.000891 0.000901 0.000853
0.000649 0.000046 0.000505 0.000488 0.000649
0.000704 0.000056 0.000294 0.000467 0.000757
0.001461 0.000153 0.001088 0.001396 0.001031
0.000589 0.000040 0.000487 0.000587 0.000741
0.002519 0.000286 0.001492 0.001153 0.000847
0.002845 0.000333 0.001487 0.001877 0.001178
0.000464 0.000037 0.000348 0.000360 0.000857
0.002024 0.000201 0.001659 0.001650 0.000935
0.002068 0.000215 0.001806 0.001680 0.001011
0.002794 0.000347 0.001935 0.002382 0.001783
0.001701 0.000175 0.001050 0.001157 0.000960
0.003021 0.000342 0.002505 0.003440 0.002093
0.001150 0.000097 0.001031 0.001293 0.001200
0.001856 0.000191 0.001105 0.000823 0.000881
0.001476 0.000141 0.000858 0.000656 0.000751
0.003142 0.000383 0.002501 0.004912 0.003528
0.001038 0.000096 0.000888 0.001446 0.001340
0.001590 0.000144 0.001226 0.001253 0.000933
0.005225 0.000676 0.006266 0.005601 0.002537
0.002069 0.000238 0.001728 0.002124 0.002047
0.004557 0.000556 0.005171 0.006647 0.002640
0.003803 0.000478 0.005796 0.004687 0.002029
0.002936 0.000345 0.004149 0.005775 0.002503
0.004314 0.000537 0.008245 0.007966 0.002851
0.004682 0.000542 0.008581 0.007665 0.003018
0.004000 0.000476 0.004782 0.003786 0.001634
0.004906 0.000600 0.006079 0.004457 0.001643
0.005279 0.000655 0.006447 0.005057 0.002595
0.002032 0.000234 0.001649 0.001976 0.001370
0.003954 0.000489 0.002537 0.002451 0.001470
0.002109 0.000224 0.001475 0.001343 0.000943
0.004079 0.000507 0.003874 0.003708 0.001856
0.002495 0.000290 0.001587 0.001372 0.001194
0.002169 0.000224 0.001562 0.001637 0.001083
0.004023 0.000491 0.005576 0.004768 0.002193
0.002928 0.000418 0.006935 0.008718 0.003150
0.003902 0.000503 0.005541 0.005286 0.002630
0.002989 0.000362 0.001772 0.001630 0.000925
0.002788 0.000307 0.001849 0.001892 0.001079
0.002234 0.000236 0.002089 0.002260 0.001163
0.003010 0.000372 0.002500 0.003248 0.001806
0.001821 0.000182 0.001580 0.001467 0.000953
0.000807 0.000055 0.000943 0.000947 0.000852
0.004829 0.000609 0.004689 0.003214 0.001793
0.003127 0.000381 0.002116 0.002382 0.001266
0.002781 0.000336 0.002397 0.001794 0.001245
0.002087 0.000203 0.001485 0.001547 0.001255
0.002995 0.000356 0.001247 0.001282 0.001556
0.003452 0.000419 0.004625 0.004425 0.001876
0.002240 0.000242 0.003555 0.004411 0.002260
0.003147 0.000364 0.001426 0.001497 0.001975
0.004920 0.000606 0.006922 0.006414 0.002612
0.001165 0.000101 0.000768 0.000880 0.000916
0.004598 0.000602 0.007140 0.004775 0.003191
0.002274 0.000333 0.002561 0.004645 0.002482
0.007580 0.000951 0.006680 0.005220 0.003206
0.004714 0.000603 0.004067 0.004267 0.004379
0.006342 0.000832 0.004713 0.003674 0.002410
0.001832 0.000199 0.001419 0.001347 0.000969
0.004748 0.000639 0.003834 0.004502 0.002675
0.003162 0.000402 0.003688 0.004903 0.003224
0.002489 0.000269 0.002345 0.002788 0.001448
0.003182 0.000408 0.002389 0.001976 0.001319
0.002354 0.000249 0.001787 0.001822 0.001109
0.005197 0.000575 0.007648 0.006109 0.002550
0.003406 0.000434 0.003540 0.003698 0.001793
0.002234 0.000231 0.001686 0.001874 0.001089
0.003908 0.000511 0.003082 0.002732 0.001906
0.002302 0.000257 0.001877 0.001866 0.001038
0.005687 0.000743 0.010875 0.007724 0.007450
0.004208 0.000741 0.005144 0.007367 0.006760
0.007331 0.000971 0.012191 0.010568 0.003719
0.004866 0.000587 0.014735 0.009806 0.003117
0.008182 0.000955 0.012610 0.008387 0.002788
0.003620 0.000513 0.004294 0.006995 0.003630
0.003990 0.000498 0.004096 0.003870 0.001834
0.006357 0.000909 0.009690 0.007444 0.003021
0.003300 0.000449 0.002064 0.002418 0.001501
0.007811 0.000969 0.005728 0.005301 0.002312
0.005745 0.000676 0.011163 0.007749 0.002681
0.007474 0.000961 0.007626 0.004691 0.001840
0.004243 0.000497 0.004429 0.004387 0.002449
0.004411 0.000532 0.008824 0.006541 0.003083
0.007370 0.001005 0.010705 0.006082 0.002770
0.003037 0.000352 0.002787 0.002523 0.001428
0.003404 0.000450 0.006257 0.005617 0.003486
0.006355 0.000906 0.012044 0.006307 0.003038
0.004139 0.000519 0.002726 0.002658 0.001232
0.007214 0.000981 0.007340 0.005410 0.002290
0.006671 0.000807 0.013546 0.008287 0.002845
0.001046 0.000094 0.000758 0.000961 0.000908
0.006437 0.000838 0.015315 0.010525 0.004636
0.003318 0.000456 0.002864 0.002483 0.001664
0.003347 0.000420 0.006347 0.008013 0.004150
0.005105 0.000664 0.012442 0.008984 0.002475
0.007097 0.000943 0.010706 0.006125 0.002309
0.006292 0.000742 0.006235 0.003979 0.001931
0.005280 0.000665 0.012431 0.009740 0.003803
0.002478 0.000313 0.004178 0.004285 0.001868
0.003906 0.000493 0.003945 0.004327 0.002662
0.005281 0.000688 0.007908 0.005488 0.001989
0.003978 0.000475 0.004246 0.003785 0.001667
0.003368 0.000411 0.002515 0.003041 0.002032
0.004374 0.000520 0.009457 0.007196 0.002380
0.004459 0.000532 0.006864 0.006059 0.002762
0.004943 0.000645 0.014471 0.017301 0.005459
0.003363 0.000434 0.005284 0.007088 0.003153
0.003413 0.000420 0.003307 0.003178 0.001699
0.005305 0.000677 0.011826 0.007505 0.002410
0.003760 0.000480 0.004758 0.007106 0.002868
0.003456 0.000437 0.003808 0.003638 0.001501
0.005056 0.000584 0.007970 0.005920 0.002665
0.007358 0.000879 0.011154 0.008566 0.003018
0.008511 0.001057 0.004572 0.017085 0.012633
0.003382 0.000442 0.001485 0.001685 0.002327
0.006102 0.000779 0.008088 0.005070 0.002158
0.001827 0.000191 0.001139 0.001392 0.001976
0.002933 0.000328 0.003214 0.005056 0.002388
0.003790 0.000476 0.007400 0.005694 0.002013
0.006855 0.000874 0.013815 0.008630 0.002661
0.003306 0.000410 0.002203 0.002233 0.001171
0.003893 0.000494 0.007154 0.007253 0.003231
0.006051 0.000731 0.006230 0.005185 0.002682
0.002531 0.000286 0.003654 0.004498 0.002013
0.004961 0.000574 0.006024 0.004989 0.001957
0.006613 0.000953 0.018989 0.010328 0.003386
0.004979 0.000641 0.003760 0.005108 0.004339
0.004680 0.000633 0.007637 0.008280 0.002657
0.006089 0.000761 0.017252 0.013443 0.003591
0.007928 0.001004 0.017523 0.011245 0.004074
0.002407 0.000238 0.001668 0.001797 0.001235
0.023388 0.002386 0.019139 0.009334 0.002506
0.005663 0.000693 0.016754 0.014614 0.005509
0.008211 0.001142 0.019857 0.011435 0.003290
0.002535 0.000314 0.004385 0.004514 0.001995
0.004694 0.000563 0.004883 0.004022 0.001790
0.005489 0.000669 0.011590 0.011779 0.004276
0.003438 0.000439 0.006234 0.010012 0.005177
0.007921 0.001205 0.013690 0.006667 0.002945
0.004180 0.000536 0.007300 0.005959 0.002214
0.006053 0.000857 0.013239 0.011853 0.005040
0.008599 0.001266 0.015719 0.008539 0.002517
0.006322 0.000850 0.019337 0.010977 0.002891
0.005458 0.000633 0.009700 0.006562 0.002520
0.006357 0.000969 0.017124 0.010519 0.002556
0.007478 0.000973 0.014044 0.014292 0.004327
0.007457 0.000977 0.008099 0.014555 0.008340
0.002996 0.000364 0.003813 0.003849 0.001751
0.007423 0.000968 0.017451 0.012563 0.003028
0.011216 0.001518 0.015358 0.006999 0.001809
0.003380 0.000422 0.003484 0.003032 0.001261
0.005894 0.000740 0.014275 0.012144 0.004544
0.004626 0.000594 0.001917 0.002997 0.003451
0.005772 0.000677 0.014508 0.012563 0.004468
0.005434 0.000637 0.009406 0.012055 0.003991
0.004234 0.000498 0.005317 0.006152 0.005037
0.011776 0.001571 0.015972 0.019304 0.005447
0.006674 0.000875 0.018647 0.011340 0.003315
0.005119 0.000636 0.013861 0.010370 0.002825
0.003057 0.000364 0.003322 0.002604 0.001191
0.007399 0.001075 0.016635 0.008774 0.002337
0.004712 0.000591 0.013261 0.009295 0.003011
0.010187 0.001399 0.012986 0.005934 0.001863
0.005251 0.000687 0.008367 0.006919 0.003669
0.008232 0.001179 0.016855 0.009511 0.002191
0.006626 0.000922 0.013082 0.008948 0.002981
0.004945 0.000617 0.008586 0.011310 0.005795
0.005432 0.000675 0.013919 0.015430 0.004968
0.004103 0.000501 0.009527 0.007561 0.002722
0.005485 0.000667 0.011783 0.008072 0.003196
0.003897 0.000484 0.005296 0.005984 0.002756
0.002848 0.000312 0.002548 0.003258 0.001987
0.005235 0.000638 0.015301 0.013702 0.004818
0.007205 0.000950 0.026640 0.017534 0.005677
0.004653 0.000618 0.008588 0.010359 0.004887
0.014406 0.001587 0.025092 0.024456 0.008047
0.011246 0.001424 0.029180 0.022878 0.007120
0.006242 0.000793 0.016508 0.018429 0.006734
0.008287 0.001135 0.009119 0.006788 0.003282
14.928096 3.510168 3.162033 0.719026 0.071576
0.007510 0.001112 0.026638 0.025244 0.007352
0.012693 0.001633 0.026714 0.012130 0.003184
0.005393 0.000689 0.015814 0.010282 0.002893
0.011287 0.001497 0.013614 0.008786 0.003250
0.014672 0.001886 0.028517 0.018816 0.005274
0.007046 0.000943 0.017855 0.019778 0.007625
0.011181 0.001546 0.015633 0.010466 0.002955
0.011526 0.001634 0.011795 0.006347 0.001778
0.011494 0.001562 0.024041 0.013014 0.002658
0.024351 0.002446 0.840577 0.060060 0.028362
0.011945 0.001664 0.054097 0.021494 0.004764
0.007118 0.000840 0.011846 0.007109 0.002663
0.008143 0.001191 0.025163 0.016490 0.004126
0.013877 0.001842 0.016782 0.021199 0.007391
0.017384 0.002262 0.017330 0.017090 0.007246
0.003317 0.000402 0.005312 0.008131 0.003803
0.022303 0.002027 0.024591 0.023662 0.005853
19.089470 4.842408 4.725522 1.724475 0.356601
0.003597 0.000444 0.006247 0.005835 0.002311
0.009103 0.001200 0.030966 0.019907 0.006006
0.009655 0.001336 0.007507 0.006765 0.002905
0.007625 0.001028 0.021705 0.023146 0.007747
0.007626 0.000996 0.008585 0.027033 0.011292
0.005706 0.000792 0.007238 0.014481 0.006207
0.034946 0.002354 0.031644 0.037218 0.007614
0.013517 0.001800 0.029251 0.017485 0.003387
0.007259 0.002043 0.023161 0.015312 0.030447
0.002464 0.000330 0.003408 0.003189 0.002704
0.008936 0.001213 0.035731 0.027254 0.006267
0.006146 0.000816 0.020867 0.014231 0.003783
0.012417 0.001532 0.020040 0.010877 0.003310
0.008071 0.001192 0.013705 0.009637 0.003833
0.015252 0.001657 0.034103 0.020061 0.004629
0.008494 0.001307 0.024243 0.012580 0.004144
0.005943 0.000776 0.011983 0.017241 0.006884
0.008202 0.001015 0.011966 0.014846 0.005766
0.009257 0.001214 0.033943 0.022159 0.006840
0.012161 0.001500 0.022581 0.017713 0.005735
0.006552 0.000886 0.008686 0.007331 0.002867
0.006108 0.000789 0.017091 0.017557 0.005775
0.010581 0.001366 0.026276 0.023250 0.007816
0.011607 0.001629 0.050621 0.021922 0.005160
0.006071 0.000716 0.010774 0.013088 0.006164
4.047640 0.052609 0.055375 0.019743 0.013004
0.024589 0.092202 8.782725 2.384512 0.442020
0.008218 0.001163 0.016608 0.017582 0.005466
0.012075 0.001395 0.023057 0.010853 0.003268
0.039360 0.006415 2.674795 0.347616 1.642030
0.019568 0.001992 0.034430 0.034625 0.009470
0.015640 0.001860 0.034658 0.015713 0.004583
0.006684 0.000861 0.021295 0.026781 0.005540
0.010941 0.001366 0.025595 0.017082 0.004955
0.031230 0.003058 0.056424 0.029172 0.008234
0.009552 0.001206 0.020564 0.026091 0.008347
0.023031 0.002142 0.040320 0.027795 0.010807
0.031699 0.002441 0.018400 0.008509 0.002013
0.020710 0.002154 0.023839 0.011387 0.002316
1.067415 1.313185 12.799411 2.911184 0.416543
0.022862 0.070556 6.654621 0.826261 0.052804
0.009312 0.001189 0.014277 0.010320 0.004376
0.015661 0.001781 0.023984 0.019036 0.004917
0.023491 0.002224 0.057470 0.027606 0.017768
0.031573 0.002990 0.011203 0.009299 0.005426
0.004985 0.000689 0.011610 0.011717 0.005956
0.036877 0.002371 0.058280 0.041588 0.007903
10.113133 1.208650 2.529549 0.098800 0.044366
0.004982 0.000629 0.008937 0.010155 0.004581
0.014403 0.001953 0.026205 0.021539 0.005559
0.007076 0.000997 0.016904 0.023841 0.006489
0.010834 0.001552 0.024153 0.029694 0.009531
0.011032 0.001591 0.012020 0.020226 0.009824
0.010135 0.001346 0.015385 0.019224 0.007084
0.033728 0.002774 0.055845 0.038027 0.006513
0.015091 0.001893 0.023945 0.020236 0.005465
0.006738 0.000961 0.027193 0.015762 0.002718
0.004258 0.000510 0.009252 0.009949 0.004061
0.012153 0.001592 0.048793 0.038011 0.007525
0.010615 0.001367 0.034515 0.019841 0.005169
0.020006 0.001952 0.026421 0.012496 0.005340
0.011033 0.001470 0.023079 0.014355 0.004363
0.020796 0.003515 0.697149 0.070669 0.038498
0.007784 0.001300 0.046278 0.019844 0.004035
0.007860 0.001173 0.030210 0.025942 0.007223
0.016947 0.001999 0.012247 0.015960 0.005726
0.018645 0.001927 0.054497 0.026969 0.006719
0.032609 0.002602 0.028897 0.027394 0.008706
0.008346 0.001067 0.019647 0.010737 0.004648
0.009825 0.001339 0.028360 0.016579 0.005152
0.010399 0.001787 0.021536 0.362476 0.851111
1.023152 2.307531 16.077478 6.799777 1.932010
0.007428 0.000946 0.019668 0.024305 0.008731
5.299918 0.201234 1.117143 0.037007 0.022248
23.572595 5.443027 16.202749 1.927306 0.637066
0.011085 0.001840 0.022035 0.025062 0.005841
0.017634 0.002655 4.394956 0.172757 0.077715
24.089231 2.865337 4.392355 2.111582 0.623844
7.163538 0.458513 0.794894 0.041317 0.035621
0.016118 0.002248 0.055577 0.023719 0.004789
0.009580 0.001617 0.028562 0.026762 0.006821
0.015872 0.001930 0.029843 0.017406 0.004282
8.423482 0.495694 0.943412 0.040812 0.049334
0.010554 0.001572 0.021336 0.027958 0.008715
0.040503 0.002646 0.047764 0.031403 0.005009
8.567061 1.263311 1.485300 0.046902 0.051226
0.034728 0.002452 0.022143 0.015361 0.003758
0.013865 0.003865 0.101880 0.030420 0.004978
8.296816 0.106481 2.585406 0.061707 0.045273
0.013299 0.001626 0.020515 0.017296 0.005327
0.021480 0.001996 0.030539 0.023780 0.005998
0.032415 0.002353 0.028502 0.011336 0.003847
11.523821 0.166103 0.618981 0.067528 0.069767
0.008024 0.001072 0.011454 0.018000 0.008186
4.375544 0.108782 0.080250 0.044487 0.016781
14.681223 3.272472 5.099102 0.637610 0.278648
0.005841 0.000802 0.016738 0.010392 0.003371
0.022632 0.002588 0.022602 0.019955 0.006030
0.009933 0.001207 0.018150 0.030794 0.009755
0.014718 0.002071 0.032394 0.034636 0.010732
0.021057 0.002403 0.014805 0.028608 0.011762
0.012497 0.002239 0.019207 0.027806 0.011123
16.021044 2.260013 2.769071 0.322496 0.066646
0.013575 0.002163 0.030916 0.028458 0.006358
0.011346 0.001697 0.026369 0.016345 0.005454
0.008443 0.001078 0.011535 0.011173 0.005209
0.020039 0.003927 2.708517 0.109859 0.051435
0.010978 0.001292 0.050673 0.027603 0.005762
0.021285 0.001763 0.050327 0.021849 0.007477
0.009029 0.001860 0.030564 0.018079 0.006521
0.029986 0.272794 11.206202 1.076069 0.284112
0.009319 0.053023 8.131239 2.305083 0.343248
0.012197 0.001647 0.027959 0.023024 0.004349
0.030679 0.002713 0.013842 0.018129 0.005999
0.021423 0.004618 0.572919 0.052378 0.016788
0.029519 0.002210 0.030631 0.032070 0.009152
0.009320 0.001315 0.021253 0.011758 0.002662
0.011126 0.001476 0.024147 0.106191 0.047011
0.019991 0.002112 0.025077 0.036537 0.009992
