0.246062
0.225282
0.197594
0.185518
0.224968
0.181616
0.187819
0.237524
0.224968
0.181616
0.185188
0.201042
0.188746
0.211331
0.234634
0.258859
0.201371
0.248790
0.185188
0.201042
0.189185
0.214017
0.268889
0.228311
0.236595
0.284215
0.182871
0.210809
0.183742
0.179485
0.188916
0.232650
0.179166
0.188675
0.188746
0.211331
0.182871
0.210809
0.178437
0.218985
0.246062
0.225282
0.251714
0.222603
0.202515
0.202254
0.290906
0.186199
0.234634
0.258859
0.262334
0.238883
0.181667
0.180835
0.289526
0.255293
0.181931
0.207244
0.172135
0.198696
0.180517
0.195167
0.221276
0.272658
0.180456
0.254370
0.242342
0.246267
0.190073
0.193850
0.236412
0.240775
0.222607
0.210650
0.197413
0.222240
0.218724
0.249520
0.260045
0.269948
0.197413
0.222240
0.226319
0.192090
0.242031
0.332841
0.231016
0.253315
0.182390
0.230045
0.202496
0.216774
0.202535
0.197333
0.285884
0.187423
0.285884
0.187423
0.272474
0.249066
0.217826
0.193229
0.182390
0.230045
0.190831
0.182195
0.226319
0.192090
0.185734
0.219271
0.179385
0.177619
0.290970
0.192001
0.192908
0.213450
0.290254
0.249200
0.183962
0.204050
0.187443
0.262997
0.281043
0.304021
0.275225
0.231445
0.187443
0.262997
0.249710
0.484088
0.252685
0.222146
0.204024
0.253628
0.260334
0.229905
0.180682
0.216967
0.226995
0.236278
0.196866
0.272763
0.230071
0.227060
0.190486
0.245312
0.231638
0.223366
0.194854
0.225665
0.233328
0.220127
0.190396
0.252971
0.246970
0.263964
0.236179
0.229920
0.283215
0.223699
0.209686
0.207941
0.221099
0.238201
0.196736
0.266658
0.194854
0.225665
0.249244
0.238584
0.249244
0.238584
0.261517
0.229901
0.200696
0.272909
0.261517
0.229901
0.253656
0.238168
0.301888
0.251821
0.289569
0.259757
0.246613
0.202700
0.248071
0.272769
0.243017
0.231364
0.222591
0.242552
0.274962
0.225762
0.238750
0.191895
0.221927
0.271166
0.203068
0.263988
0.207109
0.203899
0.290966
0.331248
0.207109
0.203899
0.278198
0.280748
0.240795
0.265532
0.247192
0.254250
0.220576
0.281665
0.243096
0.230643
0.238835
0.248575
0.238709
0.265015
0.228604
0.241110
0.236496
0.228145
0.228604
0.241110
0.258455
0.277237
0.234355
0.210428
0.250187
0.220184
0.278198
0.280748
0.311779
0.238108
0.268708
0.268701
0.294269
0.274948
0.355667
0.293649
0.271413
0.282694
0.249152
0.237215
0.223581
0.271068
0.223581
0.271068
0.232961
0.225153
0.255278
0.283690
0.283606
0.283814
0.283250
0.252679
0.279046
0.286400
0.221680
0.237828
0.281716
0.278149
0.229411
0.287618
0.288957
0.223710
0.242958
0.272811
0.251435
0.517381
0.523059
0.471459
0.236562
0.255274
0.268271
0.255733
0.270064
0.301907
0.255278
0.283690
0.243949
0.251926
0.263538
0.309551
0.259435
0.258920
0.287040
0.256866
0.291102
0.284201
0.271310
0.228196
0.274133
0.255638
0.274951
0.244643
0.281085
0.228703
0.275201
0.285389
0.233378
0.297609
0.233056
0.313747
0.245691
0.293670
0.290773
0.309748
0.232892
0.261186
0.297092
0.322169
0.330417
0.271824
0.241327
0.271164
0.287050
0.283481
0.313714
0.240396
0.302695
0.252397
0.284517
0.229902
0.308972
0.281411
0.280120
0.258703
0.287050
0.283481
0.274086
0.264188
0.274086
0.264188
0.247610
0.257143
0.319543
0.228681
0.271980
0.271227
0.269051
0.238751
0.279673
0.284078
0.314949
0.265165
0.280120
0.258703
0.535349
0.321730
0.330417
0.271824
0.261747
0.270942
0.225063
0.294717
0.302695
0.252397
0.259868
0.257182
0.251815
0.298992
0.316454
0.330829
0.323119
0.306151
0.324366
0.299261
0.270683
0.323264
0.318222
0.308116
0.318352
0.294112
0.295991
0.303879
0.325911
0.229861
0.293825
0.315716
0.717162
0.592015
0.287738
0.274882
0.311212
0.297662
0.325911
0.229861
0.223005
0.327306
0.306296
0.309810
0.318352
0.294112
0.566118
0.488718
0.244234
0.313936
0.325911
0.229861
0.277398
0.300051
0.295006
0.299632
0.254846
0.309812
0.304822
0.266843
0.297210
0.220638
0.295006
0.299632
0.259868
0.257182
0.274058
0.312709
0.254846
0.309812
0.315857
0.328498
0.301919
0.297781
0.336520
0.335901
0.328016
0.334982
0.330070
0.287711
0.299183
0.307035
0.390190
0.314722
0.305588
0.298070
0.300913
0.297000
0.285779
0.295753
0.327800
0.306961
0.551565
0.450506
0.315426
0.482024
0.507817
0.296421
0.285779
0.295753
0.254943
0.305194
0.329448
0.306720
0.305588
0.298070
0.465644
0.477182
0.282748
1.946029
0.285779
0.295753
0.314808
0.282255
0.312695
0.327599
0.288366
0.323719
0.319995
0.287652
0.322675
0.290789
0.312695
0.327599
0.315857
0.328498
0.298622
0.305405
0.288366
0.323719
0.305013
0.305010
0.301867
0.295432
0.318246
0.833657
0.339086
0.349622
0.354081
0.283477
0.336669
0.342151
0.361076
0.342942
0.281232
0.278345
0.286446
0.309995
0.293830
0.330986
0.335268
0.342521
0.296392
0.334892
0.403974
0.275135
0.364849
0.322574
0.293830
0.330986
0.321557
0.352118
0.326389
0.325677
0.281232
0.278345
0.360357
0.565158
0.299467
0.733662
0.293830
0.330986
0.316452
0.807932
0.506024
0.336826
0.315464
0.901701
0.311450
0.304625
0.303407
0.273297
0.506024
0.336826
0.305013
0.305010
0.319294
0.306799
0.315464
0.901701
0.298815
0.299451
0.304554
0.298579
0.326962
0.330244
0.300779
0.338774
1.066258
0.558489
0.303391
0.322743
0.366087
0.372785
0.271097
0.313778
1.181072
0.322819
0.309723
0.333206
0.330528
0.963758
0.373146
0.370038
0.328365
0.573472
0.509981
0.329715
0.309723
0.333206
0.264331
0.349149
0.336756
0.339788
0.271097
0.313778
0.458208
0.469665
0.549528
0.663759
0.309723
0.333206
1.866166
0.548892
0.348719
0.340030
0.294059
0.559036
0.332865
0.281436
0.884216
0.296721
0.348719
0.340030
0.298815
0.299451
0.309866
0.334107
0.294059
0.559036
