0.181975
0.182248
0.150158
0.113028
0.174507
0.109684
0.123587
0.195444
0.174507
0.109684
0.110910
0.160909
0.145888
0.152189
0.175746
0.200412
0.142500
0.189071
0.110910
0.160909
0.124296
0.143271
0.203791
0.175942
0.199314
0.207188
0.116587
0.139187
0.090701
0.098842
0.130668
0.169077
0.087757
0.131360
0.145888
0.152189
0.116587
0.139187
0.099571
0.181570
0.181975
0.182248
0.198261
0.154423
0.149006
0.147170
0.204474
0.118396
0.175746
0.200412
0.203609
0.205112
0.103159
0.112244
0.208928
0.198994
0.096921
0.165080
0.071952
0.133255
0.087525
0.131896
0.171353
0.206547
0.105600
0.203596
0.207375
0.184903
0.133048
0.143491
0.211492
0.207997
0.147074
0.135825
0.128646
0.158065
0.177688
0.204115
0.206872
0.204977
0.128646
0.158065
0.179027
0.139065
0.207388
0.202225
0.208286
0.205438
0.105278
0.174153
0.170807
0.205035
0.155701
0.163143
0.203201
0.126717
0.203201
0.126717
0.206047
0.177944
0.187038
0.138865
0.105278
0.174153
0.123598
0.103272
0.179027
0.139065
0.125635
0.163785
0.109751
0.095074
0.203814
0.128204
0.117462
0.156634
0.208455
0.199473
0.127653
0.161462
0.114105
0.199779
0.207410
0.208974
0.207598
0.177500
0.114105
0.199779
0.210530
0.210980
0.207436
0.209221
0.156312
0.197660
0.208389
0.208066
0.090147
0.159642
0.215367
0.210893
0.122339
0.205537
0.205791
0.212364
0.136485
0.194927
0.206139
0.200526
0.130666
0.212292
0.201581
0.181892
0.138238
0.183699
0.195247
0.213347
0.203864
0.206788
0.212684
0.209938
0.154200
0.140901
0.209589
0.176347
0.153339
0.206561
0.130666
0.212292
0.211853
0.187614
0.211853
0.187614
0.210352
0.213787
0.150217
0.202526
0.210352
0.213787
0.207271
0.184832
0.209577
0.179398
0.212265
0.203487
0.214997
0.139110
0.181213
0.204975
0.212910
0.212737
0.167507
0.212863
0.208343
0.208959
0.186391
0.133685
0.210136
0.217268
0.148761
0.205627
0.139682
0.148150
0.215721
0.220357
0.139682
0.148150
0.209785
0.204580
0.219750
0.213113
0.216812
0.211388
0.169229
0.204641
0.209858
0.209492
0.213875
0.206755
0.219015
0.173369
0.210702
0.217934
0.192957
0.211871
0.210702
0.217934
0.206950
0.210460
0.188571
0.161230
0.180607
0.208387
0.209785
0.204580
0.215711
0.214338
0.218301
0.210443
0.215195
0.202516
0.199169
0.214732
0.219302
0.209909
0.201101
0.214080
0.211008
0.213230
0.211008
0.213230
0.214799
0.211987
0.196902
0.216596
0.217154
0.213164
0.209029
0.212548
0.218416
0.212853
0.212120
0.215247
0.212926
0.214432
0.212184
0.207967
0.209919
0.216343
0.213996
0.231558
0.213646
0.214471
0.221912
0.217057
0.211461
0.213538
0.214049
0.213861
0.215649
0.216559
0.196902
0.216596
0.212187
0.190195
0.201935
0.217533
0.214627
0.215026
0.219607
0.212479
0.214123
0.214525
0.216390
0.197574
0.212641
0.214455
0.220211
0.208848
0.217168
0.214383
0.223500
0.220625
0.212244
0.223450
0.211861
0.219443
0.209281
0.215199
0.216695
0.219143
0.208436
0.221290
0.218891
0.219530
0.213842
0.217388
0.213083
0.214112
0.215977
0.218069
0.216565
0.213401
0.216122
0.215533
0.218087
0.212038
0.218817
0.216112
0.219284
0.214540
0.215977
0.218069
0.214869
0.212958
0.214869
0.212958
0.214066
0.224464
0.224599
0.210105
0.217679
0.221713
0.221637
0.213955
0.217507
0.224263
0.215988
0.216543
0.219284
0.214540
0.217106
0.214995
0.213842
0.217388
0.216259
0.214510
0.212430
0.213340
0.216122
0.215533
0.216259
0.215952
0.213969
0.230400
0.221915
0.219916
0.229625
0.216851
0.221006
0.224903
0.219073
0.217880
0.220267
0.218123
0.222415
0.215224
0.216986
0.219443
0.220175
0.211983
0.222795
0.217349
0.216939
0.220841
0.224498
0.218753
0.222750
0.227020
0.220175
0.211983
0.208384
0.214340
0.216714
0.218473
0.222415
0.215224
0.219047
0.227575
0.215320
0.219255
0.220175
0.211983
0.216003
0.216077
0.217108
0.220707
0.223858
0.240054
0.216296
0.218705
0.231123
0.212326
0.217108
0.220707
0.216259
0.215952
0.213764
0.218531
0.223858
0.240054
0.220626
0.223926
0.215330
0.227293
0.215681
0.225686
0.237126
0.234836
0.220054
0.220128
0.227710
0.231884
0.228673
0.214797
0.220667
0.217688
0.215015
0.219016
0.226004
0.212809
0.216632
0.220221
0.239915
0.228637
0.226512
0.226448
0.222844
0.230944
0.226004
0.212809
0.217368
0.233418
0.225525
0.222371
0.220667
0.217688
0.226546
0.229168
0.223364
0.593921
0.226004
0.212809
0.234789
0.237324
0.217712
0.228354
0.218820
0.228198
0.224359
0.221857
0.222459
0.222543
0.217712
0.228354
0.220626
0.223926
0.216000
0.227161
0.218820
0.228198
0.227352
0.226504
0.218864
0.224739
0.219749
0.412148
0.219885
0.226365
0.214655
0.230675
0.216490
0.226785
0.218667
0.229763
0.218082
0.223804
0.220561
0.226455
0.225725
0.224178
0.223151
0.229433
0.218485
0.219850
0.231475
0.264610
0.230429
0.219363
0.225725
0.224178
0.216774
0.234910
0.230602
0.235701
0.218082
0.223804
0.229410
0.229005
0.231697
0.357115
0.225725
0.224178
0.222498
0.345130
0.218104
0.222938
0.221291
0.231205
0.237795
0.229326
0.233776
0.229240
0.218104
0.222938
0.227352
0.226504
0.218560
0.223420
0.221291
0.231205
0.234737
0.230104
0.217026
0.233602
0.222434
0.218977
0.232139
0.225429
0.224937
0.229185
0.227032
0.222947
0.224380
0.233991
0.220513
0.217727
0.247585
0.223619
0.220180
0.218170
0.230433
0.614777
0.232285
0.223951
0.227449
0.254075
0.225366
0.216518
0.220180
0.218170
0.217347
0.226944
0.225331
0.233285
0.220513
0.217727
0.225308
0.224054
0.228566
0.350111
0.220180
0.218170
0.448306
0.222869
0.229892
0.226914
0.216702
0.218385
0.222269
0.227284
0.402985
0.225032
0.229892
0.226914
0.234737
0.230104
0.215719
0.229354
0.216702
0.218385
