0.002101 0.001364
0.002195 0.001166
0.001569 0.000876
0.000955 0.000786
0.002082 0.001046
0.000897 0.000760
0.001106 0.000787
0.002798 0.001405
0.002082 0.001046
0.000897 0.000760
0.000915 0.000772
0.001835 0.000918
0.001499 0.000843
0.001632 0.000950
0.002081 0.001153
0.003526 0.001630
0.001414 0.000868
0.002453 0.001401
0.000915 0.000772
0.001835 0.000918
0.001107 0.000784
0.001446 0.000938
0.005017 0.001846
0.002051 0.001076
0.003102 0.001372
0.004494 0.001958
0.000995 0.000769
0.001365 0.000908
0.000658 0.000737
0.000750 0.000720
0.001213 0.000813
0.001941 0.001081
0.000638 0.000716
0.001221 0.000800
0.001499 0.000843
0.001632 0.000950
0.000995 0.000769
0.001365 0.000908
0.000755 0.000726
0.002177 0.000983
0.002101 0.001364
0.002195 0.001166
0.003132 0.001427
0.001669 0.001013
0.001542 0.000890
0.001533 0.000876
0.003782 0.002021
0.001023 0.000778
0.002081 0.001153
0.003526 0.001630
0.003763 0.001528
0.004321 0.001412
0.000804 0.000747
0.000931 0.000748
0.004954 0.002080
0.002838 0.001592
0.000724 0.000737
0.001867 0.000933
0.000483 0.000658
0.001241 0.000863
0.000611 0.000706
0.001232 0.000868
0.001965 0.001022
0.004186 0.001834
0.000837 0.000746
0.003686 0.001563
0.005414 0.001594
0.002240 0.001353
0.001248 0.000811
0.001471 0.000848
0.005883 0.001599
0.004968 0.001663
0.001507 0.001002
0.001325 0.000937
0.001185 0.000837
0.001706 0.000996
0.002087 0.001021
0.003533 0.001460
0.005285 0.001802
0.004826 0.001725
0.001185 0.000837
0.001706 0.000996
0.002117 0.001105
0.001377 0.000838
0.005257 0.001584
0.003275 0.003870
0.005274 0.001483
0.004735 0.001601
0.000832 0.000751
0.002048 0.001064
0.001980 0.000963
0.004219 0.001289
0.001707 0.000927
0.001835 0.000897
0.003652 0.001827
0.001154 0.000802
0.003652 0.001827
0.001154 0.000802
0.005000 0.001641
0.002049 0.001363
0.002324 0.001039
0.001368 0.000833
0.000832 0.000751
0.002048 0.001064
0.001108 0.000822
0.000793 0.000732
0.002117 0.001105
0.001377 0.000838
0.001126 0.000793
0.001868 0.001011
0.000889 0.000736
0.000711 0.000718
0.004729 0.002034
0.001182 0.000818
0.001029 0.000818
0.001700 0.000955
0.004268 0.002028
0.003481 0.001466
0.001157 0.000782
0.001803 0.000940
0.000937 0.000773
0.003206 0.001720
0.004530 0.002005
0.004900 0.002189
0.004268 0.001874
0.002074 0.001113
0.000937 0.000773
0.003206 0.001720
0.005049 0.001650
425524.445924 479085.090456
0.006359 0.001692
0.005708 0.001282
0.001675 0.000916
0.003123 0.001589
0.004566 0.001645
0.004762 0.001460
0.000657 0.000722
0.001761 0.001002
0.009032 0.001520
0.006125 0.001545
0.001102 0.000835
0.003699 0.001805
0.005207 0.001567
0.007678 0.001469
0.001292 0.000824
0.002611 0.001453
0.004637 0.001429
0.003215 0.001142
0.001221 0.000812
0.007094 0.001474
0.003648 0.001291
0.002207 0.001023
0.001366 0.000821
0.002250 0.001452
0.002593 0.001467
0.007839 0.001839
0.004197 0.001482
0.004417 0.001365
0.007537 0.002105
0.005769 0.001461
0.001646 0.000908
0.001481 0.000957
0.005237 0.001351
0.001999 0.001193
0.001652 0.000881
0.004513 0.001845
0.001221 0.000812
0.007094 0.001474
0.007153 0.001757
0.002287 0.001272
0.007153 0.001757
0.002287 0.001272
0.006856 0.001862
0.007799 0.001493
0.001599 0.000877
0.003777 0.001632
0.006856 0.001862
0.007799 0.001493
0.005691 0.001745
0.002295 0.001237
0.005075 0.002173
0.002115 0.001343
0.009032 0.002116
0.003590 0.001617
0.007760 0.001701
0.001368 0.000857
0.002128 0.001370
0.003881 0.001889
0.006679 0.001383
0.007733 0.001503
0.001920 0.001048
0.012780 0.001716
0.005449 0.001882
0.005388 0.001395
0.002217 0.001297
0.001272 0.000825
0.007392 0.001432
0.010627 0.002024
0.001534 0.000895
0.003639 0.001700
0.001372 0.000903
0.001557 0.000897
0.008874 0.002147
0.009756 0.002975
0.001372 0.000903
0.001557 0.000897
0.005894 0.001975
0.003943 0.001941
0.008217 0.001785
0.006460 0.001876
0.008717 0.001771
0.009052 0.001770
0.001919 0.000986
0.003790 0.001901
0.006255 0.001639
0.006392 0.001497
0.008527 0.001585
0.005387 0.001686
0.008507 0.001706
0.001970 0.001544
0.006965 0.001472
0.010378 0.001685
0.002670 0.001250
0.006185 0.001499
0.006965 0.001472
0.010378 0.001685
0.004973 0.001701
0.006203 0.002021
0.002400 0.001159
0.001786 0.000910
0.002151 0.001425
0.006100 0.001459
0.005894 0.001975
0.003943 0.001941
0.007991 0.002175
0.008755 0.001592
0.011530 0.001893
0.005553 0.001810
0.011899 0.002197
0.003885 0.001765
238546.072867 8311.797590
0.011963 0.002481
0.014454 0.002010
0.005928 0.001973
0.003381 0.001546
0.008827 0.001586
0.006865 0.001398
0.009737 0.002027
0.006865 0.001398
0.009737 0.002027
0.008337 0.001598
0.006035 0.001476
0.003132 0.001465
0.010114 0.002065
0.010718 0.002057
0.010174 0.002022
0.005942 0.002100
0.009243 0.001745
0.010260 0.002058
0.012067 0.002142
0.008345 0.001383
0.006389 0.001576
0.015505 0.002086
0.009941 0.002020
0.007240 0.001535
0.004729 0.002050
0.005243 0.001969
0.012433 0.001300
0.008253 0.001663
0.014593 0.002062
0.008790 0.001744
185107.509890 21233.049102
650716.569417 0.015476
0.015056 607266.183301
0.007908 0.001605
0.010954 0.001809
0.011323 0.001889
0.008730 0.001787
0.009152 0.001852
0.011470 0.002247
0.003132 0.001465
0.010114 0.002065
0.008163 0.001687
0.002477 0.001446
0.004283 0.001671
0.011785 0.002704
0.009201 0.001802
0.008837 0.001826
0.014467 0.002571
0.009268 0.001794
0.010711 0.002169
0.013251 0.001986
0.014382 0.001995
0.003076 0.001218
0.011339 0.001938
0.007548 0.001745
0.007978 0.002001
0.006021 0.001668
0.014208 0.002084
0.007087 0.001484
0.009496 0.002084
0.018377 0.002223
0.008456 0.001536
0.024855 0.002494
0.006865 0.001549
0.011209 0.002922
0.006152 0.001645
0.016464 0.002194
0.016648 0.002545
0.015542 0.002231
0.006145 0.001566
0.011440 0.001823
0.013521 0.002701
0.019273 0.002329
692246.351976 0.002890
0.012217 0.002032
0.008093 0.001572
0.013342 0.001994
0.014188 0.002141
0.013704 0.002217
0.010088 0.002674
0.008449 0.001664
0.011018 0.002380
0.014917 0.001750
0.017446 0.002179
0.008771 0.001510
0.014862 0.002342
0.015478 0.002027
0.019745 0.001996
0.010093 0.001798
0.014188 0.002141
0.013704 0.002217
0.012745 0.002035
0.008591 0.001878
0.012745 0.002035
0.008591 0.001878
0.008669 0.001690
0.015947 0.001887
0.014705 0.004195
0.006336 0.001396
0.008215 0.002079
0.016729 0.002087
0.012237 0.002039
0.010008 0.001619
0.012557 0.001964
0.012117 0.002132
0.065588 0.034129
0.008821 0.001766
0.019745 0.001996
0.010093 0.001798
461784.690724 0.019894
369486.275513 0.006191
692246.351976 0.002890
0.012217 0.002032
0.016708 0.001763
0.006804 0.001989
0.008695 0.001433
0.016642 0.002868
0.011018 0.002380
0.014917 0.001750
0.025080 0.001872
0.010405 0.001733
0.007658 0.001735
0.026235 0.002823
0.020138 0.002557
0.028463 0.003413
0.017629 0.004079
0.020980 0.002233
0.013810 0.003047
0.017275 0.002498
0.011309 0.002029
0.010498 0.003015
0.012843 0.002525
0.013295 0.002820
0.013741 0.003388
0.012207 0.002070
0.008963 0.002241
0.021577 0.003018
0.018611 0.004331
0.006731 0.001539
0.015472 0.002099
0.019199 0.003345
183564.249161 423815.332292
0.017942 91743.905894
0.014537 0.002693
0.038321 0.002083
0.012836 0.002999
0.017330 0.003470
0.018611 0.004331
0.006731 0.001539
0.006027 0.001462
205291.959960 0.003852
0.017738 0.003658
0.013671 0.002403
0.013741 0.003388
0.012207 0.002070
0.022450 0.016066
766424.675796 514665.001027
0.006758 0.001680
0.047895 0.003674
0.018611 0.004331
0.006731 0.001539
0.014389 0.002083
0.039580 0.002265
0.010899 0.002200
0.025406 0.003021
0.010804 0.001803
0.021314 0.003723
0.018179 0.003663
0.010786 0.001910
0.027144 0.002963
0.006260 0.001399
0.010899 0.002200
0.025406 0.003021
0.025080 0.001872
0.010405 0.001733
0.010187 0.001922
0.018654 0.002436
0.010804 0.001803
0.021314 0.003723
0.054611 0.002649
0.012897 0.003677
0.011579 0.002290
0.031977 0.003307
0.030167 0.004291
0.047885 0.005048
0.034017 0.005248
0.025692 0.005150
0.020892 0.003939
0.028425 0.002239
0.016309 0.002268
0.018601 0.002680
0.022973 0.003549
0.015317 0.003080
0.020056 0.002899
0.022385 0.002409
0.017970 0.003317
0.028875 0.002350
0.051300 0.002033
0.009613 0.002098
0.024653 0.003232
0.038946 0.003089
310567.912891 349516.596338
188793.544127 0.008078
0.023049 0.003215
519325.241818 23646.835182
0.030424 56961.684155
0.023719 0.003708
0.051300 0.002033
0.009613 0.002098
0.008098 0.001789
0.028834 0.004781
0.028372 0.004639
0.027840 0.002228
0.020056 0.002899
0.022385 0.002409
78556.458448 0.005592
308341.324404 0.005931
0.030926 0.002067
1.636436 1.788289
0.051300 0.002033
0.009613 0.002098
0.029642 0.002942
0.060763 0.002147
0.024122 0.003489
0.054669 0.003907
0.010947 0.002151
0.029356 0.003187
0.024183 0.004544
0.017649 0.002293
0.043111 0.002844
0.015622 0.002270
0.024122 0.003489
0.054669 0.003907
0.054611 0.002649
0.012897 0.003677
0.013920 0.002548
0.026617 0.003082
0.010947 0.002151
0.029356 0.003187
0.040071 0.002289
0.020222 0.003876
0.015277 0.002361
0.040780 0.002278
0.041063 0.004203
0.669154 0.286626
0.038597 0.005095
0.037092 0.005283
0.025208 0.006053
0.036570 0.002155
0.022784 0.004880
0.018710 0.004381
0.025197 0.003902
0.021077 0.003104
0.032872 0.002104
0.029691 0.002150
0.044343 0.002086
0.030327 0.003992
0.040563 0.001960
0.021722 0.003993
0.033923 0.003503
0.073718 0.002633
455141.278305 0.003151
0.065944 0.002997
0.039479 0.004494
0.051393 0.001925
165519.655716 0.008909
0.028768 0.003066
0.040563 0.001960
0.021722 0.003993
0.014792 0.002948
0.031400 0.006183
0.039106 0.004691
0.029040 0.004504
0.032872 0.002104
0.029691 0.002150
135624.309840 0.012203
371693.004306 737654.711979
0.049927 0.002943
0.509165 0.290722
0.040563 0.001960
0.021722 0.003993
0.046597 0.002679
0.559761 0.379414
514180.322100 47623.789764
0.083441 0.002043
0.012020 0.003001
0.039056 15096.045545
0.041429 0.003954
0.024324 0.003907
0.064329 0.003295
0.030652 0.002092
514180.322100 47623.789764
0.083441 0.002043
0.040071 0.002289
0.020222 0.003876
0.020404 0.002846
0.043310 0.003268
0.012020 0.003001
0.039056 15096.045545
0.057611 0.003431
0.031397 0.002518
0.019246 0.002387
0.054092 0.003184
0.056631 0.004244
0.066308 0.003103
0.049438 0.002551
0.065201 0.005922
466013.118906 0.079110
345901.391616 0.022834
0.029754 0.003771
0.018175 0.002973
0.027330 0.005030
0.026996 0.004446
0.054253 0.002010
0.054245 0.003327
438696.684765 56456.011192
155203.381704 0.004561
0.067108 0.002309
0.045043 0.003858
0.042537 0.004609
1.274693 0.794129
1651.539949 131467.235115
283266.015628 0.008698
0.049469 0.004427
516732.883504 0.306973
0.025863 346040.187360
0.106334 0.116447
0.067108 0.002309
0.045043 0.003858
0.016172 0.001933
0.036109 0.005590
0.052388 0.004869
0.026825 0.004478
0.054253 0.002010
0.054245 0.003327
544999.105164 0.011459
592807.647240 0.008059
485834.747382 608309.782279
0.498559 0.137002
0.067108 0.002309
0.045043 0.003858
234067.942006 345765.342844
385808.840432 0.412759
0.037588 0.005001
0.089348 0.001990
0.014366 0.002556
420080.787797 0.031178
0.056019 0.002817
0.038047 0.002174
1.235265 304881.344349
0.045080 0.003235
0.037588 0.005001
0.089348 0.001990
0.057611 0.003431
0.031397 0.002518
0.026312 0.002736
0.063787 0.004804
0.014366 0.002556
420080.787797 0.031178
