0.001067 0.000379
0.001 0.000345
0.0006 0.000241
0.000833 0.000276
0.000967 0.000379
0.0003 0.000172
0.0009 0.00031
0.001033 0.000345
0.000967 0.000379
0.0003 0.000172
0.000433 0.000172
0.0004 0.000241
0.0007 0.000276
0.001033 0.000345
0.001767 0.000552
0.001767 0.000552
0.000933 0.00031
0.001333 0.000414
0.000433 0.000172
0.0004 0.000241
0.000867 0.00031
0.001333 0.000448
0.0016 0.000483
0.000967 0.000345
0.000867 0.00031
0.001167 0.000379
0.000533 0.000207
0.000867 0.00031
0.0007 0.000241
0.000433 0.000172
0.0005 0.000207
0.0014 0.000448
0.000433 0.000172
0.0003 0.000207
0.0007 0.000276
0.001033 0.000345
0.000533 0.000207
0.000867 0.00031
0.000767 0.000276
0.000433 0.000241
0.001067 0.000379
0.001 0.000345
0.001233 0.000414
0.000433 0.000241
0.0006 0.000241
0.000467 0.000207
0.001933 0.000586
0.0008 0.000276
0.001767 0.000552
0.001767 0.000552
0.0007 0.00031
0.001233 0.000414
0.0006 0.000241
0.000733 0.000276
0.001467 0.000414
0.000367 0.000241
0.0006 0.000241
0.000433 0.000207
0.000533 0.000207
0.000733 0.000276
0.000633 0.000241
0.000367 0.000172
0.001233 0.000414
0.0016 0.000483
0.0006 0.000207
0.000567 0.000241
0.001733 0.000483
0.001333 0.000448
0.000633 0.000241
0.000367 0.000207
0.000867 0.000345
0.002033 0.000552
0.0004 0.000207
0.0003 0.000172
0.001033 0.000345
0.0009 0.00031
0.0007 0.000276
0.000833 0.000345
0.001133 0.000414
0.0024 0.000724
0.001033 0.000345
0.0009 0.00031
0.000833 0.00031
0.000267 0.000207
0.002567 0.000655
0.001267 0.00069
0.001867 0.000517
0.001133 0.000345
0.0007 0.000241
0.001 0.000345
0.0006 0.000276
0.000567 0.00031
0.000367 0.000241
0.000567 0.000241
0.0021 0.000621
0.0003 0.000172
0.0021 0.000621
0.0003 0.000172
0.002 0.000586
0.001133 0.000379
0.0021 0.000586
0.0011 0.000379
0.0007 0.000241
0.001 0.000345
0.000333 0.000207
0.000533 0.000207
0.000833 0.00031
0.000267 0.000207
0.000367 0.000172
0.0008 0.000276
0.000567 0.000207
0.000467 0.000172
0.0019 0.000552
0.000267 0.000172
0.0007 0.000241
0.0009 0.00031
0.0025 0.00069
0.001333 0.000448
0.000467 0.000207
0.0004 0.000207
0.0006 0.000241
0.001233 0.000414
0.002533 0.00069
0.001567 0.000483
0.001367 0.000414
0.000567 0.000241
0.0006 0.000241
0.001233 0.000414
0.001233 0.000379
0.002167 0.001241
0.0022 0.000552
0.0009 0.000345
0.000533 0.000241
0.001567 0.000483
0.001333 0.000414
0.000733 0.00031
0.0004 0.000172
0.0013 0.000414
0.0016 0.000414
0.001567 0.000448
0.0006 0.000207
0.0013 0.000414
0.001267 0.000414
0.0012 0.000379
0.000533 0.000207
0.0007 0.000276
0.002167 0.000586
0.001 0.000345
0.0004 0.000207
0.000533 0.000345
0.001533 0.000483
0.000933 0.000345
0.000833 0.000276
0.000367 0.000241
0.0004 0.000241
0.001033 0.000345
0.001133 0.000379
0.001633 0.000483
0.002533 0.000655
0.003067 0.000724
0.0011 0.000379
0.0004 0.000207
0.001433 0.000414
0.000833 0.00031
0.000433 0.000207
0.0011 0.000345
0.0004 0.000207
0.000533 0.000345
0.002 0.000483
0.001333 0.000414
0.002 0.000483
0.001333 0.000414
0.0019 0.000517
0.001033 0.000345
0.000333 0.000207
0.000667 0.00031
0.0019 0.000517
0.001033 0.000345
0.001767 0.000483
0.0016 0.000517
0.0024 0.00069
0.000667 0.000276
0.001533 0.000414
0.001033 0.000345
0.001733 0.000483
0.0007 0.000241
0.001633 0.000517
0.0013 0.000448
0.001633 0.000448
0.000533 0.00031
0.001667 0.000517
0.000267 0.000345
0.001967 0.000517
0.002133 0.000552
0.000633 0.000276
0.001033 0.000345
0.0029 0.000621
0.0029 0.000655
0.0009 0.00031
0.002633 0.000724
0.000433 0.000207
0.0004 0.000207
0.0024 0.000552
0.002267 0.000552
0.000433 0.000207
0.0004 0.000207
0.001167 0.000345
0.001533 0.000483
0.0025 0.000586
0.001867 0.000517
0.002467 0.000552
0.001167 0.000379
0.0008 0.000276
0.002167 0.00069
0.002133 0.000517
0.0028 0.000621
0.002633 0.000621
0.0022 0.000586
0.003267 0.000759
0.000933 0.000448
0.0007 0.000345
0.002233 0.000552
0.001933 0.000552
0.002367 0.000621
0.0007 0.000345
0.002233 0.000552
0.000333 0.00031
0.001233 0.000379
0.000867 0.000345
0.0009 0.00031
0.000967 0.000379
0.0007 0.00031
0.001167 0.000345
0.001533 0.000483
0.002067 0.000586
0.000867 0.000379
0.0014 0.000414
0.0019 0.000517
0.0009 0.000414
0.001333 0.000414
 
0.002067 0.000552
0.001567 0.000379
0.0025 0.00069
0.002833 0.000759
0.0013 0.000379
0.003033 0.00069
0.002833 0.000655
0.003033 0.00069
0.002833 0.000655
0.003 0.000655
0.000733 0.000345
0.000467 0.000241
0.000867 0.000345
0.001433 0.000379
0.0008 0.000379
0.0014 0.000414
0.0005 0.000345
0.0018 0.000448
0.000933 0.000345
0.0033 0.00069
0.002567 0.000586
0.001267 0.000448
0.000533 0.000345
0.0014 0.000379
0.001167 0.000379
0.0024 0.000655
0.0005 0.000345
0.0006 0.000345
0.000767 0.000379
0.0021 0.000517
 
 
0.000833 0.000517
0.001533 0.000414
0.001867 0.000448
0.0019 0.000448
0.002967 0.000655
0.001767 0.000448
0.000967 0.000379
0.000467 0.000241
0.000867 0.000345
0.001633 0.000448
0.002067 0.000621
0.001833 0.000517
0.001067 0.000414
0.001633 0.000448
0.001533 0.000414
0.000833 0.000345
0.002233 0.000552
0.0004 0.000345
0.0013 0.000379
0.001267 0.000414
0.0008 0.00031
0.0021 0.000483
0.001233 0.000379
0.001967 0.000483
0.001533 0.000448
0.000967 0.000414
0.0024 0.000586
0.003 0.00069
0.0006 0.000448
0.001733 0.000414
0.000833 0.000414
0.001167 0.000379
0.001033 0.000414
0.002 0.000517
0.001533 0.000414
0.0006 0.000379
0.0013 0.000414
0.001767 0.000483
0.0026 0.000586
0.001467 0.000448
0.001333 0.000448
 
0.0012 0.000414
0.000933 0.000345
0.001133 0.000414
0.0009 0.000414
0.001133 0.000379
0.002333 0.000586
0.003267 0.000724
0.001667 0.000448
0.001233 0.000379
0.001133 0.000379
0.001133 0.000379
0.0013 0.000414
0.0008 0.000448
0.0012 0.000448
0.001133 0.000345
0.0009 0.000414
0.001133 0.000379
0.001467 0.000379
0.002433 0.000586
0.001467 0.000379
0.002433 0.000586
0.002767 0.000586
0.001433 0.000414
0.0013 0.000621
0.0014 0.000379
0.0019 0.000517
0.0017 0.000448
0.000733 0.000379
0.0026 0.000621
0.0017 0.000448
0.0005 0.000379
 
0.000933 0.000414
0.0012 0.000448
0.001133 0.000345
 
 
 
0.0012 0.000414
0.0011 0.000345
0.002233 0.000586
0.001133 0.000345
0.001433 0.000483
0.001667 0.000448
0.001233 0.000379
0.0006 0.000379
0.002067 0.000517
0.001467 0.000414
0.0007 0.000586
0.001267 0.000448
0.001267 0.000414
0.001 0.000448
0.000667 0.000448
0.001267 0.000379
0.001167 0.000379
0.002333 0.000552
0.0011 0.000379
0.0012 0.000414
0.000733 0.000448
0.001167 0.000517
0.0026 0.000586
0.001033 0.000379
0.0014 0.000414
0.001433 0.00069
0.001167 0.000379
0.000833 0.000379
0.0007 0.000517
 
 
0.001567 0.000414
0.001567 0.000483
0.001733 0.000448
0.000833 0.000552
0.001433 0.00069
0.001167 0.000379
0.001367 0.000414
 
0.0014 0.000414
0.001567 0.000483
0.001167 0.000517
0.0026 0.000586
 
 
0.0018 0.000483
0.0006 0.000414
0.001433 0.00069
0.001167 0.000379
0.001167 0.000414
0.001533 0.000483
0.001467 0.000379
0.0012 0.000414
0.001367 0.000379
0.001267 0.000759
0.0012 0.000345
0.000667 0.000345
0.0011 0.000586
0.0009 0.000345
0.001467 0.000379
0.0012 0.000414
0.0006 0.000379
0.002067 0.000517
0.001133 0.000379
0.001233 0.000414
0.001367 0.000379
0.001267 0.000759
0.001233 0.000586
0.000533 0.000586
0.002 0.000517
0.0008 0.000448
0.001433 0.000379
0.0021 0.000483
0.001067 0.000517
0.001167 0.001138
0.0012 0.000586
0.001067 0.000483
0.0012 0.000483
0.001 0.000345
0.0014 0.000517
0.001467 0.000517
0.000933 0.000414
0.001567 0.000483
0.001333 0.000586
0.001333 0.000448
0.0017 0.000483
0.001267 0.000345
0.000967 0.000448
0.000633 0.000517
 
 
0.0014 0.000448
 
 
0.0014 0.000414
0.0017 0.000483
0.001267 0.000345
0.001767 0.000483
0.001333 0.000621
0.000933 0.000862
0.001233 0.000414
0.000933 0.000414
0.001567 0.000483
 
 
0.0012 0.000483
 
0.0017 0.000483
0.001267 0.000345
0.0006 0.000586
 
0.001167 0.000517
0.002967 0.001034
0.000733 0.000379
0.0012 0.000483
0.001033 0.000345
0.0011 0.000448
0.0008 0.00069
0.000767 0.000448
0.001167 0.000517
0.002967 0.001034
0.001233 0.000586
0.000533 0.000586
0.001967 0.000483
0.0009 0.000552
0.000733 0.000379
0.0012 0.000483
0.0007 0.000517
0.001367 0.000414
0.001433 0.000414
0.000733 0.000552
0.001267 0.000724
 
0.000833 0.000448
0.001167 0.000931
0.001267 0.000414
0.001467 0.000517
0.001433 0.000379
0.0013 0.000483
0.001333 0.000517
0.0012 0.000517
0.001 0.000448
0.0013 0.000448
0.0024 0.000414
0.001233 0.000414
0.001233 0.000483
0.0011 0.000552
0.001 0.000655
0.0171 0.000448
 
0.007433 0.000862
0.0003 0.001552
 
 
0.0012 0.000483
0.001233 0.000483
0.0011 0.000552
0.001567 0.000448
0.001367 0.001
0.0006 0.000862
0.0013 0.000724
0.001 0.000448
0.0013 0.000448
 
 
0.000867 0.000621
 
0.001233 0.000483
0.0011 0.000552
0.001067 0.00069
 
 
 
0.001533 0.000414
 
0.0009 0.001034
0.000733 0.000621
0.004467 0.000483
0.001 0.000517
 
 
0.0007 0.000517
0.001367 0.000414
0.000733 0.000414
0.000767 0.000414
0.001533 0.000414
 
0.002633 0.000414
0.001167 0.000414
0.001333 0.000414
0.001133 0.000655
0.0033 0.000586
 
 
0.0052 0.001034
 
 
0.001133 0.000448
 
0.001267 0.000655
0.001233 0.000552
 
0.001233 0.000414
 
 
0.0144 0.00069
0.000667 0.000621
0.0017 0.000517
 
 
 
 
 
 
 
0.0144 0.00069
0.000667 0.000621
0.0017 0.000448
0.001333 0.000931
0.000833 0.000586
0.001333 0.000793
 
0.001233 0.000414
 
 
 
 
0.0144 0.00069
0.000667 0.000621
 
 
0.001233 0.000345
 
0.0009 0.000414
 
0.0044 0.001103
0.0008 0.000517
 
0.0009 0.000586
0.001233 0.000345
 
0.002633 0.000414
0.001167 0.000414
0.001267 0.000448
0.004433 0.000552
0.0009 0.000414
 
