0.002628
0.002774
0.001897
0.001183
0.002601
0.001129
0.001339
0.003188
0.002601
0.001129
0.001116
0.002217
0.001783
0.001988
0.002676
0.003471
0.001708
0.002988
0.001116
0.002217
0.001378
0.001709
0.004463
0.002525
0.003175
0.004015
0.001241
0.001635
0.000849
0.000958
0.001480
0.002457
0.000847
0.001465
0.001783
0.001988
0.001241
0.001635
0.000963
0.002827
0.002628
0.002774
0.003265
0.001934
0.001881
0.001843
0.003784
0.001248
0.002676
0.003471
0.003729
0.004026
0.001037
0.001123
0.004791
0.003116
0.000939
0.002201
0.000641
0.001510
0.000794
0.001559
0.002455
0.003904
0.001050
0.003680
0.004417
0.002817
0.001517
0.001708
0.004761
0.004436
0.001839
0.001690
0.001456
0.002003
0.002572
0.003395
0.004551
0.004305
0.001456
0.002003
0.002620
0.001616
0.004268
0.003756
0.004504
0.004286
0.001064
0.002587
0.002432
0.003913
0.002033
0.002291
0.003624
0.001463
0.003624
0.001463
0.004366
0.002643
0.003072
0.001659
0.001064
0.002587
0.001381
0.001001
0.002620
0.001616
0.001379
0.002277
0.001077
0.000928
0.004068
0.001441
0.001257
0.002031
0.003932
0.003525
0.001380
0.002160
0.001155
0.003466
0.004296
0.004393
0.003944
0.002598
0.001155
0.003466
0.004237
0.004989
0.004878
0.004666
0.002028
0.003254
0.004289
0.004152
0.000854
0.002102
0.006300
0.004835
0.001418
0.003622
0.004414
0.005748
0.001584
0.003048
0.003978
0.003309
0.001511
0.005422
0.003553
0.002839
0.001677
0.002950
0.002965
0.005744
0.003985
0.003983
0.005695
0.004760
0.002023
0.001941
0.004388
0.002495
0.001992
0.004101
0.001511
0.005422
0.005365
0.002812
0.005365
0.002812
0.005012
0.005819
0.001972
0.003683
0.005012
0.005819
0.004650
0.002846
0.004370
0.002685
0.006363
0.003604
0.005518
0.001620
0.002757
0.003861
0.005132
0.005654
0.002336
0.008167
0.004337
0.004438
0.002682
0.001552
0.005468
0.006810
0.001801
0.003524
0.001691
0.001877
0.006019
0.006515
0.001691
0.001877
0.004823
0.003910
0.005694
0.005061
0.006057
0.006285
0.002415
0.003795
0.004685
0.004929
0.005948
0.004617
0.005999
0.002555
0.005190
0.006758
0.003063
0.004991
0.005190
0.006758
0.004295
0.005076
0.003027
0.002294
0.002694
0.004797
0.004823
0.003910
0.005747
0.005988
0.007558
0.004773
0.008014
0.003800
0.003371
0.007355
0.009006
0.004531
0.003475
0.006202
0.005200
0.006628
0.005200
0.006628
0.005726
0.004900
0.003474
0.006757
0.007082
0.006923
0.004851
0.006359
0.006872
0.007885
0.006012
0.004887
0.009898
0.006808
0.005281
0.004317
0.004234
0.007964
0.005868
0.008779
0.006343
0.039223
0.005783
0.007538
0.005550
0.007376
0.007348
0.005954
0.006398
0.007433
0.003474
0.006757
0.005919
0.003181
0.003895
0.007849
0.006130
0.006266
0.009162
0.006419
0.007007
0.008252
0.009055
0.003241
0.007441
0.005424
0.005659
0.004881
0.008907
0.005100
0.006566
0.010944
0.005892
0.013926
0.005149
0.007387
0.004994
0.010080
0.010138
0.009375
0.004895
0.007288
0.008850
0.011500
0.010906
0.007760
0.005740
0.008511
0.009140
0.008505
0.006799
0.005880
0.007297
0.009196
0.010381
0.006111
0.009401
0.009580
0.011868
0.006714
0.009140
0.008505
0.008256
0.006115
0.008256
0.006115
0.005902
0.009631
0.009264
0.005169
0.005877
0.010358
0.007678
0.006724
0.008059
0.007736
0.005811
0.006101
0.011868
0.006714
0.009036
0.010054
0.010906
0.007760
0.009959
0.005319
0.006083
0.009704
0.007297
0.009196
0.014022
0.006838
0.005693
0.014856
0.012080
0.015966
0.010352
0.011841
0.008593
0.010232
0.007503
0.006791
0.008294
0.008525
0.009015
0.007733
0.006471
0.012796
0.010951
0.005088
0.009366
0.011551
0.010551
0.007074
0.009000
0.020714
0.008042
0.010558
0.010951
0.005088
0.004709
0.019261
0.010529
0.008678
0.009015
0.007733
0.013378
0.016538
0.005333
0.024952
0.010951
0.005088
0.009055
0.021497
0.007515
0.014423
0.007065
0.012526
0.010823
0.007034
0.014933
0.004999
0.007515
0.014423
0.014022
0.006838
0.006725
0.010700
0.007065
0.012526
0.028315
0.008329
0.007500
0.017448
0.017068
0.024983
0.017954
0.014416
0.012564
0.015899
0.009625
0.010879
0.013464
0.009416
0.011893
0.013161
0.010728
0.016159
0.026647
0.006539
0.014241
0.020558
0.037428
0.016490
0.013495
0.055067
0.010572
0.013435
0.026647
0.006539
0.006040
0.016122
0.015946
0.015343
0.011893
0.013161
0.018687
0.014533
0.017121
0.440040
0.026647
0.006539
0.016721
0.031233
0.014060
0.028086
0.007127
0.016439
0.013495
0.010737
0.022962
0.009600
0.014060
0.028086
0.028315
0.008329
0.008754
0.014680
0.007127
0.016439
0.021295
0.012073
0.009762
0.021786
0.021589
0.254138
0.020344
0.020135
0.014965
0.019723
0.012970
0.010762
0.014304
0.012084
0.017933
0.016331
0.023594
0.017116
0.021566
0.012608
0.018744
0.035542
0.007850
0.031778
0.021049
0.027011
0.017766
0.015824
0.021566
0.012608
0.009413
0.016993
0.020724
0.015993
0.017933
0.016331
0.023679
0.022525
0.025641
0.179408
0.021566
0.012608
0.024504
0.216068
0.034729
0.039771
0.007632
0.020531
0.021999
0.014030
0.032257
0.016956
0.034729
0.039771
0.021295
0.012073
0.012103
0.022835
0.007632
0.020531
0.029758
0.017263
0.011748
0.028277
0.028799
0.033253
0.025961
0.032300
0.020733
0.031770
0.016929
0.010791
0.015605
0.014980
0.028055
0.027829
0.051800
0.020634
0.033107
0.024002
0.022751
0.330104
0.020514
0.019810
0.025874
0.092082
0.014951
0.029692
0.033107
0.024002
0.009682
0.019381
0.027026
0.015108
0.028055
0.027829
0.028522
0.021106
0.034854
0.203581
0.033107
0.024002
0.324397
0.036626
0.020461
0.042859
0.009116
0.034978
0.028860
0.020560
0.326976
0.023903
0.020461
0.042859
0.029758
0.017263
0.014876
0.031565
0.009116
0.034978
