0.004612 0.002414
0.004908 0.002139
0.003282 0.001480
0.001986 0.001153
0.004283 0.002097
0.001917 0.001006
0.002294 0.001136
0.005604 0.002474
0.004283 0.002097
0.001917 0.001006
0.001888 0.001038
0.003763 0.001820
0.002866 0.001497
0.003414 0.001622
0.004559 0.002194
0.005347 0.002912
0.002953 0.001449
0.005148 0.002565
0.001888 0.001038
0.003763 0.001820
0.002340 0.001162
0.002977 0.001542
0.007448 0.003439
0.004505 0.002065
0.005621 0.002572
0.007217 0.003363
0.002113 0.001036
0.002828 0.001471
0.001442 0.000850
0.001631 0.000813
0.002540 0.001148
0.004233 0.002005
0.001415 0.000794
0.002327 0.001301
0.002866 0.001497
0.003414 0.001622
0.002113 0.001036
0.002828 0.001471
0.001617 0.000918
0.004887 0.001901
0.004612 0.002414
0.004908 0.002139
0.005556 0.002568
0.003435 0.001794
0.003233 0.001532
0.003200 0.001483
0.006532 0.003399
0.002055 0.001174
0.004559 0.002194
0.005347 0.002912
0.006514 0.002745
0.007089 0.002651
0.001727 0.000986
0.001904 0.001048
0.007886 0.003468
0.005589 0.002679
0.001581 0.000907
0.003801 0.001713
0.001095 0.000662
0.002603 0.001387
0.001359 0.000803
0.002616 0.001342
0.004281 0.001996
0.006232 0.003277
0.001757 0.000975
0.006411 0.002672
0.007473 0.003099
0.004781 0.002445
0.002577 0.001278
0.002923 0.001419
0.008331 0.002956
0.007570 0.003174
0.003124 0.001738
0.002801 0.001438
0.002488 0.001245
0.003501 0.001769
0.004313 0.001958
0.006005 0.002671
0.007215 0.003342
0.007269 0.003287
0.002488 0.001245
0.003501 0.001769
0.004524 0.002160
0.002772 0.001372
0.007710 0.003030
0.005186 0.004672
0.006998 0.003006
0.007345 0.002994
0.001782 0.000989
0.004042 0.002064
0.004063 0.001928
0.006553 0.002740
0.003522 0.001637
0.003952 0.001741
0.006392 0.003136
0.002464 0.001233
0.006392 0.003136
0.002464 0.001233
0.007645 0.003179
0.004534 0.002313
0.005272 0.002121
0.002861 0.001300
0.001782 0.000989
0.004042 0.002064
0.001873 0.001303
0.001705 0.000905
0.004524 0.002160
0.002772 0.001372
0.002358 0.001161
0.003995 0.001888
0.001717 0.001006
0.001561 0.000786
0.007059 0.003541
0.002476 0.001179
0.002118 0.001205
0.003577 0.001649
0.006764 0.003536
0.005688 0.002705
0.002132 0.001190
0.003764 0.001756
0.001991 0.001093
0.005959 0.002926
0.007308 0.003568
0.007466 0.003795
0.006695 0.003321
0.004573 0.002076
0.001991 0.001093
0.005959 0.002926
0.007532 0.003068
0.015481 0.016708
0.007655 0.003252
0.007462 0.002797
0.003526 0.001465
0.005638 0.002803
0.007412 0.002961
0.007111 0.002809
0.001441 0.000803
0.003722 0.001828
0.011452 0.002982
0.007779 0.003061
0.002359 0.001207
0.006423 0.003150
0.007233 0.003150
0.010299 0.003039
0.002708 0.001300
0.005401 0.002592
0.006961 0.002738
0.005367 0.002365
0.002073 0.001360
0.008702 0.002973
0.006043 0.002493
0.004968 0.002032
0.002867 0.001327
0.005002 0.002418
0.005223 0.002597
0.010093 0.003058
0.006347 0.002981
0.006929 0.002747
0.010072 0.003771
0.008366 0.003011
0.003470 0.001644
0.003179 0.001510
0.006946 0.002795
0.004360 0.002222
0.003441 0.001530
0.006924 0.003137
0.002073 0.001360
0.008702 0.002973
0.009563 0.003283
0.005027 0.002377
0.009563 0.003283
0.005027 0.002377
0.008035 0.003555
0.010529 0.003031
0.003368 0.001565
0.006436 0.002796
0.008035 0.003555
0.010529 0.003031
0.007597 0.003209
0.004921 0.002292
0.007539 0.003662
0.004712 0.002308
0.011450 0.003757
0.006334 0.002797
0.010097 0.003287
0.002425 0.001454
0.004710 0.002427
0.006492 0.003305
0.009178 0.002883
0.009303 0.003093
0.004152 0.001940
0.013783 0.003419
0.007720 0.003375
0.007006 0.002855
0.004893 0.002405
0.002646 0.001288
0.009849 0.002792
0.011786 0.003912
0.003134 0.001477
0.006276 0.002993
0.002867 0.001521
0.003216 0.001530
0.010359 0.003802
0.012145 0.004215
0.002867 0.001521
0.003216 0.001530
0.008531 0.003321
0.006707 0.003273
0.009339 0.003542
0.008872 0.003444
0.011065 0.003206
0.011377 0.003293
0.004166 0.001901
0.006035 0.003345
0.008252 0.003187
0.008865 0.003063
0.010873 0.003075
0.007856 0.003215
0.010941 0.003213
0.004116 0.002613
0.009343 0.002990
0.011523 0.003504
0.005465 0.002343
0.007823 0.003116
0.009343 0.002990
0.011523 0.003504
0.007346 0.003143
0.008713 0.003876
0.004473 0.002242
0.003895 0.001492
0.004615 0.002508
0.007433 0.003034
0.008531 0.003321
0.006707 0.003273
0.010414 0.004028
0.010659 0.003162
0.013886 0.003584
0.008108 0.003433
0.014507 0.004133
0.006594 0.003014
0.005968 0.003643
0.013505 0.004606
0.016714 0.002920
0.007773 0.003645
0.006062 0.002856
0.010320 0.003189
0.008309 0.002912
0.012064 0.003855
0.008309 0.002912
0.012064 0.003855
0.010011 0.003279
0.008602 0.003018
0.005951 0.002519
0.011242 0.003245
0.013102 0.003965
0.012757 0.003826
0.008080 0.003693
0.011633 0.003451
0.011781 0.003652
0.014560 0.003348
0.010884 0.002898
0.008595 0.003198
0.018019 0.003799
0.012592 0.003780
0.009292 0.003143
0.007479 0.003645
0.007539 0.003436
0.013667 0.003048
0.010618 0.003132
0.015513 0.004051
0.011482 0.003315
0.019235 0.144561
0.010489 0.007139
0.013983 0.005840
0.009619 0.003098
0.013513 0.003434
0.013734 0.003371
0.009954 0.003438
0.011715 0.003557
0.013815 0.003913
0.005951 0.002519
0.011242 0.003245
0.010738 0.003331
0.005396 0.002586
0.006956 0.002917
0.012982 0.004521
0.010331 0.003646
0.010196 0.003243
0.015277 0.004185
0.011630 0.003500
0.011798 0.003648
0.014107 0.003757
0.016668 0.003750
0.005616 0.002366
0.013732 0.003532
0.009870 0.003105
0.010232 0.003569
0.008471 0.003260
0.016534 0.003824
0.008550 0.003072
0.012041 0.003733
0.020562 0.004464
0.009721 0.003082
0.025417 0.003711
0.009288 0.003102
0.013679 0.004124
0.008794 0.003037
0.018761 0.003664
0.017342 0.004008
0.017823 0.003776
0.008620 0.002992
0.012607 0.003774
0.015966 0.004136
0.021386 0.004278
0.018568 0.004391
0.014519 0.003545
0.009916 0.003150
0.015785 0.003320
0.016571 0.003433
0.014620 0.003911
0.012569 0.004261
0.009794 0.003242
0.012328 0.004290
0.015951 0.003600
0.018367 0.003406
0.011155 0.003089
0.016310 0.004131
0.017783 0.003939
0.021997 0.003433
0.011250 0.003431
0.016571 0.003433
0.014620 0.003911
0.015148 0.003373
0.010949 0.003708
0.015148 0.003373
0.010949 0.003708
0.010700 0.003269
0.018153 0.003148
0.017145 0.005391
0.009138 0.002779
0.010625 0.003749
0.018999 0.003920
0.013335 0.003962
0.012352 0.003297
0.014940 0.003865
0.014193 0.004003
0.010433 0.005279
0.011210 0.003127
0.021997 0.003433
0.011250 0.003431
0.015567 0.008127
0.015486 0.007607
0.018568 0.004391
0.014519 0.003545
0.017637 0.003465
0.009277 0.003525
0.011091 0.002840
0.017434 0.004676
0.012328 0.004290
0.015951 0.003600
0.025486 0.004003
0.011502 0.003483
0.010197 0.003506
0.028051 0.004873
0.022389 0.004679
0.030175 0.003824
0.019092 0.004953
0.021589 0.004528
0.014765 0.004312
0.018301 0.003987
0.013819 0.004000
0.011712 0.004310
0.015159 0.004318
0.015622 0.004730
0.016134 0.004973
0.013201 0.003506
0.011634 0.003818
0.023648 0.003934
0.020807 0.005448
0.008268 0.003181
0.016321 0.003685
0.019688 0.004847
0.018837 0.004198
0.011781 0.013840
0.015578 0.003619
0.039437 0.004076
0.015141 0.004277
0.018147 0.005029
0.020807 0.005448
0.008268 0.003181
0.007485 0.002959
0.037377 0.003155
0.018365 0.004009
0.014530 0.004264
0.016134 0.004973
0.013201 0.003506
0.024425 0.003463
0.031755 0.009147
0.008983 0.003377
0.046788 0.004653
0.020807 0.005448
0.008268 0.003181
0.016789 0.003803
0.040715 0.003989
0.013512 0.003891
0.025667 0.004366
0.013148 0.003201
0.023466 0.005392
0.018916 0.003780
0.013110 0.003514
0.027470 0.004991
0.008822 0.002753
0.013512 0.003891
0.025667 0.004366
0.025486 0.004003
0.011502 0.003483
0.011346 0.003253
0.019437 0.004869
0.013148 0.003201
0.023466 0.005392
0.052399 0.005105
0.015409 0.005392
0.013475 0.004280
0.033619 0.004429
0.031863 0.004851
0.048428 0.005462
0.033485 0.005484
0.027537 0.006870
0.023056 0.005477
0.028643 0.004660
0.017059 0.004467
0.019416 0.004097
0.025003 0.004733
0.017668 0.004736
0.022259 0.004046
0.024436 0.004171
0.020145 0.004927
0.030564 0.004360
0.051511 0.003953
0.012045 0.003928
0.024866 0.004815
0.038517 0.004825
0.051130 0.037040
0.028661 0.007294
0.025050 0.004127
0.105272 0.006623
0.019746 0.004477
0.025662 0.004126
0.051511 0.003953
0.012045 0.003928
0.009492 0.003685
0.029165 0.005299
0.028468 0.006192
0.028025 0.004452
0.022259 0.004046
0.024436 0.004171
0.034013 0.006403
0.025735 0.005770
0.032547 0.004023
1.253732 0.582481
0.051511 0.003953
0.012045 0.003928
0.029556 0.005001
0.060179 0.003497
0.026227 0.005089
0.054496 0.006031
0.013134 0.003853
0.029394 0.004777
0.024323 0.004299
0.019924 0.004325
0.044088 0.005305
0.017966 0.004377
0.026227 0.005089
0.054496 0.006031
0.052399 0.005105
0.015409 0.005392
0.014936 0.003611
0.027239 0.005082
0.013134 0.003853
0.029394 0.004777
0.041186 0.004492
0.020719 0.004573
0.017673 0.004124
0.041902 0.004597
0.040589 0.005834
0.535377 0.053357
0.038038 0.004813
0.038355 0.006600
0.027421 0.004958
0.037779 0.004376
0.024822 0.004491
0.019323 0.005076
0.027064 0.005200
0.021401 0.004891
0.034347 0.003628
0.029858 0.003866
0.045000 0.003526
0.032016 0.004441
0.040251 0.003969
0.023672 0.005262
0.035376 0.005383
0.069908 0.004700
0.014606 0.006413
0.060190 0.005464
0.038071 0.006283
0.052092 0.003351
0.057884 0.071551
0.029058 0.004905
0.040251 0.003969
0.023672 0.005262
0.015611 0.004467
0.030514 0.006788
0.038389 0.006143
0.029532 0.005858
0.034347 0.003628
0.029858 0.003866
0.040890 0.008519
0.043694 0.004609
0.048247 0.004986
0.406791 0.080931
0.040251 0.003969
0.023672 0.005262
0.047305 0.004875
0.461154 0.054329
0.031926 0.059177
0.078157 0.002688
0.013061 0.003731
0.037733 0.006831
0.042437 0.005788
0.024439 0.005310
0.062012 0.004789
0.032288 0.004252
0.031926 0.059177
0.078157 0.002688
0.041186 0.004492
0.020719 0.004573
0.020864 0.004939
0.042464 0.003852
0.013061 0.003731
0.037733 0.006831
0.057327 0.004028
0.031349 0.004724
0.021503 0.004088
0.054248 0.005221
0.054764 0.005279
0.065016 0.004873
0.047895 0.004873
0.062554 0.007012
0.038538 0.005315
0.061453 0.003313
0.031522 0.004612
0.020364 0.003382
0.029239 0.005597
0.027187 0.005630
0.052540 0.004111
0.052788 0.004208
0.082845 0.028579
0.039396 0.006081
0.062345 0.004709
0.043761 0.005701
0.043492 0.005250
0.812774 0.245352
0.036530 0.012141
0.075481 0.062522
0.047671 0.005633
0.192560 0.017746
0.027696 0.033835
0.056094 0.005242
0.062345 0.004709
0.043761 0.005701
0.017099 0.003880
0.035268 0.006227
0.051086 0.005377
0.028673 0.005950
0.052540 0.004111
0.052788 0.004208
0.053372 0.004082
0.041124 0.005357
0.067595 0.103719
0.419571 0.028793
0.062345 0.004709
0.043761 0.005701
0.797005 0.238538
0.070469 0.004161
0.038919 0.004491
0.084332 0.002684
0.016539 0.004653
0.069867 0.004834
0.055809 0.006025
0.039306 0.004493
0.836751 0.290548
0.045955 0.005014
0.038919 0.004491
0.084332 0.002684
0.057327 0.004028
0.031349 0.004724
0.026453 0.004612
0.059730 0.005225
0.016539 0.004653
0.069867 0.004834
