0.003072 0.001112
0.003312 0.001036
0.001896 0.000732
0.000886 0.000605
0.003045 0.000959
0.000798 0.000573
0.001107 0.000606
0.004012 0.001152
0.003045 0.000959
0.000798 0.000573
0.000823 0.000582
0.002462 0.000810
0.001775 0.000699
0.002031 0.000800
0.003021 0.001048
0.004668 0.001399
0.001624 0.000707
0.003682 0.001162
0.000823 0.000582
0.002462 0.000810
0.001123 0.000613
0.001688 0.000777
0.006229 0.001761
0.002960 0.000983
0.004291 0.001143
0.005754 0.001816
0.000945 0.000585
0.001535 0.000747
0.000465 0.000535
0.000590 0.000519
0.001289 0.000644
0.002686 0.000974
0.000438 0.000512
0.001303 0.000631
0.001775 0.000699
0.002031 0.000800
0.000945 0.000585
0.001535 0.000747
0.000594 0.000528
0.003215 0.000914
0.003072 0.001112
0.003312 0.001036
0.004325 0.001182
0.002096 0.000875
0.001854 0.000737
0.001840 0.000726
0.004993 0.001911
0.000981 0.000598
0.003021 0.001048
0.004668 0.001399
0.004965 0.001279
0.005542 0.001167
0.000661 0.000554
0.000854 0.000563
0.006274 0.002027
0.004042 0.001347
0.000551 0.000539
0.002504 0.000810
0.000252 0.000442
0.001334 0.000701
0.000408 0.000496
0.001332 0.000718
0.002736 0.000924
0.005359 0.001638
0.000706 0.000554
0.004829 0.001312
0.006561 0.001432
0.003345 0.001104
0.001333 0.000648
0.001724 0.000693
0.006971 0.001463
0.006112 0.001521
0.001808 0.000866
0.001472 0.000802
0.001244 0.000661
0.002166 0.000846
0.003010 0.000926
0.004720 0.001208
0.006505 0.001677
0.005984 0.001588
0.001244 0.000661
0.002166 0.000846
0.003104 0.000990
0.001548 0.000678
0.006421 0.001385
0.010526 0.007666
0.006557 0.001280
0.005940 0.001366
0.000695 0.000562
0.002918 0.000960
0.002763 0.000867
0.005403 0.001091
0.002181 0.000808
0.002436 0.000785
0.004838 0.001625
0.001206 0.000642
0.004838 0.001625
0.001206 0.000642
0.006181 0.001483
0.002933 0.001092
0.003537 0.000995
0.001539 0.000674
0.000695 0.000562
0.002918 0.000960
0.001130 0.000652
0.000644 0.000531
0.003104 0.000990
0.001548 0.000678
0.001145 0.000617
0.002534 0.000900
0.000784 0.000545
0.000537 0.000521
0.005912 0.001957
0.001229 0.000649
0.000992 0.000634
0.002152 0.000816
0.005509 0.001911
0.004647 0.001238
0.001196 0.000610
0.002383 0.000814
0.000866 0.000583
0.004374 0.001513
0.005764 0.001932
0.006112 0.002185
0.005524 0.001714
0.003023 0.001002
0.000866 0.000583
0.004374 0.001513
0.006202 0.001464
0.721389 0.046201
0.007507 0.001513
0.007017 0.001129
0.002105 0.000792
0.004286 0.001373
0.005856 0.001473
0.006034 0.001238
0.000462 0.000518
0.002299 0.000879
0.010267 0.001394
0.007442 0.001368
0.001114 0.000666
0.004899 0.001622
0.006370 0.001418
0.008966 0.001268
0.001407 0.000674
0.003845 0.001197
0.005886 0.001225
0.004374 0.001012
0.001323 0.000650
0.008428 0.001288
0.004809 0.001255
0.003312 0.000941
0.001546 0.000669
0.003414 0.001181
0.003803 0.001205
0.009197 0.001708
0.005399 0.001291
0.005608 0.001140
0.008786 0.002181
0.006924 0.001294
0.002039 0.000765
0.001757 0.000848
0.006476 0.001126
0.002861 0.001037
0.002044 0.000746
0.005754 0.001708
0.001323 0.000650
0.008428 0.001288
0.008351 0.001667
0.003502 0.001092
0.008351 0.001667
0.003502 0.001092
0.008052 0.001763
0.009176 0.001358
0.001952 0.000749
0.004924 0.001389
0.008052 0.001763
0.009176 0.001358
0.006799 0.001590
0.003524 0.001052
0.006285 0.002185
0.003099 0.001151
0.010314 0.002236
0.004773 0.001377
0.008883 0.001657
0.001553 0.000696
0.003147 0.001149
0.005170 0.001733
0.007845 0.001188
0.009071 0.001367
0.002683 0.000961
0.014177 0.001617
0.006560 0.001700
0.006709 0.001215
0.003342 0.001112
0.001377 0.000661
0.008592 0.001311
0.011930 0.002086
0.001836 0.000737
0.004825 0.001492
0.001537 0.000757
0.001869 0.000742
0.010195 0.002183
0.011081 0.003025
0.001537 0.000757
0.001869 0.000742
0.007098 0.001921
0.005187 0.001797
0.009416 0.001787
0.007641 0.001815
0.010011 0.001732
0.010266 0.001698
0.002618 0.000874
0.004973 0.001740
0.007372 0.001463
0.007566 0.001338
0.009777 0.001428
0.006467 0.001530
0.009838 0.001691
0.002741 0.001270
0.008083 0.001337
0.011763 0.001584
0.003890 0.001131
0.007531 0.001323
0.008083 0.001337
0.011763 0.001584
0.006259 0.001505
0.007440 0.002006
0.003642 0.001017
0.002378 0.000785
0.003201 0.001168
0.007255 0.001304
0.007098 0.001921
0.005187 0.001797
0.009175 0.002218
0.009950 0.001451
0.012818 0.001854
0.006724 0.001674
0.013352 0.002293
0.005124 0.001558
1.200867 1.274181
0.013499 0.002616
0.015843 0.002024
0.007212 0.001887
0.004576 0.001306
0.010244 0.001464
0.008103 0.001256
0.011104 0.002087
0.008103 0.001256
0.011104 0.002087
0.009567 0.001463
0.007200 0.001310
0.004314 0.001202
0.011373 0.002132
0.011960 0.002071
0.011549 0.001983
0.007077 0.002112
0.010439 0.001607
0.011628 0.002084
0.013490 0.002308
0.009623 0.001311
0.007485 0.001411
0.017056 0.002114
0.011400 0.002025
0.008403 0.001433
0.006025 0.001984
0.006391 0.001866
0.013777 0.001573
0.009428 0.001547
0.016221 0.002141
0.010165 0.001602
0.198448 1.328478
0.056032 0.016917
1.234329 1.307041
0.009074 0.001448
0.012348 0.001730
0.012737 0.001911
0.009902 0.001684
0.010659 0.001884
0.012846 0.002331
0.004314 0.001202
0.011373 0.002132
0.009478 0.001548
0.003723 0.001185
0.005477 0.001489
0.013332 0.002751
0.010561 0.001711
0.010147 0.001828
0.015986 0.002719
0.010500 0.001715
0.012090 0.002287
0.014672 0.002024
0.015778 0.002030
0.004248 0.001079
0.012615 0.001867
0.008712 0.001607
0.009204 0.001993
0.007159 0.001502
0.015595 0.002206
0.008204 0.001324
0.010896 0.002259
0.019830 0.002446
0.009646 0.001404
0.026389 0.002634
0.008017 0.001366
0.012720 0.002965
0.007395 0.001487
0.017992 0.002296
0.018157 0.002687
0.017073 0.002406
0.007263 0.001432
0.012992 0.001718
0.014990 0.002802
0.020950 0.002532
0.095138 0.003010
0.013632 0.002069
0.009249 0.001408
0.014785 0.001996
0.015694 0.002223
0.015147 0.002402
0.011434 0.002725
0.009661 0.001588
0.012425 0.002605
0.016308 0.001770
0.018907 0.002320
0.009987 0.001397
0.016350 0.002428
0.016997 0.002142
0.021272 0.002018
0.011393 0.001698
0.015694 0.002223
0.015147 0.002402
0.014249 0.002064
0.009822 0.001831
0.014249 0.002064
0.009822 0.001831
0.009939 0.001587
0.017515 0.001876
0.016222 0.004158
0.007668 0.001210
0.009334 0.002191
0.018299 0.002222
0.013798 0.002127
0.011228 0.001492
0.014078 0.002019
0.013772 0.002210
0.068715 0.034281
0.010375 0.001687
0.021272 0.002018
0.011393 0.001698
0.037554 0.021057
0.025719 0.006557
0.095138 0.003010
0.013632 0.002069
0.018109 0.001640
0.007964 0.002068
0.009891 0.001514
0.018312 0.003068
0.012425 0.002605
0.016308 0.001770
0.026697 0.002042
0.011700 0.001652
0.008851 0.001617
0.027848 0.003027
0.021784 0.002711
0.030194 0.003500
0.019330 0.004076
0.022714 0.002365
0.015236 0.003137
0.018885 0.002575
0.012679 0.002095
0.011959 0.003083
0.014419 0.002581
0.014740 0.002974
0.015181 0.003461
0.013532 0.002075
0.010301 0.002346
0.023170 0.003116
0.020152 0.004283
0.008100 0.001371
0.017027 0.002139
0.020755 0.003392
1.312559 1.385821
3.680302 3.845882
0.016043 0.002816
0.039945 0.002200
0.014514 0.003124
0.018939 0.003556
0.020152 0.004283
0.008100 0.001371
0.007210 0.001276
0.040697 0.007262
0.019194 0.003692
0.015101 0.002445
0.015181 0.003461
0.013532 0.002075
0.024184 0.016664
0.224487 0.314575
0.008041 0.001532
0.049532 0.003701
0.020152 0.004283
0.008100 0.001371
0.015825 0.002148
0.041292 0.002389
0.012259 0.002273
0.027029 0.003249
0.012192 0.001784
0.022926 0.003844
0.019665 0.003708
0.012183 0.001894
0.028908 0.003100
0.007329 0.001190
0.012259 0.002273
0.027029 0.003249
0.026697 0.002042
0.011700 0.001652
0.011460 0.001890
0.020324 0.002610
0.012192 0.001784
0.022926 0.003844
0.055955 0.002852
0.014369 0.003639
0.013005 0.002447
0.033933 0.003544
0.032075 0.004435
0.049712 0.005131
0.035937 0.005236
0.027387 0.005263
0.022776 0.004190
0.030252 0.002515
0.017977 0.002439
0.020307 0.002788
0.024614 0.003577
0.016918 0.003212
0.021741 0.003017
0.023986 0.002639
0.019433 0.003415
0.030795 0.002769
0.052937 0.002371
0.011075 0.002051
0.026358 0.003307
0.040902 0.003186
0.169534 0.182709
0.031430 0.009117
0.024821 0.003234
0.383059 0.317838
0.033719 0.978926
0.025534 0.003898
0.052937 0.002371
0.011075 0.002051
0.009412 0.001662
0.030543 0.004715
0.030241 0.004713
0.029686 0.002464
0.021741 0.003017
0.023986 0.002639
0.044347 0.008279
0.031872 0.006786
0.032639 0.002104
1.732954 1.788380
0.052937 0.002371
0.011075 0.002051
0.031570 0.003090
0.062150 0.002720
0.025965 0.003527
0.056254 0.004138
0.012229 0.002200
0.031420 0.003271
0.025942 0.004559
0.019227 0.002482
0.044985 0.003074
0.017099 0.002428
0.025965 0.003527
0.056254 0.004138
0.055955 0.002852
0.014369 0.003639
0.015359 0.002687
0.028334 0.003210
0.012229 0.002200
0.031420 0.003271
0.041969 0.002446
0.021848 0.003923
0.016710 0.002484
0.042720 0.002462
0.042932 0.004282
0.669343 0.286720
0.040535 0.005070
0.039066 0.005339
0.027138 0.006092
0.038218 0.002370
0.024473 0.004837
0.020581 0.004203
0.026994 0.003879
0.022788 0.003418
0.034772 0.002270
0.031269 0.002303
0.045930 0.002323
0.032095 0.004113
0.042398 0.002255
0.023425 0.004045
0.035804 0.003648
0.073727 0.003445
0.013860 0.006341
0.065205 0.003318
0.040618 0.005305
0.053886 0.002485
0.144544 0.009508
0.030337 0.003140
0.042398 0.002255
0.023425 0.004045
0.016247 0.002940
0.033195 0.006271
0.041083 0.004641
0.030879 0.004510
0.034772 0.002270
0.031269 0.002303
0.046618 0.012603
0.083935 0.068055
0.051288 0.003140
0.509311 0.291083
0.042398 0.002255
0.023425 0.004045
0.048341 0.002871
0.559901 0.380015
6.178567 6.665467
0.085491 0.002741
0.013333 0.003050
0.041496 44.095025
0.043150 0.004361
0.026059 0.003951
0.064376 0.003399
0.032315 0.002262
6.178567 6.665467
0.085491 0.002741
0.041969 0.002446
0.021848 0.003923
0.022027 0.002897
0.045141 0.003366
0.013333 0.003050
0.041496 44.095025
0.059410 0.003652
0.033381 0.002693
0.020813 0.002494
0.056024 0.003329
0.058486 0.004302
0.067849 0.003211
0.051381 0.003089
0.065296 0.006043
0.394992 0.922739
0.064796 0.024509
0.031490 0.003904
0.019686 0.003103
0.029252 0.005283
0.029019 0.004382
0.055857 0.002440
0.055957 0.003364
42.515437 44.662309
0.045572 0.004582
0.066913 0.002717
0.046865 0.003976
0.044542 0.004722
1.287732 0.794581
0.040229 0.014195
0.136402 0.010466
0.051598 0.004439
0.228025 0.307664
0.027811 0.187327
0.105677 0.113621
0.066913 0.002717
0.046865 0.003976
0.017815 0.001936
0.038450 0.005649
0.054344 0.004849
0.028601 0.004641
0.055857 0.002440
0.055957 0.003364
0.069280 0.013294
0.042565 0.008875
13.261861 14.181327
0.498770 0.138159
0.066913 0.002717
0.046865 0.003976
1.134941 1.127492
0.372252 0.413190
0.039601 0.005257
0.091656 0.002573
0.015790 0.002718
0.088319 0.031995
0.057597 0.003240
0.039897 0.002446
1.281884 0.931899
0.046978 0.003339
0.039601 0.005257
0.091656 0.002573
0.059410 0.003652
0.033381 0.002693
0.027939 0.002812
0.064498 0.004802
0.015790 0.002718
0.088319 0.031995
