0.001043 0.000531
0.000978 0.000478
0.000640 0.000373
0.000461 0.000326
0.000923 0.000472
0.000440 0.000314
0.000491 0.000320
0.001169 0.000534
0.000923 0.000472
0.000440 0.000314
0.000439 0.000319
0.000796 0.000401
0.000657 0.000361
0.000729 0.000408
0.000973 0.000491
0.001285 0.000585
0.000613 0.000365
0.001167 0.000548
0.000439 0.000319
0.000796 0.000401
0.000504 0.000324
0.000639 0.000405
0.001847 0.000603
0.000938 0.000469
0.001179 0.000529
0.001571 0.000631
0.000451 0.000313
0.000593 0.000385
0.000355 0.000304
0.000359 0.000297
0.000513 0.000327
0.000921 0.000473
0.000344 0.000297
0.000541 0.000334
0.000657 0.000361
0.000729 0.000408
0.000451 0.000313
0.000593 0.000385
0.000391 0.000300
0.000939 0.000436
0.001043 0.000531
0.000978 0.000478
0.001183 0.000537
0.000764 0.000444
0.000646 0.000379
0.000626 0.000372
0.001508 0.000636
0.000474 0.000317
0.000973 0.000491
0.001285 0.000585
0.001385 0.000551
0.001367 0.000521
0.000418 0.000307
0.000440 0.000306
0.001879 0.000640
0.001206 0.000565
0.000384 0.000306
0.000747 0.000405
0.000286 0.000273
0.000585 0.000359
0.000342 0.000298
0.000569 0.000366
0.000932 0.000437
0.001520 0.000604
0.000420 0.000308
0.001201 0.000569
0.001707 0.000561
0.001106 0.000529
0.000546 0.000340
0.000617 0.000358
0.001695 0.000520
0.001759 0.000559
0.000730 0.000434
0.000688 0.000388
0.000521 0.000343
0.000738 0.000434
0.000938 0.000442
0.001274 0.000540
0.001801 0.000590
0.001746 0.000575
0.000521 0.000343
0.000738 0.000434
0.000982 0.000482
0.000589 0.000344
0.001590 0.000565
0.001225 0.000932
0.001470 0.000537
0.001608 0.000570
0.000418 0.000312
0.000956 0.000461
0.000882 0.000401
0.001357 0.000482
0.000732 0.000403
0.000792 0.000387
0.001447 0.000606
0.000536 0.000331
0.001447 0.000606
0.000536 0.000331
0.001741 0.000568
0.001004 0.000524
0.001070 0.000453
0.000570 0.000347
0.000418 0.000312
0.000956 0.000461
0.000516 0.000336
0.000395 0.000307
0.000982 0.000482
0.000589 0.000344
0.000505 0.000324
0.000929 0.000452
0.000413 0.000303
0.000355 0.000290
0.001760 0.000646
0.000512 0.000332
0.000503 0.000345
0.000733 0.000415
0.001604 0.000643
0.001263 0.000547
0.000502 0.000319
0.000753 0.000411
0.000465 0.000325
0.001391 0.000592
0.001810 0.000638
0.001956 0.000678
0.001612 0.000610
0.000923 0.000481
0.000465 0.000325
0.001391 0.000592
0.001543 0.000585
0.012932 0.012708
0.001619 0.000572
0.001344 0.000515
0.000663 0.000384
0.001283 0.000574
0.001625 0.000582
0.001509 0.000536
0.000366 0.000306
0.000864 0.000428
0.001701 0.000519
0.001671 0.000557
0.000518 0.000351
0.001462 0.000601
0.001656 0.000550
0.001688 0.000524
0.000561 0.000347
0.001186 0.000552
0.001433 0.000526
0.001080 0.000474
0.000577 0.000338
0.001696 0.000513
0.001261 0.000513
0.001002 0.000453
0.000593 0.000346
0.001126 0.000534
0.001165 0.000555
0.001870 0.000561
0.001497 0.000534
0.001465 0.000516
0.002054 0.000647
0.001707 0.000520
0.000712 0.000384
0.000791 0.000377
0.001374 0.000485
0.000982 0.000501
0.000677 0.000371
0.001600 0.000604
0.000577 0.000338
0.001696 0.000513
0.001811 0.000596
0.001122 0.000518
0.001811 0.000596
0.001122 0.000518
0.001705 0.000604
0.001689 0.000526
0.000698 0.000379
0.001293 0.000558
0.001705 0.000604
0.001689 0.000526
0.001788 0.000567
0.001107 0.000508
0.001871 0.000667
0.000990 0.000516
0.002251 0.000625
0.001302 0.000575
0.001929 0.000572
0.000577 0.000354
0.001104 0.000532
0.001563 0.000615
0.001602 0.000503
0.001526 0.000480
0.000951 0.000453
0.001768 0.000559
0.001758 0.000634
0.001545 0.000527
0.001012 0.000524
0.000557 0.000341
0.001623 0.000514
0.002011 0.000593
0.000650 0.000385
0.001400 0.000586
0.000634 0.000387
0.000708 0.000381
0.002202 0.000624
0.002570 0.000713
0.000634 0.000387
0.000708 0.000381
0.001866 0.000620
0.001517 0.000626
0.001890 0.000562
0.001754 0.000601
0.001848 0.000570
0.001939 0.000571
0.000830 0.000443
0.001627 0.000631
0.001867 0.000564
0.001655 0.000538
0.001817 0.000563
0.001789 0.000559
0.001880 0.000536
0.001206 0.000557
0.001700 0.000541
0.001947 0.000569
0.001112 0.000507
0.001522 0.000534
0.001700 0.000541
0.001947 0.000569
0.001648 0.000586
0.002114 0.000643
0.001047 0.000491
0.000792 0.000384
0.001221 0.000537
0.001551 0.000512
0.001866 0.000620
0.001517 0.000626
0.002257 0.000675
0.001778 0.000548
0.001962 0.000567
0.001792 0.000599
0.002231 0.000610
0.001415 0.000583
0.001746 0.001434
0.002431 0.000658
0.001864 0.000530
0.001865 0.000637
0.001520 0.000562
0.001743 0.000534
0.001575 0.000495
0.001969 0.000640
0.001575 0.000495
0.001969 0.000640
0.001702 0.000529
0.001695 0.000530
0.001166 0.000538
0.002137 0.000575
0.002173 0.000668
0.002106 0.000654
0.002017 0.000627
0.001807 0.000528
0.002226 0.000636
0.002063 0.000594
0.001667 0.000518
0.001809 0.000553
0.002381 0.000650
0.002097 0.000628
0.001789 0.000538
0.001807 0.000647
0.001626 0.000650
0.001448 0.000454
0.001681 0.000557
0.002141 0.000605
0.001855 0.000553
0.006958 0.003929
0.008326 0.003344
0.005746 0.000998
0.001740 0.000539
0.001980 0.000593
0.002080 0.000567
0.001966 0.000594
0.002079 0.000622
0.002200 0.000673
0.001166 0.000538
0.002137 0.000575
0.001727 0.000553
0.001240 0.000542
0.001529 0.000589
0.002307 0.000685
0.001932 0.000598
0.001923 0.000588
0.002283 0.000663
0.001939 0.000596
0.002266 0.000669
0.002063 0.000643
0.002068 0.000587
0.001164 0.000492
0.001918 0.000601
0.001873 0.000544
0.002122 0.000595
0.001730 0.000572
0.002195 0.000635
0.001706 0.000537
0.002158 0.000627
0.002270 0.000595
0.001758 0.000544
0.002311 0.000621
0.001726 0.000564
0.002258 0.000700
0.001873 0.000578
0.002224 0.000629
0.002320 0.000626
0.002345 0.000640
0.001739 0.000550
0.002084 0.000578
0.002356 0.000716
0.002636 0.000701
0.002859 0.001345
0.002107 0.000611
0.001701 0.000557
0.001833 0.000554
0.002116 0.000583
0.002172 0.000600
0.002517 0.000733
0.001831 0.000562
0.002349 0.000691
0.001958 0.000595
0.002050 0.000591
0.001737 0.000541
0.002295 0.000668
0.002036 0.000562
0.001984 0.000593
0.001926 0.000586
0.002116 0.000583
0.002172 0.000600
0.002044 0.000565
0.001928 0.000553
0.002044 0.000565
0.001928 0.000553
0.001828 0.000561
0.001853 0.000549
0.002873 0.000731
0.001639 0.000499
0.001962 0.000633
0.002146 0.000602
0.002088 0.000554
0.001893 0.000564
0.002208 0.000600
0.002155 0.000621
0.006788 0.001218
0.001888 0.000573
0.001984 0.000593
0.001926 0.000586
0.005844 0.002900
0.008333 0.005830
0.002859 0.001345
0.002107 0.000611
0.002005 0.000550
0.002071 0.000625
0.001664 0.000505
0.002420 0.000670
0.002349 0.000691
0.001958 0.000595
0.002075 0.000620
0.001772 0.000574
0.001884 0.000568
0.002641 0.000604
0.002782 0.000727
0.002657 0.000733
0.002751 0.000807
0.002553 0.000692
0.002587 0.000741
0.002104 0.000677
0.002197 0.000624
0.002386 0.000739
0.002265 0.000698
0.002662 0.000650
0.002669 0.000745
0.002241 0.000634
0.002246 0.000640
0.002350 0.000665
0.002804 0.000787
0.001677 0.000548
0.002319 0.000635
0.002606 0.000748
0.005153 0.004597
0.013260 0.006114
0.002566 0.000647
0.002318 0.000620
0.002403 0.000781
0.002573 0.000614
0.002804 0.000787
0.001677 0.000548
0.001480 0.000528
0.001972 0.000664
0.002484 0.000674
0.002329 0.000693
0.002669 0.000745
0.002241 0.000634
0.004986 0.001031
0.020568 0.203781
0.001964 0.000578
0.003004 0.000745
0.002804 0.000787
0.001677 0.000548
0.001981 0.000635
0.002473 0.000645
0.002253 0.000649
0.002566 0.000703
0.001931 0.000576
0.003405 0.000668
0.002344 0.000705
0.002041 0.000605
0.002532 0.000621
0.001625 0.000506
0.002253 0.000649
0.002566 0.000703
0.002075 0.000620
0.001772 0.000574
0.002001 0.000571
0.002693 0.000725
0.001931 0.000576
0.003405 0.000668
0.002512 0.000612
0.002867 0.000720
0.002336 0.000646
0.002837 0.000714
0.003408 0.000862
0.003825 0.000907
0.003318 0.000829
0.003530 0.000866
0.003367 0.000853
0.002353 0.000587
0.002503 0.000609
0.002398 0.000705
0.002961 0.000871
0.002586 0.000722
0.002429 0.000676
0.002404 0.000684
0.002612 0.000625
0.002563 0.000669
0.002206 0.000577
0.002308 0.000677
0.002772 0.000757
0.002909 0.000704
0.099294 0.136995
0.008448 0.004653
0.002623 0.000737
0.004810 0.001465
0.002832 0.002181
0.002618 0.000664
0.002206 0.000577
0.002308 0.000677
0.001791 0.000522
0.003363 0.000789
0.003608 0.000791
0.002431 0.000661
0.002429 0.000676
0.002404 0.000684
0.003580 0.003411
0.003736 0.004315
0.002360 0.000603
0.134417 0.159203
0.002206 0.000577
0.002308 0.000677
0.002754 0.000683
0.002337 0.000586
0.002816 0.000799
0.003385 0.000767
0.002271 0.000622
0.002728 0.000725
0.003026 0.000807
0.002333 0.000644
0.002866 0.000721
0.002237 0.000588
0.002816 0.000799
0.003385 0.000767
0.002512 0.000612
0.002867 0.000720
0.002245 0.000609
0.002634 0.000667
0.002271 0.000622
0.002728 0.000725
0.002645 0.000679
0.002592 0.000743
0.002301 0.000680
0.002516 0.000604
0.003260 0.000823
0.049830 0.053568
0.003193 0.000763
0.003387 0.000807
0.003495 0.000866
0.002440 0.000591
0.003644 0.000806
0.002824 0.000885
0.002764 0.000808
0.002731 0.000815
0.002305 0.000623
0.002308 0.000634
0.002065 0.000597
0.002798 0.000706
0.002221 0.000626
0.002762 0.000786
0.002862 0.000768
0.002705 0.000759
0.002609 0.001499
0.003033 0.000741
0.003491 0.004896
0.002345 0.000555
0.003681 0.004367
0.002764 0.000796
0.002221 0.000626
0.002762 0.000786
0.002404 0.000706
0.003915 0.000878
0.003289 0.001041
0.003222 0.000777
0.002305 0.000623
0.002308 0.000634
0.004030 0.002773
0.010404 0.001287
0.002585 0.000654
0.022809 0.023927
0.002221 0.000626
0.002762 0.000786
0.002542 0.000598
0.054090 0.053384
0.007464 0.004599
0.002100 0.000519
0.002338 0.000694
0.003787 0.004478
0.002942 0.000693
0.002652 0.000666
0.002880 0.000717
0.002299 0.000594
0.007464 0.004599
0.002100 0.000519
0.002645 0.000679
0.002592 0.000743
0.002656 0.000705
0.002617 0.000609
0.002338 0.000694
0.003787 0.004478
0.002843 0.000655
0.002451 0.000660
0.002332 0.000688
0.002948 0.000714
0.003235 0.000833
0.002864 0.000767
0.002931 0.000686
0.003508 0.000814
0.003571 0.002593
0.005554 0.001837
0.002867 0.000732
0.002549 0.000629
0.002966 0.000848
0.003157 0.000962
0.002461 0.000628
0.002741 0.000652
0.007006 0.002301
0.003461 0.000977
0.002539 0.000699
0.002928 0.000784
0.003276 0.000869
0.143878 0.163138
0.010267 0.012766
0.005439 0.002718
0.003255 0.000777
0.014151 0.012076
0.003099 0.055758
0.002773 0.001932
0.002539 0.000699
0.002928 0.000784
0.002131 0.000626
0.003675 0.000886
0.003302 0.000815
0.003075 0.000833
0.002461 0.000628
0.002741 0.000652
0.004572 0.003136
0.008565 0.000972
0.267553 0.148710
0.016038 0.027951
0.002539 0.000699
0.002928 0.000784
0.113098 0.087350
0.010535 0.001225
0.003955 0.000810
0.001713 0.000518
0.002609 0.000714
0.011456 0.010507
0.003387 0.000729
0.002499 0.000628
0.094672 0.151026
0.002657 0.000698
0.003955 0.000810
0.001713 0.000518
0.002843 0.000655
0.002451 0.000660
0.002498 0.000736
0.003139 0.000811
0.002609 0.000714
0.011456 0.010507
