0.261391
0.154636
0.137368
0.108253
0.155776
0.084538
0.087823
0.281388
0.155776
0.084538
0.095812
0.133387
0.211404
0.112355
0.109019
0.327900
0.134322
0.303424
0.095812
0.133387
0.110883
0.143048
0.232494
0.106750
0.309598
0.154562
0.085532
0.123076
0.087089
0.059382
0.126855
0.148409
0.076058
0.163064
0.211404
0.112355
0.085532
0.123076
0.097229
0.272940
0.261391
0.154636
0.182372
0.088066
0.180597
0.123846
0.181351
0.100680
0.109019
0.327900
0.258002
0.403035
0.092703
0.090246
0.397456
0.196924
0.073753
0.231047
0.038627
0.125601
0.108885
0.140479
0.153667
0.232508
0.128978
0.362063
0.288860
0.125143
0.110014
0.159718
0.410398
0.204884
0.160554
0.153962
0.113538
0.163375
0.282858
0.162519
0.308227
0.141524
0.113538
0.163375
0.227651
0.137670
0.206391
0.112006
0.479193
0.317045
0.100924
0.216373
0.272348
0.623203
0.270153
0.259759
0.240335
0.133426
0.240335
0.133426
0.215224
0.183515
0.181791
0.143260
0.100924
0.216373
0.155719
0.092679
0.227651
0.137670
0.152289
0.161900
0.075179
0.116885
0.215848
0.115160
0.098150
0.199076
0.239396
0.164168
0.097782
0.306324
0.142888
0.184348
0.204905
0.284304
0.305803
0.220362
0.142888
0.184348
0.197370
0.306199
0.454592
0.268932
0.123410
0.185682
0.536995
0.277825
0.106293
0.239114
0.537940
0.268558
0.128245
0.260117
0.433157
0.246699
0.158519
0.198485
0.202316
0.244361
0.166441
0.693030
0.354185
0.340558
0.133674
0.223849
0.199374
0.211957
0.198795
0.275089
0.274553
0.371437
0.210250
0.201617
0.507038
0.166959
0.137783
0.186972
0.166441
0.693030
0.228596
0.142307
0.228596
0.142307
0.289283
0.460031
0.144641
0.561168
0.289283
0.460031
0.310523
0.397423
0.303778
0.435184
0.510773
0.293469
0.410785
0.248418
0.159845
0.294724
0.228912
0.318682
0.182248
0.390726
0.210023
0.672924
0.211828
0.146364
0.556193
0.255378
0.146319
0.329157
0.134705
0.166074
0.306323
0.447727
0.134705
0.166074
0.303540
0.241945
0.407917
0.241030
0.488823
0.438066
0.265736
0.342822
0.328044
0.258515
0.276262
0.254928
0.433786
0.240824
0.303589
0.355172
0.189878
0.257665
0.303589
0.355172
0.274414
0.291733
0.279516
0.262103
0.196757
0.253848
0.303540
0.241945
0.799900
0.265306
0.282245
0.391613
0.457654
0.258955
0.244574
0.766182
0.540166
0.288192
0.187587
0.291650
0.330281
0.634994
0.330281
0.634994
0.202638
0.275504
0.186364
0.229762
0.529376
0.770864
0.455553
0.354603
0.515231
0.529624
0.276331
0.235290
0.855851
1.336956
0.277985
0.600927
0.322554
0.905467
0.317530
1.322140
0.376713
0.584432
0.516960
0.280549
0.291166
0.932907
0.771179
0.354090
0.424700
0.620749
0.186364
0.229762
0.300064
0.236849
0.263394
0.357427
0.538781
0.459404
0.492185
0.457557
0.434103
1.005686
0.605066
0.292180
1.027537
0.512981
0.574501
0.219641
0.391630
0.543385
0.761596
0.450012
0.434335
1.219255
0.580694
0.712381
0.486859
1.464344
0.912469
0.817723
0.346007
0.424968
0.571914
0.835921
0.795309
0.562275
0.288714
0.401320
0.738352
1.117607
0.809963
0.449665
0.725838
0.618902
0.372186
0.316908
0.693925
0.713310
0.856527
0.484649
0.738352
1.117607
0.614661
0.478454
0.614661
0.478454
0.392072
1.256214
0.766926
0.463791
0.573443
0.655649
0.413772
0.402804
0.566843
0.663157
0.910810
0.875769
0.856527
0.484649
0.427616
0.595312
0.795309
0.562275
0.515036
0.475264
0.329508
1.032259
0.725838
0.618902
0.715600
0.570388
0.429438
0.920682
0.722158
1.055520
0.738110
1.709978
2.487419
1.459624
0.757046
0.778963
1.349202
2.826898
0.344713
0.468668
0.724201
0.828019
0.968415
0.585640
0.927850
0.909953
0.539948
0.751696
0.961599
0.568191
0.400058
0.601926
0.968415
0.585640
0.344673
0.775370
1.256835
0.956931
0.344713
0.468668
0.640644
0.993893
0.548541
1.539852
0.968415
0.585640
1.150442
0.738710
0.472078
1.128206
0.415870
1.302807
0.743337
0.462746
0.256095
0.257702
0.472078
1.128206
0.715600
0.570388
0.507725
1.047886
0.415870
1.302807
1.073400
0.855582
0.644157
1.381024
1.083238
1.583280
1.107165
2.564967
3.731129
2.189436
1.135569
1.168444
2.023803
4.240346
0.517070
0.703002
1.086302
1.242029
1.452623
0.878460
1.391775
1.364930
0.809922
1.127544
1.442399
0.852286
0.600088
0.902888
1.452623
0.878460
0.517010
1.163055
1.885252
1.435397
0.517070
0.703002
0.960965
1.490839
0.822811
2.309777
1.452623
0.878460
1.725664
1.108065
0.708118
1.692308
0.623805
1.954211
1.115006
0.694119
0.384142
0.386552
0.708118
1.692308
1.073400
0.855582
0.761587
1.571829
0.623805
1.954211
1.431201
1.140776
0.858876
1.841365
1.444317
2.111040
1.476220
3.419956
4.974839
2.919249
1.514092
1.557925
2.698404
5.653795
0.689427
0.937336
1.448402
1.656038
1.936830
1.171279
1.855701
1.819907
1.079896
1.503392
1.923198
1.136381
0.800117
1.203851
1.936830
1.171279
0.689346
1.550739
2.513669
1.913862
0.689427
0.937336
1.281287
1.987785
1.097081
3.079703
1.936830
1.171279
2.300885
1.477420
0.944157
2.256411
0.831741
2.605614
1.486675
0.925492
0.512190
0.515403
0.944157
2.256411
1.431201
1.140776
1.015450
2.095771
0.831741
2.605614
1.789001
1.425970
1.073595
2.301706
1.805396
2.638800
1.845275
4.274946
6.218548
3.649061
1.892615
1.947407
3.373005
7.067244
0.861784
1.171670
1.810503
2.070048
2.421038
1.464099
2.319626
2.274883
1.349870
1.879240
2.403998
1.420477
1.000146
1.504814
2.421038
1.464099
0.861683
1.938424
3.142087
2.392328
0.861784
1.171670
1.601609
2.484732
1.371351
3.849629
2.421038
1.464099
2.876106
1.846776
1.180196
2.820514
1.039676
3.257018
1.858343
1.156865
0.640237
0.644254
1.180196
2.820514
1.789001
1.425970
1.269312
2.619714
1.039676
3.257018
