0.004612
0.004908
0.003282
0.001986
0.004283
0.001917
0.002294
0.005604
0.004283
0.001917
0.001888
0.003763
0.002866
0.003414
0.004559
0.005347
0.002953
0.005148
0.001888
0.003763
0.002340
0.002977
0.007448
0.004505
0.005621
0.007217
0.002113
0.002828
0.001442
0.001631
0.002540
0.004233
0.001415
0.002327
0.002866
0.003414
0.002113
0.002828
0.001617
0.004887
0.004612
0.004908
0.005556
0.003435
0.003233
0.003200
0.006532
0.002055
0.004559
0.005347
0.006514
0.007089
0.001727
0.001904
0.007886
0.005589
0.001581
0.003801
0.001095
0.002603
0.001359
0.002616
0.004281
0.006232
0.001757
0.006411
0.007473
0.004781
0.002577
0.002923
0.008331
0.007570
0.003124
0.002801
0.002488
0.003501
0.004313
0.006005
0.007215
0.007269
0.002488
0.003501
0.004524
0.002772
0.007710
0.005186
0.006998
0.007345
0.001782
0.004042
0.004063
0.006553
0.003522
0.003952
0.006392
0.002464
0.006392
0.002464
0.007645
0.004534
0.005272
0.002861
0.001782
0.004042
0.001873
0.001705
0.004524
0.002772
0.002358
0.003995
0.001717
0.001561
0.007059
0.002476
0.002118
0.003577
0.006764
0.005688
0.002132
0.003764
0.001991
0.005959
0.007308
0.007466
0.006695
0.004573
0.001991
0.005959
0.007532
0.016708
0.007655
0.007462
0.003526
0.005638
0.007412
0.007111
0.001441
0.003722
0.011452
0.007779
0.002359
0.006423
0.007233
0.010299
0.002708
0.005401
0.006961
0.005367
0.002073
0.008702
0.006043
0.004968
0.002867
0.005002
0.005223
0.010093
0.006347
0.006929
0.010072
0.008366
0.003470
0.003179
0.006946
0.004360
0.003441
0.006924
0.002073
0.008702
0.009563
0.005027
0.009563
0.005027
0.008035
0.010529
0.003368
0.006436
0.008035
0.010529
0.007597
0.004921
0.007539
0.004712
0.011450
0.006334
0.010097
0.002425
0.004710
0.006492
0.009178
0.009303
0.004152
0.013783
0.007720
0.007006
0.004893
0.002646
0.009849
0.011786
0.003134
0.006276
0.002867
0.003216
0.010359
0.012145
0.002867
0.003216
0.008531
0.006707
0.009339
0.008872
0.011065
0.011377
0.004166
0.006035
0.008252
0.008865
0.010873
0.007856
0.010941
0.004116
0.009343
0.011523
0.005465
0.007823
0.009343
0.011523
0.007346
0.008713
0.004473
0.003895
0.004615
0.007433
0.008531
0.006707
0.010414
0.010659
0.013886
0.008108
0.014507
0.006594
0.005968
0.013505
0.016714
0.007773
0.006062
0.010320
0.008309
0.012064
0.008309
0.012064
0.010011
0.008602
0.005951
0.011242
0.013102
0.012757
0.008080
0.011633
0.011781
0.014560
0.010884
0.008595
0.018019
0.012592
0.009292
0.007479
0.007539
0.013667
0.010618
0.015513
0.011482
0.144561
0.010489
0.013983
0.009619
0.013513
0.013734
0.009954
0.011715
0.013815
0.005951
0.011242
0.010738
0.005396
0.006956
0.012982
0.010331
0.010196
0.015277
0.011630
0.011798
0.014107
0.016668
0.005616
0.013732
0.009870
0.010232
0.008471
0.016534
0.008550
0.012041
0.020562
0.009721
0.025417
0.009288
0.013679
0.008794
0.018761
0.017342
0.017823
0.008620
0.012607
0.015966
0.021386
0.018568
0.014519
0.009916
0.015785
0.016571
0.014620
0.012569
0.009794
0.012328
0.015951
0.018367
0.011155
0.016310
0.017783
0.021997
0.011250
0.016571
0.014620
0.015148
0.010949
0.015148
0.010949
0.010700
0.018153
0.017145
0.009138
0.010625
0.018999
0.013335
0.012352
0.014940
0.014193
0.010433
0.011210
0.021997
0.011250
0.015567
0.015486
0.018568
0.014519
0.017637
0.009277
0.011091
0.017434
0.012328
0.015951
0.025486
0.011502
0.010197
0.028051
0.022389
0.030175
0.019092
0.021589
0.014765
0.018301
0.013819
0.011712
0.015159
0.015622
0.016134
0.013201
0.011634
0.023648
0.020807
0.008268
0.016321
0.019688
0.018837
0.013840
0.015578
0.039437
0.015141
0.018147
0.020807
0.008268
0.007485
0.037377
0.018365
0.014530
0.016134
0.013201
0.024425
0.031755
0.008983
0.046788
0.020807
0.008268
0.016789
0.040715
0.013512
0.025667
0.013148
0.023466
0.018916
0.013110
0.027470
0.008822
0.013512
0.025667
0.025486
0.011502
0.011346
0.019437
0.013148
0.023466
0.052399
0.015409
0.013475
0.033619
0.031863
0.048428
0.033485
0.027537
0.023056
0.028643
0.017059
0.019416
0.025003
0.017668
0.022259
0.024436
0.020145
0.030564
0.051511
0.012045
0.024866
0.038517
0.051130
0.028661
0.025050
0.105272
0.019746
0.025662
0.051511
0.012045
0.009492
0.029165
0.028468
0.028025
0.022259
0.024436
0.034013
0.025735
0.032547
1.253732
0.051511
0.012045
0.029556
0.060179
0.026227
0.054496
0.013134
0.029394
0.024323
0.019924
0.044088
0.017966
0.026227
0.054496
0.052399
0.015409
0.014936
0.027239
0.013134
0.029394
0.041186
0.020719
0.017673
0.041902
0.040589
0.535377
0.038038
0.038355
0.027421
0.037779
0.024822
0.019323
0.027064
0.021401
0.034347
0.029858
0.045000
0.032016
0.040251
0.023672
0.035376
0.069908
0.014606
0.060190
0.038071
0.052092
0.071551
0.029058
0.040251
0.023672
0.015611
0.030514
0.038389
0.029532
0.034347
0.029858
0.040890
0.043694
0.048247
0.406791
0.040251
0.023672
0.047305
0.461154
0.059177
0.078157
0.013061
0.037733
0.042437
0.024439
0.062012
0.032288
0.059177
0.078157
0.041186
0.020719
0.020864
0.042464
0.013061
0.037733
0.057327
0.031349
0.021503
0.054248
0.054764
0.065016
0.047895
0.062554
0.038538
0.061453
0.031522
0.020364
0.029239
0.027187
0.052540
0.052788
0.082845
0.039396
0.062345
0.043761
0.043492
0.812774
0.036530
0.075481
0.047671
0.192560
0.033835
0.056094
0.062345
0.043761
0.017099
0.035268
0.051086
0.028673
0.052540
0.052788
0.053372
0.041124
0.103719
0.419571
0.062345
0.043761
0.797005
0.070469
0.038919
0.084332
0.016539
0.069867
0.055809
0.039306
0.836751
0.045955
0.038919
0.084332
0.057327
0.031349
0.026453
0.059730
0.016539
0.069867
