0.002485 0.000758
0.002670 0.000566
0.001406 0.000218
0.000459 0.000076
0.002308 0.000518
0.000343 0.000054
0.000653 0.000086
0.003158 0.000783
0.002308 0.000518
0.000343 0.000054
0.000401 0.000064
0.001833 0.000306
0.001164 0.000159
0.001491 0.000299
0.002379 0.000626
0.003437 0.000932
0.001089 0.000189
0.002934 0.000798
0.000401 0.000064
0.001833 0.000306
0.000643 0.000095
0.001169 0.000298
0.004869 0.001095
0.002355 0.000535
0.003322 0.000783
0.004718 0.001265
0.000464 0.000061
0.001053 0.000250
0.000140 0.000037
0.000197 0.000027
0.000772 0.000098
0.002063 0.000546
0.000116 0.000025
0.000777 0.000113
0.001164 0.000159
0.001491 0.000299
0.000464 0.000061
0.001053 0.000250
0.000235 0.000036
0.002431 0.000455
0.002485 0.000758
0.002670 0.000566
0.003248 0.000808
0.001543 0.000405
0.001334 0.000231
0.001302 0.000207
0.004189 0.001341
0.000524 0.000072
0.002379 0.000626
0.003437 0.000932
0.004016 0.000919
0.004426 0.000776
0.000288 0.000051
0.000414 0.000054
0.004927 0.001292
0.003151 0.000913
0.000207 0.000038
0.001879 0.000314
0.000033 0.000009
0.000855 0.000181
0.000109 0.000025
0.000842 0.000175
0.002110 0.000446
0.004219 0.001193
0.000316 0.000048
0.003555 0.000892
0.005275 0.000983
0.002655 0.000743
0.000864 0.000128
0.001189 0.000164
0.005700 0.000900
0.004826 0.000899
0.001236 0.000404
0.000912 0.000264
0.000738 0.000138
0.001630 0.000375
0.002292 0.000444
0.003686 0.000855
0.005120 0.001026
0.004738 0.001054
0.000738 0.000138
0.001630 0.000375
0.002449 0.000554
0.001044 0.000154
0.005160 0.000929
0.003349 0.000880
0.005249 0.000785
0.004662 0.000929
0.000322 0.000052
0.002120 0.000486
0.002077 0.000363
0.004216 0.000676
0.001613 0.000289
0.001869 0.000285
0.003865 0.001137
0.000756 0.000119
0.003865 0.001137
0.000756 0.000119
0.004890 0.001061
0.002324 0.000715
0.002714 0.000517
0.001051 0.000139
0.000322 0.000052
0.002120 0.000486
0.000564 0.000109
0.000284 0.000037
0.002449 0.000554
0.001044 0.000154
0.000701 0.000091
0.001949 0.000453
0.000344 0.000042
0.000156 0.000022
0.004849 0.001361
0.000703 0.000106
0.000548 0.000105
0.001651 0.000314
0.004591 0.001334
0.003323 0.000810
0.000693 0.000086
0.001800 0.000334
0.000420 0.000071
0.003393 0.001027
0.004538 0.001298
0.004956 0.001514
0.004560 0.001238
0.002246 0.000543
0.000420 0.000071
0.003393 0.001027
0.004978 0.000988
0.015451 0.026462
0.006017 0.001006
0.005722 0.000663
0.001466 0.000251
0.003293 0.000901
0.004704 0.000953
0.004891 0.000828
0.000144 0.000026
0.001750 0.000391
0.008764 0.000997
0.006118 0.000917
0.000628 0.000135
0.004029 0.001111
0.004895 0.000872
0.007525 0.000915
0.000917 0.000140
0.003040 0.000806
0.004756 0.000814
0.003223 0.000590
0.000760 0.000113
0.007020 0.000848
0.003693 0.000713
0.002517 0.000468
0.001028 0.000141
0.002702 0.000784
0.003006 0.000828
0.007909 0.001161
0.003921 0.000792
0.004472 0.000738
0.007470 0.001370
0.005511 0.000845
0.001459 0.000271
0.001125 0.000308
0.005147 0.000711
0.002220 0.000605
0.001560 0.000228
0.004499 0.001146
0.000760 0.000113
0.007020 0.000848
0.007047 0.001175
0.002847 0.000719
0.007047 0.001175
0.002847 0.000719
0.006523 0.001151
0.007787 0.000975
0.001461 0.000236
0.003862 0.000951
0.006523 0.001151
0.007787 0.000975
0.005248 0.000955
0.002795 0.000664
0.005250 0.001497
0.002377 0.000636
0.008881 0.001489
0.003695 0.000975
0.007761 0.001256
0.001006 0.000175
0.002542 0.000748
0.004106 0.001177
0.006423 0.000877
0.007743 0.000772
0.002090 0.000454
0.012488 0.001125
0.005313 0.001156
0.005401 0.000750
0.002702 0.000711
0.000907 0.000139
0.007082 0.000886
0.010511 0.001304
0.001326 0.000220
0.003919 0.001012
0.001053 0.000260
0.001356 0.000234
0.008767 0.001402
0.009795 0.001741
0.001053 0.000260
0.001356 0.000234
0.005899 0.001227
0.004156 0.001225
0.007902 0.001199
0.006456 0.001232
0.008590 0.001165
0.008720 0.001226
0.001980 0.000411
0.003763 0.001237
0.006041 0.000957
0.006118 0.000891
0.008301 0.001087
0.005108 0.000924
0.008668 0.001160
0.002167 0.000823
0.006580 0.000887
0.010254 0.001177
0.002964 0.000680
0.006128 0.000814
0.006580 0.000887
0.010254 0.001177
0.005123 0.000982
0.006074 0.001339
0.002691 0.000590
0.001633 0.000272
0.002555 0.000790
0.005738 0.000793
0.005899 0.001227
0.004156 0.001225
0.007838 0.001529
0.008646 0.001056
0.011276 0.001222
0.005539 0.001089
0.011742 0.001499
0.004111 0.001117
0.003581 0.001749
0.012096 0.001587
0.014325 0.001199
0.005904 0.001224
0.003623 0.000898
0.008856 0.001040
0.006758 0.000799
0.010104 0.001460
0.006758 0.000799
0.010104 0.001460
0.008157 0.000999
0.005916 0.000873
0.003103 0.000827
0.009872 0.001326
0.010511 0.001533
0.010183 0.001462
0.005740 0.001259
0.008953 0.001118
0.010110 0.001444
0.012120 0.001454
0.008216 0.000859
0.006185 0.000988
0.015141 0.001459
0.010019 0.001415
0.007002 0.001022
0.004752 0.001303
0.005238 0.001302
0.012287 0.000647
0.007960 0.001066
0.014521 0.001368
0.008673 0.001024
0.013114 0.004407
0.008710 0.005352
0.011742 0.002359
0.007604 0.001097
0.010824 0.001176
0.011226 0.001299
0.008466 0.001137
0.009693 0.001300
0.011505 0.001603
0.003103 0.000827
0.009872 0.001326
0.008021 0.001072
0.003017 0.000817
0.004499 0.000975
0.011817 0.001706
0.008968 0.001326
0.008613 0.001264
0.014242 0.001672
0.008951 0.001152
0.010525 0.001534
0.013067 0.001415
0.014037 0.001351
0.003227 0.000643
0.011034 0.001395
0.007407 0.001058
0.008115 0.001435
0.005593 0.000968
0.014054 0.001478
0.006785 0.000910
0.009703 0.001465
0.018284 0.001553
0.008231 0.001004
0.024890 0.001560
0.006800 0.000984
0.011323 0.001724
0.005929 0.000963
0.016462 0.001481
0.016416 0.001652
0.015758 0.001562
0.005755 0.000923
0.011423 0.001284
0.013478 0.001722
0.019255 0.001765
0.017790 0.001485
0.012095 0.001340
0.007805 0.001076
0.013274 0.001311
0.013976 0.001408
0.013629 0.001584
0.010218 0.001756
0.008320 0.001140
0.010944 0.001673
0.014729 0.001260
0.017364 0.001459
0.008516 0.001065
0.014599 0.001636
0.015464 0.001435
0.019593 0.001314
0.009930 0.001266
0.013976 0.001408
0.013629 0.001584
0.012692 0.001351
0.008631 0.001245
0.012692 0.001351
0.008631 0.001245
0.008764 0.001141
0.015932 0.001183
0.015106 0.001897
0.006297 0.000821
0.008156 0.001494
0.016461 0.001468
0.012164 0.001403
0.009683 0.001098
0.012770 0.001358
0.012628 0.001521
0.008641 0.001889
0.008663 0.001284
0.019593 0.001314
0.009930 0.001266
0.014590 0.008137
0.020278 0.001693
0.017790 0.001485
0.012095 0.001340
0.016602 0.001237
0.006604 0.001300
0.008456 0.000933
0.016488 0.001736
0.010944 0.001673
0.014729 0.001260
0.025088 0.001279
0.010192 0.001104
0.007698 0.001169
0.026049 0.001630
0.019840 0.001830
0.028419 0.001935
0.017977 0.002140
0.020967 0.001765
0.013657 0.001790
0.017555 0.001713
0.011271 0.001494
0.010574 0.001787
0.013351 0.001702
0.013130 0.001650
0.013923 0.001819
0.012007 0.001431
0.008911 0.001542
0.021316 0.001820
0.018696 0.002052
0.006784 0.000917
0.015398 0.001499
0.018884 0.001783
0.018240 0.005102
0.011708 0.005329
0.014490 0.001669
0.038041 0.001413
0.013029 0.001886
0.017328 0.001591
0.018696 0.002052
0.006784 0.000917
0.005824 0.000845
0.037065 0.001348
0.017448 0.001759
0.013243 0.001640
0.013923 0.001819
0.012007 0.001431
0.021205 0.002171
0.030845 0.008401
0.006680 0.001095
0.047781 0.001938
0.018696 0.002052
0.006784 0.000917
0.014307 0.001417
0.039168 0.001495
0.010991 0.001512
0.025265 0.001807
0.010612 0.001205
0.021351 0.001919
0.018037 0.001740
0.010670 0.001351
0.027280 0.001739
0.006136 0.000836
0.010991 0.001512
0.025265 0.001807
0.025088 0.001279
0.010192 0.001104
0.009986 0.001223
0.018691 0.001777
0.010612 0.001205
0.021351 0.001919
0.053607 0.001463
0.013260 0.001904
0.011745 0.001524
0.032271 0.001934
0.029456 0.002246
0.047777 0.002568
0.034044 0.002282
0.025943 0.002377
0.020039 0.002147
0.028678 0.001638
0.016231 0.001560
0.018643 0.001760
0.022616 0.002157
0.015325 0.001843
0.020275 0.001732
0.022127 0.001664
0.017829 0.001653
0.028903 0.001692
0.051454 0.001527
0.010003 0.001485
0.024470 0.001927
0.039207 0.001831
0.040411 0.045272
0.028686 0.003988
0.022802 0.001939
0.110090 0.001580
0.017836 0.002390
0.023928 0.001843
0.051454 0.001527
0.010003 0.001485
0.007742 0.001056
0.028608 0.002206
0.028176 0.002102
0.028010 0.001597
0.020275 0.001732
0.022127 0.001664
0.034406 0.003550
0.022075 0.002644
0.030872 0.001480
1.175375 0.055920
0.051454 0.001527
0.010003 0.001485
0.029417 0.001834
0.059917 0.001439
0.023913 0.001993
0.054651 0.002004
0.011109 0.001429
0.029322 0.001933
0.023973 0.002117
0.017897 0.001627
0.043354 0.001799
0.015653 0.001474
0.023913 0.001993
0.054651 0.002004
0.053607 0.001463
0.013260 0.001904
0.013777 0.001553
0.027084 0.001968
0.011109 0.001429
0.029322 0.001933
0.040433 0.001638
0.019802 0.002002
0.015109 0.001652
0.041228 0.001729
0.041378 0.002109
0.577320 0.015570
0.038636 0.002334
0.037224 0.002559
0.024662 0.002323
0.036594 0.001503
0.022730 0.002124
0.018598 0.002153
0.025309 0.002085
0.021099 0.002073
0.033377 0.001515
0.029585 0.001395
0.043955 0.001397
0.031056 0.001943
0.040736 0.001398
0.021550 0.002152
0.033856 0.002019
0.072685 0.001895
0.012523 0.001807
0.062943 0.002059
0.038955 0.003027
0.052099 0.001277
0.020501 0.004011
0.028768 0.002084
0.040736 0.001398
0.021550 0.002152
0.014184 0.001663
0.030605 0.002683
0.038965 0.002369
0.029428 0.002127
0.033377 0.001515
0.029585 0.001395
0.041752 0.004203
0.042094 0.005066
0.049605 0.001813
0.446909 0.012411
0.040736 0.001398
0.021550 0.002152
0.046820 0.001747
0.492844 0.017055
0.030912 0.005953
0.081294 0.000994
0.011752 0.001786
0.038490 0.004576
0.041685 0.002024
0.024121 0.001885
0.062380 0.001916
0.030703 0.001435
0.030912 0.005953
0.081294 0.000994
0.040433 0.001638
0.019802 0.002002
0.020157 0.001846
0.043378 0.001816
0.011752 0.001786
0.038490 0.004576
0.057418 0.001841
0.031442 0.001655
0.018931 0.001634
0.053769 0.001985
0.056805 0.002218
0.066084 0.001933
0.049231 0.001840
0.063657 0.002385
0.039269 0.002658
0.062804 0.002990
0.029044 0.002020
0.018247 0.001683
0.027507 0.002410
0.027006 0.002450
0.054008 0.001417
0.054345 0.001825
0.074974 0.003346
0.039436 0.002164
0.065167 0.001644
0.044757 0.002100
0.041883 0.002132
0.922411 0.018575
0.037441 0.003798
0.029017 0.004221
0.049106 0.002314
0.196364 0.016343
0.025946 0.006736
0.058029 0.002157
0.065167 0.001644
0.044757 0.002100
0.016271 0.001330
0.035723 0.002892
0.052602 0.002394
0.026899 0.002071
0.054008 0.001417
0.054345 0.001825
0.058306 0.002688
0.039654 0.004488
0.071806 0.009547
0.457995 0.008893
0.065167 0.001644
0.044757 0.002100
0.900697 0.011915
0.074917 0.004018
0.038550 0.002254
0.088075 0.000788
0.014624 0.001665
0.072762 0.008675
0.055819 0.001883
0.038161 0.001646
0.901346 0.024349
0.045304 0.001915
0.038550 0.002254
0.088075 0.000788
0.057418 0.001841
0.031442 0.001655
0.026177 0.001800
0.062408 0.002031
0.014624 0.001665
0.072762 0.008675
