0.001520 0.001081
0.001509 0.001022
0.001317 0.000867
0.001118 0.000805
0.001497 0.000995
0.001090 0.000774
0.001159 0.000801
0.001623 0.001072
0.001497 0.000995
0.001090 0.000774
0.001091 0.000785
0.001411 0.000904
0.001287 0.000857
0.001340 0.000914
0.001499 0.001022
0.001642 0.001134
0.001265 0.000873
0.001591 0.001091
0.001091 0.000785
0.001411 0.000904
0.001176 0.000806
0.001270 0.000912
0.001880 0.001186
0.001461 0.001001
0.001591 0.001073
0.001785 0.001239
0.001130 0.000787
0.001246 0.000889
0.000980 0.000753
0.001016 0.000742
0.001206 0.000819
0.001451 0.001000
0.000977 0.000735
0.001205 0.000821
0.001287 0.000857
0.001340 0.000914
0.001130 0.000787
0.001246 0.000889
0.001025 0.000752
0.001531 0.000958
0.001520 0.001081
0.001509 0.001022
0.001595 0.001092
0.001357 0.000959
0.001315 0.000879
0.001304 0.000872
0.001743 0.001294
0.001137 0.000802
0.001499 0.001022
0.001642 0.001134
0.001708 0.001114
0.001714 0.001082
0.001056 0.000768
0.001092 0.000777
0.001970 0.001275
0.001600 0.001126
0.001014 0.000753
0.001379 0.000905
0.000879 0.000692
0.001224 0.000866
0.000945 0.000736
0.001240 0.000858
0.001437 0.000981
0.001733 0.001204
0.001061 0.000763
0.001707 0.001128
0.001832 0.001116
0.001549 0.001078
0.001221 0.000823
0.001273 0.000850
0.001866 0.001108
0.001858 0.001127
0.001352 0.000963
0.001300 0.000918
0.001200 0.000842
0.001354 0.000940
0.001481 0.000983
0.001618 0.001093
0.001877 0.001176
0.001838 0.001180
0.001200 0.000842
0.001354 0.000940
0.001497 0.001005
0.001253 0.000842
0.001760 0.001126
0.031382 0.006249
0.001801 0.001076
0.001816 0.001140
0.001068 0.000774
0.001491 0.000988
0.001444 0.000928
0.001730 0.001028
0.001364 0.000892
0.001403 0.000889
0.001672 0.001212
0.001206 0.000822
0.001672 0.001212
0.001206 0.000822
0.001843 0.001155
0.001504 0.001081
0.001576 0.000979
0.001254 0.000836
0.001068 0.000774
0.001491 0.000988
0.001177 0.000832
0.001035 0.000754
0.001497 0.001005
0.001253 0.000842
0.001170 0.000806
0.001431 0.000973
0.001070 0.000766
0.001009 0.000743
0.001824 0.001257
0.001197 0.000818
0.001142 0.000820
0.001361 0.000924
0.001781 0.001261
0.001673 0.001091
0.001171 0.000800
0.001376 0.000912
0.001092 0.000798
0.001703 0.001162
0.001848 0.001267
0.001901 0.001345
0.001793 0.001219
0.001476 0.001003
0.001092 0.000798
0.001703 0.001162
0.001827 0.001140
0.137925 0.412700
0.001829 0.001126
0.001762 0.001031
0.001343 0.000901
0.001640 0.001130
0.001825 0.001141
0.001803 0.001086
0.000980 0.000737
0.001385 0.000958
0.001920 0.001073
0.001804 0.001100
0.001201 0.000842
0.001724 0.001190
0.001831 0.001099
0.001896 0.001075
0.001237 0.000835
0.001602 0.001097
0.001746 0.001084
0.001597 0.001006
0.001211 0.000829
0.001849 0.001081
0.001643 0.001061
0.001537 0.000961
0.001271 0.000834
0.001569 0.001097
0.001581 0.001105
0.001976 0.001189
0.001777 0.001076
0.001737 0.001064
0.002043 0.001271
0.001856 0.001064
0.001353 0.000904
0.001377 0.000942
0.001759 0.001043
0.001482 0.001036
0.001335 0.000870
0.001819 0.001200
0.001211 0.000829
0.001849 0.001081
0.001902 0.001135
0.001537 0.001065
0.001902 0.001135
0.001537 0.001065
0.001889 0.001167
0.001904 0.001067
0.001344 0.000873
0.001670 0.001142
0.001889 0.001167
0.001904 0.001067
0.001872 0.001162
0.001547 0.001062
0.001883 0.001382
0.001487 0.001089
0.002001 0.001305
0.001666 0.001142
0.001898 0.001163
0.001243 0.000860
0.001555 0.001079
0.001765 0.001202
0.001845 0.001057
0.001855 0.001078
0.001423 0.000981
0.001967 0.001149
0.001846 0.001225
0.001760 0.001072
0.001512 0.001059
0.001231 0.000833
0.001891 0.001072
0.002001 0.001189
0.001291 0.000885
0.001687 0.001163
0.001286 0.000888
0.001323 0.000888
0.001999 0.001304
0.002165 0.001414
0.001286 0.000888
0.001323 0.000888
0.001953 0.001246
0.001760 0.001238
0.001957 0.001116
0.001862 0.001187
0.001946 0.001151
0.002004 0.001152
0.001440 0.000957
0.001788 0.001230
0.001884 0.001132
0.001844 0.001074
0.001940 0.001114
0.001883 0.001145
0.001924 0.001135
0.001559 0.001142
0.001910 0.001083
0.001951 0.001109
0.001556 0.001054
0.001844 0.001063
0.001910 0.001083
0.001951 0.001109
0.001812 0.001147
0.001985 0.001255
0.001571 0.001027
0.001419 0.000898
0.001536 0.001082
0.001826 0.001063
0.001953 0.001246
0.001760 0.001238
0.001988 0.001374
0.001886 0.001108
0.001936 0.001168
0.001877 0.001192
0.002021 0.001257
0.001726 0.001195
0.181679 0.003628
0.002085 0.001456
0.002044 0.001216
0.001875 0.001240
0.001711 0.001158
0.001892 0.001124
0.001831 0.001061
0.001941 0.001204
0.001831 0.001061
0.001941 0.001204
0.001889 0.001092
0.001869 0.001079
0.001680 0.001110
0.002032 0.001256
0.002004 0.001260
0.002003 0.001302
0.001965 0.001267
0.001906 0.001130
0.001986 0.001270
0.001984 0.001275
0.001873 0.001046
0.001867 0.001112
0.002126 0.001282
0.001971 0.001204
0.001858 0.001093
0.001860 0.001269
0.001771 0.001339
0.001905 0.001005
0.001903 0.001122
0.002046 0.001198
0.001954 0.001138
0.057045 1.112817
0.246320 0.029160
33.321005 0.002011
0.001885 0.001110
0.001962 0.001146
0.002031 0.001209
0.001961 0.001178
0.001937 0.001210
0.002157 0.001292
0.001680 0.001110
0.002032 0.001256
0.001890 0.001113
0.001647 0.001110
0.001746 0.001151
0.002030 0.001526
0.001939 0.001166
0.001929 0.001186
0.002054 0.001358
0.001930 0.001150
0.002058 0.001323
0.001983 0.001231
0.001995 0.001192
0.001605 0.001026
0.001959 0.001225
0.001960 0.001176
0.002016 0.001261
0.001859 0.001134
0.002031 0.001200
0.001852 0.001074
0.002027 0.001262
0.002091 0.001257
0.001871 0.001096
0.002128 0.001331
0.001881 0.001105
0.002053 0.001547
0.001928 0.001155
0.002146 0.001319
0.002060 0.001382
0.002180 0.001347
0.001881 0.001101
0.002000 0.001159
0.002047 0.001428
0.002230 0.001424
0.328180 0.398090
0.002036 0.001230
0.001879 0.001116
0.001957 0.001217
0.002093 0.001283
0.002039 0.001314
0.002075 0.001470
0.001887 0.001133
0.002008 0.001372
0.002016 0.001167
0.002060 0.001298
0.001909 0.001087
0.002087 0.001331
0.002023 0.001216
0.002060 0.001215
0.001984 0.001199
0.002093 0.001283
0.002039 0.001314
0.002069 0.001236
0.001961 0.001164
0.002069 0.001236
0.001961 0.001164
0.001926 0.001125
0.002047 0.001190
0.002548 0.001624
0.001861 0.001070
0.002004 0.001223
0.002020 0.001228
0.002002 0.001194
0.001977 0.001113
0.002082 0.001228
0.002019 0.001282
0.687927 0.017527
0.001967 0.001204
0.002060 0.001215
0.001984 0.001199
0.088481 0.009796
0.090398 0.076907
0.328180 0.398090
0.002036 0.001230
0.001965 0.001184
0.001981 0.001236
0.001910 0.001060
0.002112 0.001297
0.002008 0.001372
0.002016 0.001167
0.002075 0.001216
0.001924 0.001153
0.001916 0.001140
0.002365 0.001276
0.002210 0.001512
0.002638 0.001580
0.002763 0.001629
0.002128 0.001379
0.002503 0.001532
0.002055 0.001325
0.002027 0.001227
0.002021 0.001608
0.002089 0.001482
0.002124 0.001369
0.002286 0.001483
0.002097 0.001271
0.002016 0.001310
0.002607 0.001386
0.002729 0.001583
0.001861 0.001087
0.002088 0.001294
0.002157 0.001531
0.513540 0.041123
0.831055 0.008883
0.002224 0.001328
0.002115 0.001220
0.002128 0.001536
0.002206 0.001304
0.002729 0.001583
0.001861 0.001087
0.001792 0.001063
0.054802 0.032755
0.002102 0.001485
0.002048 0.001409
0.002286 0.001483
0.002097 0.001271
0.033716 0.028187
0.524341 1.665528
0.001925 0.001128
0.004215 0.001412
0.002729 0.001583
0.001861 0.001087
0.001955 0.001219
0.002846 0.001319
0.001991 0.001337
0.002127 0.001471
0.001989 0.001173
0.002955 0.001474
0.002073 0.001463
0.002033 0.001212
0.002783 0.001279
0.001869 0.001052
0.001991 0.001337
0.002127 0.001471
0.002075 0.001216
0.001924 0.001153
0.001990 0.001226
0.002349 0.001449
0.001989 0.001173
0.002955 0.001474
0.002951 0.001306
0.002586 0.001612
0.002042 0.001329
0.003307 0.001430
0.004710 0.001820
0.004156 0.001768
0.004159 0.001575
0.004350 0.001919
0.003515 0.001685
0.002470 0.001231
0.002068 0.001298
0.002030 0.001447
0.002610 0.001850
0.002089 0.001654
0.002885 0.001355
0.002204 0.001358
0.002451 0.001325
0.003212 0.001358
0.002055 0.001202
0.002027 0.001338
0.002181 0.001585
0.003016 0.001348
0.526274 0.473878
0.044303 0.030948
0.002247 0.001529
0.849421 0.760776
0.002692 0.886479
0.003258 0.001353
0.002055 0.001202
0.002027 0.001338
0.001983 0.001146
0.003836 0.001460
0.003601 0.001650
0.002084 0.001423
0.002885 0.001355
0.002204 0.001358
0.030229 0.035003
0.017410 3.211144
0.002088 0.001225
0.719892 1.932899
0.002055 0.001202
0.002027 0.001338
0.002561 0.001521
0.003000 0.001252
0.003466 0.001529
0.004067 0.001545
0.002004 0.001302
0.002406 0.001498
0.003848 0.001547
0.002086 0.001261
0.003249 0.001500
0.002086 0.001257
0.003466 0.001529
0.004067 0.001545
0.002951 0.001306
0.002586 0.001612
0.002049 0.001307
0.002521 0.001442
0.002004 0.001302
0.002406 0.001498
0.002696 0.001313
0.002651 0.001426
0.002087 0.001425
0.002353 0.001263
0.003287 0.001622
0.124519 0.294285
0.003826 0.001581
0.003361 0.001756
0.004048 0.001736
0.002105 0.001273
0.004080 0.001634
0.002240 0.001683
0.002083 0.001785
0.002164 0.001721
0.002367 0.001285
0.002262 0.001267
0.002222 0.001246
0.003313 0.001395
0.002065 0.001234
0.002428 0.001636
0.002868 0.001597
0.003472 0.001412
0.021042 0.006293
0.003485 0.001508
0.003004 0.015954
0.002523 0.001152
0.335456 0.021623
0.002294 0.001712
0.002065 0.001234
0.002428 0.001636
0.002115 0.001490
0.004730 0.001639
0.004013 0.001813
0.002933 0.001744
0.002367 0.001285
0.002262 0.001267
0.016857 0.028887
0.438421 0.331010
0.002680 0.001322
0.051544 0.324236
0.002065 0.001234
0.002428 0.001636
0.002873 0.001293
0.070771 0.434080
0.637451 0.889205
0.002068 0.001167
0.002018 0.001441
0.004833 0.816402
0.003870 0.001438
0.002573 0.001375
0.003138 0.001400
0.002115 0.001201
0.637451 0.889205
0.002068 0.001167
0.002696 0.001313
0.002651 0.001426
0.002197 0.001439
0.003086 0.001365
0.002018 0.001441
0.004833 0.816402
0.003519 0.001358
0.002147 0.001335
0.002201 0.001438
0.002906 0.001393
0.003630 0.001584
0.003034 0.001643
0.002846 0.001405
0.004117 0.001762
1.098472 0.802445
0.111677 0.105321
0.003373 0.001372
0.003121 0.001404
0.002764 0.001818
0.002861 0.001933
0.002370 0.001227
0.003106 0.001343
0.741568 0.445887
0.022227 0.014036
0.002482 0.001396
0.003137 0.001596
0.004236 0.001724
1.024924 0.853884
0.146628 0.105680
0.381347 0.031665
0.003385 0.001543
0.314697 0.374575
0.002750 0.485085
0.644777 0.856508
0.002482 0.001396
0.003137 0.001596
0.002039 0.001159
0.004648 0.001695
0.003139 0.001629
0.003594 0.001667
0.002370 0.001227
0.003106 0.001343
0.030814 0.027652
0.030868 0.031643
2.089890 0.906055
0.029431 0.140228
0.002482 0.001396
0.003137 0.001596
0.548362 1.164331
0.681455 0.485874
0.005602 0.001753
0.001976 0.001052
0.002200 0.001471
0.043007 0.057524
0.004549 0.001498
0.002143 0.001296
1.112548 1.003351
0.002489 0.001384
0.005602 0.001753
0.001976 0.001052
0.003519 0.001358
0.002147 0.001335
0.002105 0.001644
0.003316 0.001545
0.002200 0.001471
0.043007 0.057524
