0.002101
0.002195
0.001569
0.000955
0.002082
0.000897
0.001106
0.002798
0.002082
0.000897
0.000915
0.001835
0.001499
0.001632
0.002081
0.003526
0.001414
0.002453
0.000915
0.001835
0.001107
0.001446
0.005017
0.002051
0.003102
0.004494
0.000995
0.001365
0.000737
0.000750
0.001213
0.001941
0.000716
0.001221
0.001499
0.001632
0.000995
0.001365
0.000755
0.002177
0.002101
0.002195
0.003132
0.001669
0.001542
0.001533
0.003782
0.001023
0.002081
0.003526
0.003763
0.004321
0.000804
0.000931
0.004954
0.002838
0.000737
0.001867
0.000658
0.001241
0.000706
0.001232
0.001965
0.004186
0.000837
0.003686
0.005414
0.002240
0.001248
0.001471
0.005883
0.004968
0.001507
0.001325
0.001185
0.001706
0.002087
0.003533
0.005285
0.004826
0.001185
0.001706
0.002117
0.001377
0.005257
0.003870
0.005274
0.004735
0.000832
0.002048
0.001980
0.004219
0.001707
0.001835
0.003652
0.001154
0.003652
0.001154
0.005000
0.002049
0.002324
0.001368
0.000832
0.002048
0.001108
0.000793
0.002117
0.001377
0.001126
0.001868
0.000889
0.000718
0.004729
0.001182
0.001029
0.001700
0.004268
0.003481
0.001157
0.001803
0.000937
0.003206
0.004530
0.004900
0.004268
0.002074
0.000937
0.003206
0.005049
479085.090456
0.006359
0.005708
0.001675
0.003123
0.004566
0.004762
0.000722
0.001761
0.009032
0.006125
0.001102
0.003699
0.005207
0.007678
0.001292
0.002611
0.004637
0.003215
0.001221
0.007094
0.003648
0.002207
0.001366
0.002250
0.002593
0.007839
0.004197
0.004417
0.007537
0.005769
0.001646
0.001481
0.005237
0.001999
0.001652
0.004513
0.001221
0.007094
0.007153
0.002287
0.007153
0.002287
0.006856
0.007799
0.001599
0.003777
0.006856
0.007799
0.005691
0.002295
0.005075
0.002115
0.009032
0.003590
0.007760
0.001368
0.002128
0.003881
0.006679
0.007733
0.001920
0.012780
0.005449
0.005388
0.002217
0.001272
0.007392
0.010627
0.001534
0.003639
0.001372
0.001557
0.008874
0.009756
0.001372
0.001557
0.005894
0.003943
0.008217
0.006460
0.008717
0.009052
0.001919
0.003790
0.006255
0.006392
0.008527
0.005387
0.008507
0.001970
0.006965
0.010378
0.002670
0.006185
0.006965
0.010378
0.004973
0.006203
0.002400
0.001786
0.002151
0.006100
0.005894
0.003943
0.007991
0.008755
0.011530
0.005553
0.011899
0.003885
238546.072867
0.011963
0.014454
0.005928
0.003381
0.008827
0.006865
0.009737
0.006865
0.009737
0.008337
0.006035
0.003132
0.010114
0.010718
0.010174
0.005942
0.009243
0.010260
0.012067
0.008345
0.006389
0.015505
0.009941
0.007240
0.004729
0.005243
0.012433
0.008253
0.014593
0.008790
185107.509890
650716.569417
607266.183301
0.007908
0.010954
0.011323
0.008730
0.009152
0.011470
0.003132
0.010114
0.008163
0.002477
0.004283
0.011785
0.009201
0.008837
0.014467
0.009268
0.010711
0.013251
0.014382
0.003076
0.011339
0.007548
0.007978
0.006021
0.014208
0.007087
0.009496
0.018377
0.008456
0.024855
0.006865
0.011209
0.006152
0.016464
0.016648
0.015542
0.006145
0.011440
0.013521
0.019273
692246.351976
0.012217
0.008093
0.013342
0.014188
0.013704
0.010088
0.008449
0.011018
0.014917
0.017446
0.008771
0.014862
0.015478
0.019745
0.010093
0.014188
0.013704
0.012745
0.008591
0.012745
0.008591
0.008669
0.015947
0.014705
0.006336
0.008215
0.016729
0.012237
0.010008
0.012557
0.012117
0.065588
0.008821
0.019745
0.010093
461784.690724
369486.275513
692246.351976
0.012217
0.016708
0.006804
0.008695
0.016642
0.011018
0.014917
0.025080
0.010405
0.007658
0.026235
0.020138
0.028463
0.017629
0.020980
0.013810
0.017275
0.011309
0.010498
0.012843
0.013295
0.013741
0.012207
0.008963
0.021577
0.018611
0.006731
0.015472
0.019199
423815.332292
91743.905894
0.014537
0.038321
0.012836
0.017330
0.018611
0.006731
0.006027
205291.959960
0.017738
0.013671
0.013741
0.012207
0.022450
766424.675796
0.006758
0.047895
0.018611
0.006731
0.014389
0.039580
0.010899
0.025406
0.010804
0.021314
0.018179
0.010786
0.027144
0.006260
0.010899
0.025406
0.025080
0.010405
0.010187
0.018654
0.010804
0.021314
0.054611
0.012897
0.011579
0.031977
0.030167
0.047885
0.034017
0.025692
0.020892
0.028425
0.016309
0.018601
0.022973
0.015317
0.020056
0.022385
0.017970
0.028875
0.051300
0.009613
0.024653
0.038946
349516.596338
188793.544127
0.023049
519325.241818
56961.684155
0.023719
0.051300
0.009613
0.008098
0.028834
0.028372
0.027840
0.020056
0.022385
78556.458448
308341.324404
0.030926
1.788289
0.051300
0.009613
0.029642
0.060763
0.024122
0.054669
0.010947
0.029356
0.024183
0.017649
0.043111
0.015622
0.024122
0.054669
0.054611
0.012897
0.013920
0.026617
0.010947
0.029356
0.040071
0.020222
0.015277
0.040780
0.041063
0.669154
0.038597
0.037092
0.025208
0.036570
0.022784
0.018710
0.025197
0.021077
0.032872
0.029691
0.044343
0.030327
0.040563
0.021722
0.033923
0.073718
455141.278305
0.065944
0.039479
0.051393
165519.655716
0.028768
0.040563
0.021722
0.014792
0.031400
0.039106
0.029040
0.032872
0.029691
135624.309840
737654.711979
0.049927
0.509165
0.040563
0.021722
0.046597
0.559761
514180.322100
0.083441
0.012020
15096.045545
0.041429
0.024324
0.064329
0.030652
514180.322100
0.083441
0.040071
0.020222
0.020404
0.043310
0.012020
15096.045545
0.057611
0.031397
0.019246
0.054092
0.056631
0.066308
0.049438
0.065201
466013.118906
345901.391616
0.029754
0.018175
0.027330
0.026996
0.054253
0.054245
438696.684765
155203.381704
0.067108
0.045043
0.042537
1.274693
131467.235115
283266.015628
0.049469
516732.883504
346040.187360
0.116447
0.067108
0.045043
0.016172
0.036109
0.052388
0.026825
0.054253
0.054245
544999.105164
592807.647240
608309.782279
0.498559
0.067108
0.045043
345765.342844
385808.840432
0.037588
0.089348
0.014366
420080.787797
0.056019
0.038047
304881.344349
0.045080
0.037588
0.089348
0.057611
0.031397
0.026312
0.063787
0.014366
420080.787797
