6.403689 4.509207
4.810063 2.947066
2.508133 1.987636
1.713185 1.558464
4.742919 3.447343
1.410897 1.235754
2.058584 1.697162
4.487025 3.949551
4.742919 3.447343
1.410897 1.235754
3.845967 1.685355
2.479677 2.284549
2.353663 1.747926
4.153675 2.637834
5.997552 4.993583
8.976146 5.827403
3.456865 2.814146
7.835226 7.974944
3.845967 1.685355
2.479677 2.284549
2.246167 1.699729
3.333024 2.732309
5.986524 6.051583
5.780200 5.868150
6.424898 4.451296
8.314522 6.770594
1.707347 1.485677
3.440763 2.438694
1.488321 1.407953
1.330201 1.259366
1.846163 1.740992
5.126531 4.241875
1.057458 1.181818
1.883536 1.706067
2.353663 1.747926
4.153675 2.637834
1.707347 1.485677
3.440763 2.438694
1.127204 1.203595
3.684707 2.930225
6.403689 4.509207
4.810063 2.947066
8.613554 4.708239
3.625137 4.058986
3.487749 2.381845
3.298246 2.569581
7.979106 5.419711
1.922311 1.529886
5.997552 4.993583
8.976146 5.827403
6.718663 4.668956
7.611619 3.907505
1.462222 1.411552
1.787111 1.475419
8.422535 9.095873
7.170182 6.264893
1.201568 1.448028
3.022324 2.366102
0.938176 0.971247
2.910942 2.212874
1.223768 1.302969
3.435320 2.629617
5.247444 4.963959
7.482349 4.927204
1.315401 1.342521
6.151075 4.350041
7.427229 5.249989
6.918160 6.043666
1.970835 1.799970
2.043569 1.818317
5.926878 3.835764
8.974034 5.860924
3.966834 4.675584
3.889413 3.413244
2.641701 2.243510
4.420345 3.904548
3.654041 2.941249
7.849660 4.358063
6.073090 6.326270
7.844816 6.823944
2.641701 2.243510
4.420345 3.904548
5.776199 5.656637
2.153324 1.972141
7.812185 4.926621
60.991454 14.688749
4.514473 3.527695
6.074129 4.343019
1.488033 1.469508
5.500816 5.783101
5.701921 2.315759
3.037688 2.588056
2.699590 2.096899
2.755310 2.022650
8.034351 5.416512
1.764548 1.682258
8.034351 5.416512
1.764548 1.682258
6.273227 6.000573
6.093606 6.053901
3.743213 3.387260
2.482475 1.779296
1.488033 1.469508
5.500816 5.783101
1.357459 1.699228
1.244920 1.394607
5.776199 5.656637
2.153324 1.972141
1.724955 1.514632
5.926817 5.494232
1.306358 1.272197
1.170169 1.219026
8.101835 8.220633
2.062084 1.815904
2.252957 1.987869
4.429542 3.748706
6.129047 5.859247
6.949450 3.982322
1.868359 1.749214
3.303193 2.417815
1.573284 1.476418
7.262820 5.736171
8.485093 9.414383
9.761422 8.385812
7.689647 6.495210
6.610661 5.775596
1.573284 1.476418
7.262820 5.736171
5.645041 4.437451
89.457315 23.409109
5.680384 4.908182
3.825534 3.188975
3.831175 2.568501
5.730748 6.497159
9.223115 5.707964
4.428365 3.608210
1.069396 1.225705
4.268651 3.708188
7.928564 4.223364
6.906159 5.840731
2.088963 1.843106
6.845260 5.461759
7.275720 4.448791
4.918836 4.100293
1.982984 1.648950
5.737043 3.586606
10.207372 5.939032
4.738727 2.975393
2.127695 1.887998
4.963953 3.891172
17.008624 8.295300
4.612332 3.174669
2.224271 1.752578
7.139298 6.066483
5.680675 6.569850
6.757196 5.519733
6.711053 4.146207
5.449463 4.813684
8.510326 6.228797
7.114684 4.701987
4.853050 3.573709
3.050885 2.762314
5.433869 3.601749
6.837071 6.960955
2.012141 2.025150
8.521680 5.139260
2.127695 1.887998
4.963953 3.891172
6.289839 5.726998
6.574900 6.345906
6.289839 5.726998
6.574900 6.345906
8.012847 5.370173
6.178052 3.858892
2.595811 2.015341
7.293873 4.689194
8.012847 5.370173
6.178052 3.858892
6.208304 4.862899
6.974428 5.004703
9.342027 8.990765
5.863259 7.395994
10.160442 7.164890
5.984106 4.567314
8.625301 6.588933
4.193733 3.577936
6.328555 5.783273
5.577268 5.111615
8.134654 3.864586
10.640482 3.366974
5.276110 4.713880
5.335021 5.255036
6.565555 5.014355
6.642877 4.899612
4.823049 4.918043
2.319153 1.983651
7.553487 6.237839
6.933180 6.154007
3.700647 2.747481
7.378632 4.327793
3.351947 2.516073
4.282610 2.666724
8.053692 5.711154
14.010087 8.569618
3.351947 2.516073
4.282610 2.666724
7.119744 5.295256
7.417187 8.315129
12.378677 6.578360
9.878785 5.682085
6.843629 7.207044
8.266955 6.680855
5.168854 3.987999
6.038531 6.285745
6.302945 4.173085
6.046066 4.846438
7.081307 5.369615
6.417962 4.493383
10.436791 6.764890
7.668078 6.816044
8.331379 4.222858
8.161513 5.490561
6.476127 5.575499
4.802398 3.667198
8.331379 4.222858
8.161513 5.490561
7.318577 5.706869
7.127143 6.015588
5.573486 3.662865
4.739109 2.991129
7.409654 5.605055
5.832793 3.831636
7.119744 5.295256
7.417187 8.315129
11.113900 8.227877
6.723716 5.681476
7.607086 5.814404
6.997107 5.096705
7.930456 5.050534
7.456574 5.506267
28.867871 28.016159
9.679861 6.232940
6.551103 5.464317
6.954799 7.887576
7.637491 8.496731
7.066931 3.803920
6.864844 6.161585
8.461715 7.598148
6.864844 6.161585
8.461715 7.598148
8.392308 5.818759
6.156833 4.546397
6.719691 4.474453
6.924264 5.210985
11.558424 7.415298
10.595751 6.628653
7.236936 4.848973
6.156631 6.006398
10.657617 7.612495
7.076369 6.358307
6.263795 5.463372
7.223706 5.728761
7.503435 5.813422
8.434370 8.172663
8.068538 6.237306
7.926054 9.082139
7.487035 9.094466
4.325744 3.015211
6.396048 5.707637
8.272325 6.055247
15.168957 6.262142
12.663744 23.744227
85.497401 19.828926
66.085738 13.031759
7.494248 4.984318
9.320829 6.766080
8.908498 5.815389
8.383711 6.257929
9.295564 6.843755
8.424139 6.648057
6.719691 4.474453
6.924264 5.210985
6.894005 4.414941
7.730360 5.055809
7.488685 6.217838
9.778015 6.005799
8.641507 6.549977
8.805331 6.991109
8.699192 8.080884
8.269967 6.480211
8.622464 6.773261
7.437349 7.463276
10.392972 7.511814
7.093063 6.136969
8.220678 7.107841
8.055176 6.678659
7.218603 6.361368
8.802879 6.001655
9.604016 7.254326
6.928494 4.808930
11.377753 6.634231
8.362995 6.497778
6.483349 5.235372
9.141328 4.759999
7.613395 4.453716
13.717585 10.532975
7.779967 6.081668
8.787020 7.732638
9.234992 6.049422
8.867644 7.280480
5.768185 4.866475
8.481187 5.171969
10.445669 7.859641
9.523733 8.744949
7.129771 5.476995
9.125872 5.604897
8.406245 7.104395
7.178754 4.947342
7.411497 6.789945
9.155009 8.968167
11.618978 11.683220
6.797945 5.885929
8.762704 6.746909
8.190606 6.494856
8.669024 5.749656
9.901160 5.705737
9.408558 8.729966
9.738201 7.102206
9.255683 4.983028
7.566767 6.154638
7.411497 6.789945
9.155009 8.968167
7.080242 5.955126
4.966970 4.659941
7.080242 5.955126
4.966970 4.659941
6.903321 6.184470
7.052849 5.628545
10.995930 6.588991
5.794244 4.281878
12.205475 8.825532
6.018391 5.509179
8.423209 5.567483
8.115257 7.114612
8.381945 7.099793
7.487512 7.265732
72.961338 9.199898
17.433363 15.274866
9.255683 4.983028
7.566767 6.154638
81.210433 25.810218
7.471731 11.424556
7.129771 5.476995
9.125872 5.604897
7.705965 5.556245
9.304036 6.345356
10.627244 4.926370
10.866098 6.932932
8.762704 6.746909
8.190606 6.494856
9.422603 5.462802
7.137887 6.327332
8.419727 6.137093
9.777200 7.719072
12.714770 9.742307
11.447905 11.309791
13.050955 9.640863
10.334311 9.314890
13.144911 8.849315
8.890054 8.307241
8.797566 8.081398
11.822835 8.117859
9.700616 9.644580
10.584901 8.133728
10.492122 8.708249
10.145129 9.479449
10.234829 7.572441
9.571750 8.347680
8.817908 8.042325
5.651838 4.584165
10.605588 8.014370
8.870738 8.707995
95.438518 12.642405
72.799482 18.081770
11.490134 7.566290
7.622204 5.298313
11.214788 8.188271
9.629762 6.491206
8.817908 8.042325
5.651838 4.584165
6.570664 4.132876
6.333397 4.971294
9.981155 10.120578
9.256212 8.032664
10.492122 8.708249
10.145129 9.479449
10.681638 3.761362
71.006862 122.380306
5.469214 4.042974
11.622386 5.830235
8.817908 8.042325
5.651838 4.584165
8.780154 6.225750
8.600107 5.586574
10.304007 8.837314
9.581109 19.245710
10.008416 6.879240
18.643699 10.187688
12.607413 8.422551
8.724944 9.013149
9.599306 5.499273
5.108291 4.192870
10.304007 8.837314
9.581109 19.245710
9.422603 5.462802
7.137887 6.327332
6.341470 5.867436
12.680667 8.391598
10.008416 6.879240
18.643699 10.187688
5.908532 4.210493
10.312188 7.504993
9.666951 6.510277
10.723098 8.144851
14.653125 10.879826
15.191116 11.054794
11.621444 9.156816
14.288865 15.435932
15.082429 13.193257
9.131436 7.410189
9.958673 8.728487
10.966123 10.998834
18.090454 14.770838
13.836711 10.692191
8.770327 8.309518
9.697148 10.722078
12.004421 5.839387
14.056043 7.198473
7.677799 6.023198
9.356178 7.381233
13.582829 9.108452
8.987049 6.573476
16.541261 6.076982
42.484252 44.958649
11.681148 9.398562
34.239990 14.948744
22.960323 10.056596
9.755190 7.926766
7.677799 6.023198
9.356178 7.381233
6.852254 5.964121
9.689568 7.241567
17.700498 11.360822
11.131851 7.666886
8.770327 8.309518
9.697148 10.722078
11.712382 7.794003
16.321202 54.381324
7.567491 5.189554
54.002527 12.962138
7.677799 6.023198
9.356178 7.381233
11.158779 7.735893
11.736002 6.067736
10.021135 7.644357
10.229925 6.794200
9.600621 8.014137
13.812553 7.969838
9.844736 11.547787
10.150825 10.075508
9.229318 7.145377
8.063069 8.230247
10.021135 7.644357
10.229925 6.794200
5.908532 4.210493
10.312188 7.504993
8.212337 7.731879
13.601744 8.522507
9.600621 8.014137
13.812553 7.969838
8.194965 6.062966
8.655969 8.651822
7.810452 6.663255
11.577662 9.615594
11.623442 11.435789
16.282220 9.007739
12.444624 9.505529
16.135871 13.312437
13.717035 8.195777
12.535445 9.250203
12.577854 7.649530
11.410159 10.149601
14.988328 12.609357
18.365121 15.701639
10.691472 7.166222
8.336653 7.611550
5.113582 4.165257
9.984298 5.939047
7.766302 6.455161
13.004407 9.248174
10.861975 11.521463
12.065548 9.214824
58.192945 22.279524
11.805517 8.122160
24.147831 55.651804
7.883722 5.011204
8.263142 5.543532
11.111138 8.230683
7.766302 6.455161
13.004407 9.248174
9.190399 9.182035
9.710702 7.300322
16.935276 15.091387
16.087447 9.726103
10.691472 7.166222
8.336653 7.611550
12.168420 6.849342
8.350129 7.399690
10.002815 6.920629
18.160630 4.659022
7.766302 6.455161
13.004407 9.248174
11.243585 6.711477
49.821105 10.265943
22.995312 21.075199
4.519741 3.326552
8.207924 8.407099
16.448578 23.478218
15.413528 8.883382
9.932446 6.663427
10.411057 7.194382
8.442876 5.322175
22.995312 21.075199
4.519741 3.326552
8.194965 6.062966
8.655969 8.651822
10.111999 9.905088
11.019535 8.348119
8.207924 8.407099
16.448578 23.478218
9.974522 7.425547
8.010460 8.834042
9.119567 6.945624
10.961373 7.827130
15.027907 12.564445
10.100199 8.851952
12.328066 5.520241
13.544587 14.074751
11.579699 9.356491
7.696962 4.855162
11.221303 9.185480
9.597490 6.182287
15.479569 13.672331
17.894694 12.057542
7.136783 5.255191
6.903078 5.372132
90.659643 7.800860
10.231973 7.187012
6.545080 7.273542
10.314279 11.774427
12.932112 11.835785
25.946322 15.157483
23.504388 32.726716
62.268116 23.191390
16.231408 9.735175
21.268711 9.221620
20.689767 34.966051
29.044806 8.730429
6.545080 7.273542
10.314279 11.774427
6.307297 5.665740
15.198167 12.872249
12.251159 8.934299
14.264583 12.213697
7.136783 5.255191
6.903078 5.372132
6.676326 9.474664
7.502542 6.660833
9.855456 10.782232
28.231853 7.566412
6.545080 7.273542
10.314279 11.774427
20.420539 15.143597
7.852783 4.713773
10.944781 15.042013
3.457609 3.172458
11.965862 9.664090
48.919141 9.819940
20.164169 9.233835
10.693694 9.681058
45.907748 23.313158
11.110230 6.877941
10.944781 15.042013
3.457609 3.172458
9.974522 7.425547
8.010460 8.834042
9.386595 13.079274
14.004125 8.019753
11.965862 9.664090
48.919141 9.819940
