0.002471 0.001152
0.002608 0.000983
0.001748 0.000569
0.001096 0.000447
0.002525 0.000910
0.001012 0.000402
0.001211 0.000450
0.002995 0.001117
0.002525 0.000910
0.001012 0.000402
0.001021 0.000419
0.002136 0.000660
0.001645 0.000551
0.001811 0.000686
0.002476 0.001010
0.003205 0.001399
0.001540 0.000600
0.002795 0.001247
0.001021 0.000419
0.002136 0.000660
0.001241 0.000460
0.001545 0.000674
0.004237 0.001549
0.002281 0.000913
0.002884 0.001135
0.003672 0.001739
0.001122 0.000416
0.001474 0.000633
0.000753 0.000371
0.000863 0.000358
0.001345 0.000472
0.002235 0.000911
0.000751 0.000346
0.001373 0.000475
0.001645 0.000551
0.001811 0.000686
0.001122 0.000416
0.001474 0.000633
0.000859 0.000366
0.002577 0.000796
0.002471 0.001152
0.002608 0.000983
0.003020 0.001193
0.001832 0.000803
0.001719 0.000608
0.001682 0.000594
0.003534 0.001907
0.001168 0.000443
0.002476 0.001010
0.003205 0.001399
0.003380 0.001290
0.003406 0.001146
0.000933 0.000388
0.001044 0.000403
0.004455 0.001952
0.002888 0.001325
0.000835 0.000367
0.002058 0.000667
0.000566 0.000294
0.001385 0.000586
0.000704 0.000349
0.001414 0.000546
0.002217 0.000845
0.003619 0.001707
0.000945 0.000384
0.003331 0.001316
0.004112 0.001291
0.002766 0.001182
0.001369 0.000486
0.001607 0.000531
0.004180 0.001218
0.004024 0.001411
0.001792 0.000839
0.001585 0.000688
0.001316 0.000527
0.001854 0.000766
0.002366 0.000860
0.003185 0.001214
0.004250 0.001544
0.004049 0.001512
0.001316 0.000527
0.001854 0.000766
0.002433 0.000926
0.001520 0.000516
0.003705 0.001289
0.045017 0.032005
0.004007 0.001177
0.003963 0.001363
0.000958 0.000404
0.002475 0.000945
0.002257 0.000737
0.003497 0.001035
0.001877 0.000617
0.002092 0.000628
0.003258 0.001658
0.001319 0.000479
0.003258 0.001658
0.001319 0.000479
0.004034 0.001465
0.002457 0.001160
0.002778 0.000847
0.001502 0.000506
0.000958 0.000404
0.002475 0.000945
0.001281 0.000503
0.000887 0.000369
0.002433 0.000926
0.001520 0.000516
0.001236 0.000450
0.002102 0.000834
0.000991 0.000387
0.000828 0.000358
0.003919 0.001862
0.001311 0.000476
0.001174 0.000479
0.001875 0.000701
0.003662 0.001870
0.003317 0.001211
0.001276 0.000437
0.001991 0.000666
0.001036 0.000439
0.003278 0.001474
0.004052 0.001931
0.004288 0.002106
0.003751 0.001710
0.002350 0.000938
0.001036 0.000439
0.003278 0.001474
0.003999 0.001423
0.404064 0.407953
0.004241 0.001465
0.003956 0.001011
0.001834 0.000637
0.003031 0.001387
0.003893 0.001380
0.003773 0.001140
0.000759 0.000348
0.001947 0.000803
0.004798 0.001151
0.004172 0.001253
0.001294 0.000517
0.003413 0.001604
0.004090 0.001278
0.004688 0.001213
0.001428 0.000499
0.002857 0.001205
0.003564 0.001147
0.002988 0.000911
0.001412 0.000492
0.004412 0.001138
0.003212 0.001113
0.002593 0.000821
0.001532 0.000496
0.002803 0.001235
0.002797 0.001233
0.004745 0.001532
0.003777 0.001187
0.003653 0.001120
0.005284 0.001874
0.004180 0.001150
0.001830 0.000678
0.001864 0.000747
0.003819 0.001091
0.002347 0.001061
0.001833 0.000568
0.003867 0.001641
0.001412 0.000492
0.004412 0.001138
0.004570 0.001481
0.002620 0.001113
0.004570 0.001481
0.002620 0.001113
0.004446 0.001575
0.004681 0.001180
0.001801 0.000598
0.003301 0.001434
0.004446 0.001575
0.004681 0.001180
0.004249 0.001434
0.002632 0.001103
0.004133 0.002117
0.002418 0.001169
0.005436 0.002014
0.003199 0.001383
0.004846 0.001407
0.001503 0.000562
0.002634 0.001201
0.003786 0.001687
0.004377 0.001101
0.004599 0.001218
0.002164 0.000880
0.005202 0.001424
0.004160 0.001718
0.003826 0.001152
0.002516 0.001081
0.001407 0.000513
0.004603 0.001083
0.005367 0.001731
0.001645 0.000618
0.003388 0.001470
0.001563 0.000631
0.001741 0.000642
0.005140 0.002089
0.006009 0.002559
0.001563 0.000631
0.001741 0.000642
0.004570 0.001752
0.003588 0.001785
0.004860 0.001483
0.004603 0.001668
0.004776 0.001431
0.005164 0.001486
0.002187 0.000819
0.003814 0.001796
0.004124 0.001358
0.004279 0.001171
0.004880 0.001251
0.004195 0.001340
0.005271 0.001281
0.002563 0.001420
0.004552 0.001144
0.005542 0.001326
0.002726 0.001115
0.004330 0.001144
0.004552 0.001144
0.005542 0.001326
0.003977 0.001404
0.004820 0.001813
0.002834 0.001000
0.002100 0.000655
0.002688 0.001192
0.004231 0.001082
0.004570 0.001752
0.003588 0.001785
0.004990 0.002085
0.004996 0.001261
0.004972 0.001680
0.004444 0.001549
0.005258 0.002086
0.003458 0.001592
1.248911 0.006015
0.006099 0.002390
0.005573 0.001588
0.004273 0.001796
0.003323 0.001422
0.004839 0.001302
0.004636 0.001057
0.005054 0.001830
0.004636 0.001057
0.005054 0.001830
0.004666 0.001250
0.004200 0.001171
0.003156 0.001275
0.005055 0.001880
0.005158 0.001815
0.005211 0.002031
0.004594 0.001886
0.004693 0.001467
0.005340 0.001848
0.005212 0.002007
0.004570 0.001100
0.004561 0.001238
0.005941 0.001996
0.004936 0.001826
0.004474 0.001192
0.004139 0.001915
0.003828 0.001786
0.005108 0.000899
0.004643 0.001334
0.005819 0.001696
0.005064 0.001451
0.114388 1.519258
0.034214 0.028002
1.208346 0.003172
0.004784 0.001222
0.005069 0.001577
0.005714 0.001637
0.004654 0.001504
0.005188 0.001605
0.006072 0.001867
0.003156 0.001275
0.005055 0.001880
0.004701 0.001391
0.003028 0.001280
0.003591 0.001432
0.005469 0.002583
0.004920 0.001623
0.005105 0.001635
0.005773 0.002344
0.004948 0.001580
0.005368 0.001997
0.005707 0.001751
0.005396 0.001722
0.003015 0.001035
0.005238 0.001708
0.004633 0.001458
0.004951 0.001863
0.004260 0.001381
0.005398 0.001876
0.004391 0.001150
0.005629 0.001852
0.006231 0.002156
0.004716 0.001193
0.005978 0.002208
0.004529 0.001270
0.006178 0.002488
0.004376 0.001325
0.005937 0.002106
0.005782 0.002302
0.006099 0.001911
0.004349 0.001233
0.005455 0.001539
0.005831 0.002255
0.006719 0.002179
0.258264 0.257366
0.005409 0.001673
0.004598 0.001341
0.005189 0.001673
0.005811 0.001913
0.006364 0.002159
0.005427 0.002448
0.004850 0.001296
0.005556 0.002247
0.005767 0.001491
0.005612 0.002025
0.004803 0.001175
0.006041 0.002153
0.005544 0.001887
0.006031 0.001668
0.005025 0.001611
0.005811 0.001913
0.006364 0.002159
0.005575 0.001712
0.004923 0.001596
0.005575 0.001712
0.004923 0.001596
0.004844 0.001416
0.005768 0.001461
0.006904 0.003022
0.004245 0.001102
0.005001 0.002033
0.005790 0.001935
0.005508 0.001727
0.005302 0.001306
0.005740 0.001703
0.005711 0.002003
0.032253 0.048250
0.004631 0.001556
0.006031 0.001668
0.005025 0.001611
0.020058 0.008407
0.067019 0.060096
0.258264 0.257366
0.005409 0.001673
0.005379 0.001459
0.005272 0.001664
0.004780 0.001090
0.006960 0.002322
0.005556 0.002247
0.005767 0.001491
0.006203 0.001670
0.004757 0.001429
0.004673 0.001486
0.007095 0.002207
0.006887 0.002548
0.007074 0.002451
0.007336 0.003110
0.006909 0.002104
0.006377 0.002535
0.006117 0.002191
0.005651 0.001763
0.005194 0.002663
0.006148 0.002387
0.006088 0.002432
0.006789 0.002751
0.005554 0.001836
0.005306 0.002170
0.007120 0.002227
0.006922 0.003249
0.004260 0.001253
0.005933 0.001900
0.006853 0.002727
1.281476 0.031106
3.566297 0.013012
0.006202 0.002098
0.006420 0.001972
0.005714 0.002536
0.006818 0.002662
0.006922 0.003249
0.004260 0.001253
0.004082 0.001153
0.047463 0.030402
0.005911 0.002864
0.005923 0.002277
0.006789 0.002751
0.005554 0.001836
0.030507 0.031996
0.405039 0.512082
0.004805 0.001330
0.008378 0.002687
0.006922 0.003249
0.004260 0.001253
0.005172 0.001975
0.007100 0.002006
0.005634 0.002083
0.006753 0.002339
0.005495 0.001398
0.007586 0.002868
0.006123 0.002770
0.005452 0.001661
0.007419 0.002349
0.004245 0.001005
0.005634 0.002083
0.006753 0.002339
0.006203 0.001670
0.004757 0.001429
0.004988 0.001664
0.006683 0.002366
0.005495 0.001398
0.007586 0.002868
0.007586 0.002321
0.007038 0.002772
0.005562 0.002155
0.007972 0.002547
0.009618 0.003293
0.009134 0.003203
0.008733 0.003492
0.009298 0.004238
0.007892 0.002906
0.007291 0.001906
0.006313 0.002235
0.006448 0.002479
0.006997 0.003114
0.006812 0.002667
0.007166 0.002376
0.006523 0.002300
0.006336 0.002863
0.007890 0.002244
0.006629 0.001809
0.005312 0.001958
0.007302 0.002709
0.007612 0.002411
0.311184 0.307028
0.058205 0.054346
0.006619 0.002341
0.676727 0.601393
0.024329 1.170276
0.008064 0.002585
0.006629 0.001809
0.005312 0.001958
0.005271 0.001534
0.008504 0.002987
0.008408 0.003675
0.006252 0.001985
0.007166 0.002376
0.006523 0.002300
0.046944 0.031662
0.021745 0.029759
0.006311 0.001664
0.971474 1.329068
0.006629 0.001809
0.005312 0.001958
0.007307 0.002365
0.007756 0.001712
0.007782 0.002817
0.008252 0.003261
0.005453 0.001916
0.007000 0.002526
0.007746 0.003327
0.006424 0.002144
0.007895 0.002396
0.006169 0.002107
0.007782 0.002817
0.008252 0.003261
0.007586 0.002321
0.007038 0.002772
0.005521 0.002216
0.007688 0.002331
0.005453 0.001916
0.007000 0.002526
0.007238 0.002000
0.007109 0.002558
0.005855 0.002184
0.007253 0.002083
0.008414 0.002868
0.127909 0.209840
0.008498 0.003338
0.008451 0.004064
0.008579 0.004298
0.006417 0.002031
0.008397 0.003409
0.006828 0.003395
0.006602 0.002962
0.007263 0.002716
0.006898 0.001943
0.006519 0.001807
0.006745 0.001666
0.007896 0.002716
0.006427 0.001579
0.007010 0.002949
0.007947 0.002971
0.008231 0.002271
0.033564 0.024909
0.008120 0.002473
0.008405 0.007883
0.007707 0.001330
0.290225 0.285264
0.006625 0.002439
0.006427 0.001579
0.007010 0.002949
0.006142 0.002607
0.009547 0.003938
0.009023 0.003631
0.007814 0.003198
0.006898 0.001943
0.006519 0.001807
0.034174 0.026113
0.239359 0.210787
0.007805 0.002205
0.147476 0.226700
0.006427 0.001579
0.007010 0.002949
0.007486 0.002313
0.197631 0.292882
6.311014 0.901329
0.006337 0.001345
0.005602 0.002691
0.026777 40.374507
0.010223 0.003040
0.007075 0.002969
0.007943 0.002335
0.006564 0.001700
6.311014 0.901329
0.006337 0.001345
0.007238 0.002000
0.007109 0.002558
0.006699 0.002273
0.007659 0.002401
0.005602 0.002691
0.026777 40.374507
0.007978 0.002603
0.006615 0.002095
0.006387 0.002017
0.007505 0.002751
0.008332 0.003105
0.007769 0.002633
0.007840 0.001989
0.008767 0.004237
0.524572 1.341285
0.084015 0.075128
0.007953 0.002557
0.007234 0.002380
0.007640 0.003493
0.007825 0.003419
0.006771 0.001664
0.007543 0.002442
40.820704 0.303903
0.024378 0.014828
0.007169 0.002204
0.008118 0.002685
0.008534 0.003198
0.529001 0.591139
0.080557 0.081895
0.493214 0.475435
0.008263 0.003070
0.172882 0.256810
0.018325 0.356793
0.500182 0.597876
0.007169 0.002204
0.008118 0.002685
0.006013 0.001625
0.008644 0.003875
0.007911 0.003314
0.008687 0.003245
0.006771 0.001664
0.007543 0.002442
0.031651 0.023678
0.048256 0.028471
13.242786 0.886881
0.064028 0.105929
0.007169 0.002204
0.008118 0.002685
0.601666 0.843124
0.316131 0.333126
0.009458 0.003847
0.005851 0.001029
0.006460 0.002269
0.044325 0.045682
0.010304 0.002411
0.006997 0.001914
0.492486 0.689700
0.007404 0.002385
0.009458 0.003847
0.005851 0.001029
0.007978 0.002603
0.006615 0.002095
0.006412 0.002367
0.008017 0.003520
0.006460 0.002269
0.044325 0.045682
